32.0000000 1.5000000
32.0000000 1.5000000
32.0000000 1.5000000
32.0000000 1.5000000
32.0000000 1.5000000
32.0000000 1.5000000
32.0000000 1.5000000
32.0000000 1.5000000
32.0000000 1.5000000
32.0000000 1.5000000
32.0000000 1.5000000
32.0000000 1.5000000
32.0000000 1.5000000
32.0000000 1.5000000
32.0000000 1.5000000
32.0000000 1.5000000
32.0000000 1.5000000
32.0000000 1.5000000
32.0000000 1.5000000
32.0000000 1.5000000
32.0000000 1.5000000
32.0000000 1.5000000
32.0000000 1.5000000
32.0000000 1.5000000
32.0000000 1.5000000
32.0000000 1.5000000
32.0000000 1.5000000
32.0000000 1.5000000
32.0000000 1.5000000
32.0000000 1.5000000
32.0000000 1.5000000
32.0000000 1.5000000
32.0000000 1.5000000
32.0000000 1.5000000
32.0000000 1.5000000
32.0000000 1.5000000
32.0000000 1.5000000
32.0000000 1.5000000
32.0000000 1.5000000
32.0000000 1.5000000
32.0000000 1.5000000
32.0000000 1.5000000
32.0000000 1.5000000
32.0000000 1.5000000
32.0000000 1.5000000
32.0000000 1.5000000
32.0000000 1.5000000
32.0000000 1.5000000
32.0000000 1.5000000
32.0000000 1.5000000
32.0000000 1.5000000
32.0000000 1.5000000
32.0000000 1.5000000
32.0000000 1.5000000
32.0000000 1.5000000
32.0000000 1.5000000
32.0000000 1.5000000
32.0000000 1.5000000
32.0000000 1.5000000
32.0000000 1.5000000
32.0000000 1.5000000
32.0000000 1.5000000
32.0000000 1.5000000
32.0000000 1.5000000
32.0000000 1.5000000
32.0000000 1.5000000
32.0000000 1.5000000
32.0000000 1.5000000
32.0000000 1.5000000
32.0000000 1.5000000
32.0000000 1.5000000
32.0000000 1.5000000
32.0000000 1.5000000
32.0000000 1.5000000
32.0000000 1.5000000
32.0000000 1.5000000
32.0000000 1.5000000
32.0000000 1.5000000
32.0000000 1.5000000
32.0000000 1.5000000
32.0000000 1.5000000
32.0000000 1.5000000
32.0000000 1.5000000
32.0000000 1.5000000
32.0000000 1.5000000
32.0000000 1.5000000
32.0000000 1.5000000
32.0000000 1.5000000
32.0000000 1.5000000
32.0000000 1.5000000
32.0000000 1.5000000
32.0000000 1.5000000
32.0000000 1.5000000
32.0000000 1.5000000
32.0000000 1.5000000
