HR025 2000 01 4 4.81903
HR025 2000 02 4 113.472
HR025 2000 03 4 93.2462
HR025 2000 04 5 6.94454
HR025 2000 05 5 83.29
HR025 2000 06 5 227.797
HR025 2000 07 5 355.743
HR025 2000 08 5 229.36
HR025 2000 09 5 51.7917
HR025 2000 10 5 2785.26
HR025 2000 11 5 13.2692
HR025 2000 12 2 2.24226
HR025 2001 01 2 12.9779
HR025 2001 02 2 394.834
HR025 2001 03 2 3.11126
HR025 2001 04 2 1.56595
HR025 2001 05 2 81.7555
HR025 2001 06 4 0.458843
HR025 2001 07 3 0.0591987
HR025 2001 08 3 41.0102
HR025 2001 09 5 2.39898
HR025 2001 10 5 4.08729
HR025 2001 11 5 12.0128
HR025 2002 01 5 1.93765
HR025 2002 02 5 224.404
HR025 2002 03 5 564.233
HR025 2002 04 5 634.104
HR025 2002 05 5 3.33082
HR025 2002 06 5 14.0889
HR025 2002 07 5 6.95871
HR025 2002 09 4 3506.96
HR025 2002 10 3 2.27612
HR025 2002 11 3 1.83035
HR025 2002 12 5 6.00866
HR025 2003 01 2 0.12136
HR025 2003 02 3 0.200897
HR025 2003 03 3 7.21119
HR025 2003 04 3 76.9651
HR025 2003 05 2 0.000757844
HR025 2003 06 2 495.632
HR025 2003 07 2 2.39046
HR025 2003 08 2 879.489
HR025 2003 09 2 2.57058
HR025 2003 10 5 0.909646
HR025 2003 11 4 7.87555
HR025 2003 12 3 0.396253
HR025 2004 01 4 2.5486
HR025 2004 02 2 0.0512387
HR025 2004 03 2 53.5092
HR025 2004 04 2 0.00539114
HR025 2004 05 2 5.86624
HR025 2004 06 3 1.19716
HR025 2004 07 3 71.344
HR025 2004 08 4 0.278604
HR025 2004 09 4 0.00333553
HR025 2004 11 2 0.23804
HR025 2005 01 2 0.872676
HR025 2005 03 2 21.4482
HR025 2005 04 2 108.9
HR025 2005 05 2 0.915502
HR025 2005 06 2 2.907
HR025 2005 07 2 0.33489
HR025 2005 08 2 0.00584991
HR025 2005 09 4 0.0346053
HR025 2005 10 2 0.00957312
HR025 2005 11 2 0.0911745
HR025 2006 01 3 2.34651
HR025 2006 02 3 36.2525
HR025 2006 03 3 16.8087
HR025 2006 04 3 53.5793
HR025 2006 05 2 0.000610989
HR025 2006 07 2 6.76429
HR025 2006 08 2 0.111967
HR025 2006 09 5 0.022457
HR025 2006 10 5 3.7765
HR025 2006 11 4 3.01665
HR025 2006 12 2 0.575655
HR026 1996 03 2 1.54865
HR026 1996 04 3 0.0136247
HR026 1996 06 5 0.109831
HR026 1997 02 2 0.0131495
HR026 1997 03 3 1.22085
HR026 1997 04 2 0.770788
HR026 1997 05 2 0.182471
HR026 1997 07 3 0.0419172
HR026 1997 10 5 0.474048
HR026 1998 02 4 4.06958
HR026 1998 03 3 8.13954
HR026 1998 04 3 3.87077
HR026 1998 08 4 1.72815
HR026 1999 05 2 0.00273507
HR026 2000 03 2 0.0712515
HR026 2000 06 2 0.433068
HR026 2000 08 4 14.2786
HR026 2000 10 4 86.5534
HR026 2001 02 2 0.0420372
HR026 2001 04 2 0.00173315
HR026 2001 12 2 0.501165
HR026 2002 03 3 1.49567
HR026 2002 06 2 0.133029
HR026 2002 07 4 0.48489
HR026 2003 03 4 9.68097
HR026 2003 04 3 10.8201
HR026 2003 07 2 1.97636
HR026 2003 09 2 0.152722
HR026 2004 04 2 0.577355
HR026 2004 07 2 0.0840335
HR026 2006 03 2 0.0223208
HR026 2006 04 3 0.824992
HR026 2006 05 2 0.00414231
HR026 2006 08 2 0.00734749
HR026 2006 11 2 0.013943
HR027 1996 03 2 30.6949
HR027 1996 04 2 597.092
HR027 1996 05 3 0.14049
HR027 1996 06 5 0.127813
HR027 1996 07 3 0.0736995
HR027 1996 08 3 0.436253
HR027 1996 11 5 3.54417
HR027 1997 02 5 65.5495
HR027 1997 03 5 217.97
HR027 1997 04 5 23.0601
HR027 1997 05 5 19.0852
HR027 1997 06 2 0.00100473
HR027 1997 07 3 0.376073
HR027 1997 09 3 0.539221
HR027 1997 10 2 7.60693
HR027 1997 11 2 0.0665275
HR027 1997 12 3 0.00159569
HR027 1998 01 3 2.49932
HR027 1998 02 161 3670.33
HR027 1998 03 88 1614.26
HR027 1998 04 88 448.327
HR027 1998 05 88 9.78486
HR027 1998 06 2 0.000908356
HR027 1998 07 4 0.182683
HR027 1998 08 4 124.862
HR027 1998 09 2 0.572205
HR027 1998 10 2 0.0072876
HR027 1998 11 2 1.31952
HR027 1999 01 5 0.551724
HR027 1999 02 5 0.285876
HR027 1999 03 5 181.694
HR027 1999 04 5 476.981
HR027 1999 05 4 42.4873
HR027 1999 06 2 2.57864
HR027 1999 07 5 8.26735
HR027 1999 08 5 17.6189
HR027 1999 09 2 0.237586
HR027 1999 10 2 2.25722
HR027 2000 02 2 284.734
HR027 2000 03 2 5608.4
HR027 2000 04 2 26.402
HR027 2000 05 2 16.061
HR027 2000 06 2 936.008
HR027 2000 07 2 450.129
HR027 2000 08 2 427.343
HR027 2000 09 2 26.239
HR027 2000 10 2 0.0574289
HR027 2000 12 4 1.1897
HR027 2001 02 4 68.2814
HR027 2001 03 4 4.96956
HR027 2001 04 4 0.2709
HR027 2001 05 4 0.0259466
HR027 2001 06 4 1.74026
HR027 2001 07 4 2.27258
HR027 2001 08 4 384.619
HR027 2001 09 4 0.290589
HR027 2001 12 2 0.118419
HR027 2002 01 2 43.7233
HR027 2002 02 2 996.781
HR027 2002 03 2 1996.27
HR027 2002 04 2 1885.59
HR027 2002 05 2 1.05517
HR027 2002 06 4 0.375696
HR027 2002 07 2 0.00744295
HR027 2002 09 2 23.39
HR027 2002 10 2 2.19024
HR027 2002 11 3 0.0125705
HR027 2003 03 3 73.5314
HR027 2003 04 3 132.754
HR027 2003 05 3 154.467
HR027 2003 06 5 2.09493
HR027 2003 07 5 64.276
HR027 2003 08 5 422.36
HR027 2003 09 5 0.39632
HR027 2003 10 2 0.0400989
HR027 2003 11 3 4.39228
HR027 2004 01 2 0.0363735
HR027 2004 02 2 2.69272
HR027 2004 03 5 2.82458
HR027 2004 04 5 11.0485
HR027 2004 05 2 0.0156083
HR027 2004 09 2 0.0016534
HR027 2005 01 2 80.3603
HR027 2005 03 2 61.6656
HR027 2005 04 2 89.1781
HR027 2005 05 3 0.157552
HR027 2005 06 3 10.774
HR027 2006 02 2 2.15724
HR027 2006 03 2 987.19
HR027 2006 04 2 1052.82
HR027 2006 05 3 10.3151
HR027 2006 06 2 0.292175
HR027 2006 07 5 5.24885
HR027 2006 08 2 2.82016
HR027 2006 10 3 0.766758
HR027 2006 11 5 426.805
HR027 2006 12 2 0.00210306
HR028 1996 03 2 28.4715
HR028 1996 04 2 44.8259
HR028 1996 05 2 1.77721
HR028 1996 06 2 0.451774
HR028 1996 07 2 34.4559
HR028 1996 08 5 12.7802
HR028 1996 11 5 0.51221
HR028 1997 02 5 23.2287
HR028 1997 03 5 193.335
HR028 1997 04 5 83.0724
HR028 1997 05 5 15.6944
HR028 1997 06 3 0.0269294
HR028 1997 07 2 0.485969
HR028 1997 08 2 0.247898
HR028 1997 09 3 26.2434
HR028 1997 10 3 7.9318
HR028 1997 11 3 5.07617
HR028 1998 01 4 0.00281198
HR028 1998 02 132 6775.61
HR028 1998 03 132 693.658
HR028 1998 04 132 702.501
HR028 1998 05 3 9.40989
HR028 1998 06 3 2.87274
HR028 1998 07 4 0.546556
HR028 1998 08 4 21.7525
HR028 1999 03 4 170.524
HR028 1999 04 4 114.727
HR028 1999 05 3 0.266672
HR028 1999 06 3 0.140944
HR028 1999 07 2 3.46653
HR028 1999 08 2 0.040884
HR028 2000 02 2 28.038
HR028 2000 03 2 788.012
HR028 2000 04 2 0.352774
HR028 2000 05 2 40.1157
HR028 2000 06 2 1675.34
HR028 2000 07 2 3721.07
HR028 2000 08 106 6920.62
HR028 2000 09 5 91.9228
HR028 2000 10 2 0.238935
HR028 2001 01 2 0.237713
HR028 2001 02 2 16.6878
HR028 2001 03 2 4.76017
HR028 2001 04 3 0.0291613
HR028 2001 05 5 0.844294
HR028 2001 06 2 0.0193789
HR028 2001 07 2 19.9229
HR028 2001 08 2 255.381
HR028 2001 09 4 6.14048
HR028 2001 10 4 2.6632
HR028 2001 11 3 0.00615297
HR028 2001 12 2 0.180834
HR028 2002 01 3 51.9254
HR028 2002 02 3 568.571
HR028 2002 03 115 1063.08
HR028 2002 04 115 1812.82
HR028 2002 05 3 0.0853377
HR028 2002 06 3 0.14618
HR028 2002 07 5 44.1838
HR028 2002 09 3 221.365
HR028 2002 10 2 0.0285642
HR028 2002 11 4 0.436489
HR028 2002 12 2 0.497319
HR028 2003 01 2 5.80534
HR028 2003 02 3 85.3886
HR028 2003 03 3 128.041
HR028 2003 04 3 181.607
HR028 2003 05 3 26.1795
HR028 2003 06 3 576.997
HR028 2003 07 3 68.4854
HR028 2003 08 3 471.986
HR028 2003 09 3 3.30002
HR028 2003 10 3 10.1411
HR028 2003 11 4 9.08105
HR028 2003 12 2 1.73066
HR028 2004 01 3 0.938563
HR028 2004 02 3 9.5564
HR028 2004 03 3 29.1316
HR028 2004 04 3 43.2363
HR028 2004 05 5 1.10698
HR028 2004 07 2 0.922822
HR028 2004 08 5 5.25159
HR028 2004 09 4 0.0171908
HR028 2005 01 5 16.2103
HR028 2005 03 5 35.3536
HR028 2005 04 5 90.1004
HR028 2005 05 5 66.7376
HR028 2005 06 5 15.5143
HR028 2005 07 4 7.18575
HR028 2005 09 2 0.0014192
HR028 2005 11 3 1.60728
HR028 2006 02 3 61.9264
HR028 2006 03 3 3912.49
HR028 2006 04 3 337.208
HR028 2006 05 4 1.23563
HR028 2006 06 5 110.583
HR028 2006 07 5 46.8559
HR028 2006 08 4 0.559211
HR028 2006 09 2 0.0109475
HR028 2006 10 3 3.38337
HR028 2006 11 3 5.96553
HR028 2006 12 3 11.5806
HR031 1996 01 3 7.7542
HR031 1996 02 3 2099.73
HR031 1996 03 3 76.3916
HR031 1996 04 3 86.6074
HR031 1996 05 3 6.24701
HR031 1996 06 3 1.50574
HR031 1996 07 3 18.923
HR031 1996 08 3 120.641
HR031 1996 10 2 0.000558328
HR031 1997 01 3 0.00176101
HR031 1997 02 3 61.3685
HR031 1997 03 3 12.4934
HR031 1997 04 3 37.819
HR031 1997 07 2 0.18908
HR031 1997 08 4 15.9398
HR031 1997 09 2 1.2328
HR031 1997 10 2 0.0738083
HR031 1998 01 2 0.00109146
HR031 1998 02 2 660.334
HR031 1998 03 2 498.592
HR031 1998 04 2 3.87605
HR031 1998 05 2 8.27671
HR031 1998 06 2 5.66954
HR031 1998 07 2 164.759
HR031 1998 08 2 86.6799
HR031 1998 09 2 102.375
HR031 1998 11 2 1.68156
HR031 1998 12 2 7.40894
HR031 1999 01 2 17.5531
HR031 1999 02 2 16.4804
HR031 1999 03 2 308.974
HR031 1999 04 2 45.7822
HR031 1999 05 2 0.0262712
HR031 1999 06 2 17.6701
HR031 1999 07 2 15.2434
HR031 1999 08 2 197.187
HR031 1999 09 2 130.608
HR031 1999 10 2 3.61297
HR031 1999 11 2 2.74725
HR031 1999 12 4 8.85634
HR031 2000 01 4 86.7223
HR031 2000 02 4 10.7548
HR031 2000 03 4 1139.37
HR031 2000 04 4 91.4086
HR031 2000 05 4 15.9419
HR031 2000 06 4 5259.75
HR031 2000 07 4 95.7446
HR031 2000 08 4 469.113
HR031 2000 09 5 2.83549
HR031 2000 12 3 0.582445
HR031 2001 01 4 3.37205
HR031 2001 02 4 46.483
HR031 2001 03 4 0.732059
HR031 2001 04 3 0.679569
HR031 2001 05 3 1.32968
HR031 2001 06 3 1.17549
HR031 2001 07 3 15.438
HR031 2001 08 3 127.716
HR031 2001 09 2 0.766712
HR031 2001 10 5 5.20078
HR031 2001 11 5 2.04868
HR031 2001 12 5 17.804
HR031 2002 01 5 58.0304
HR031 2002 02 5 688.45
HR031 2002 03 5 641.068
HR031 2002 04 5 1160.84
HR031 2002 05 3 3.40926
HR031 2002 06 5 7.17379
HR031 2002 07 5 594.122
HR031 2002 08 2 0.155288
HR031 2002 09 5 199.505
HR031 2002 10 4 9.98134
HR031 2002 11 2 0.0286236
HR031 2002 12 3 1.48091
HR031 2003 01 4 0.112542
HR031 2003 02 4 541.836
HR031 2003 03 4 225.395
HR031 2003 04 4 0.749272
HR031 2003 05 4 87.5825
HR031 2003 06 4 24.9112
HR031 2003 07 4 68.9842
HR031 2003 08 4 534.275
HR031 2003 09 4 35.875
HR031 2003 10 2 0.629046
HR031 2003 11 3 235.413
HR031 2003 12 3 23.3271
HR031 2004 01 3 1.9994
HR031 2004 02 4 7.50992
HR031 2004 03 4 4.80933
HR031 2004 04 3 1.30845
HR031 2004 05 4 0.915618
HR031 2004 06 4 7.68345
HR031 2004 07 4 41.7544
HR031 2004 08 4 4.42698
HR031 2004 09 4 0.144618
HR031 2004 11 3 4.02297
HR031 2004 12 4 0.0539076
HR031 2005 01 4 6.24253
HR031 2005 02 4 14.928
HR031 2005 03 4 6.58357
HR031 2005 04 4 29.2265
HR031 2005 05 5 0.573694
HR031 2005 06 5 2.99749
HR031 2005 07 2 0.000639186
HR031 2005 08 4 0.134688
HR031 2005 10 2 0.356762
HR031 2005 12 3 0.108812
HR031 2006 01 4 0.461223
HR031 2006 02 4 25.8954
HR031 2006 03 4 4.72063
HR031 2006 04 4 1.31728
HR031 2006 05 2 0.059034
HR031 2006 06 5 0.050734
HR031 2006 07 5 137.419
HR031 2006 08 4 0.212962
HR031 2006 09 3 0.0217249
HR031 2006 10 3 6.4674
HR031 2006 11 3 0.00713743
HR031 2006 12 4 0.232597
HR032 1996 01 3 79.4741
HR032 1996 03 3 561.826
HR032 1996 04 3 6.70603
HR032 1996 07 4 157.003
HR032 1996 08 3 4.47758
HR032 1997 01 3 0.0027554
HR032 1997 02 3 6.4351
HR032 1997 03 3 265.687
HR032 1997 04 3 10.073
HR032 1997 05 3 3.16912
HR032 1997 07 3 0.0982448
HR032 1997 08 4 33.6217
HR032 1997 09 2 12.6088
HR032 1997 10 3 67.4239
HR032 1998 01 3 0.225539
HR032 1998 02 3 711.616
HR032 1998 03 3 811.493
HR032 1998 04 3 65.6202
HR032 1998 05 5 36.0626
HR032 1998 06 3 8.02453
HR032 1998 07 3 37.0792
HR032 1998 08 3 530.048
HR032 1998 09 3 13.5347
HR032 1998 10 3 0.592341
HR032 1998 11 3 166.276
HR032 1999 01 3 0.25475
HR032 1999 03 3 781.054
HR032 1999 04 3 127.4
HR032 1999 06 2 0.116477
HR032 1999 07 2 11.4312
HR032 1999 08 2 30.741
HR032 1999 09 3 0.164798
HR032 1999 10 5 10.1027
HR032 1999 12 2 19.3856
HR032 2000 01 2 7.56794
HR032 2000 02 2 2.03437
HR032 2000 03 2 1321.72
HR032 2000 04 2 7.67367
HR032 2000 05 2 11.0254
HR032 2000 06 2 473.386
HR032 2000 07 2 139.445
HR032 2000 08 2 896.107
HR032 2000 09 2 380.527
HR032 2000 11 3 35.1664
HR032 2000 12 2 0.0873954
HR032 2001 02 2 21.8135
HR032 2001 03 3 28.8662
HR032 2001 04 4 0.265109
HR032 2001 05 2 0.00144095
HR032 2001 06 2 0.164159
HR032 2001 07 2 34.7248
HR032 2001 08 2 87.2604
HR032 2001 09 2 24.8171
HR032 2001 10 2 0.0033772
HR032 2001 11 3 1.181
HR032 2001 12 3 4.5238
HR032 2002 01 3 26.6076
HR032 2002 02 3 56.7753
HR032 2002 03 3 2752.95
HR032 2002 04 3 1467.33
HR032 2002 05 2 0.514616
HR032 2002 06 4 2.4997
HR032 2002 07 4 257.408
HR032 2002 08 4 15.5357
HR032 2002 10 2 0.247238
HR032 2002 11 3 0.683176
HR032 2002 12 2 0.00751722
HR032 2003 01 3 0.00644822
HR032 2003 02 5 1.49508
HR032 2003 03 5 164.725
HR032 2003 04 5 2010.9
HR032 2003 05 5 115.658
HR032 2003 06 5 42.7243
HR032 2003 07 5 817.148
HR032 2003 08 5 854.066
HR032 2003 09 5 18.7396
HR032 2003 10 3 0.0598428
HR032 2003 11 2 3.408
HR032 2003 12 2 146.24
HR032 2004 02 4 62.5188
HR032 2004 03 3 158.054
HR032 2004 04 3 25.2435
HR032 2004 05 5 2.8512
HR032 2004 06 4 4.76929
HR032 2004 07 4 27.7494
HR032 2004 08 4 20.7894
HR032 2004 09 4 3.09442
HR032 2004 12 3 5.49377
HR032 2005 01 3 54.1073
HR032 2005 02 2 2.1337
HR032 2005 03 2 50.1246
HR032 2005 04 2 89.8842
HR032 2005 05 2 3.31399
HR032 2005 06 5 2.38981
HR032 2005 07 3 0.354756
HR032 2005 08 3 0.00402428
HR032 2005 10 2 3.94143
HR032 2006 01 3 0.020814
HR032 2006 02 3 6.9553
HR032 2006 03 3 187.504
HR032 2006 04 3 15.101
HR032 2006 05 3 1.53163
HR032 2006 06 2 0.00691677
HR032 2006 07 2 364.993
HR032 2006 08 3 0.402627
HR032 2006 09 2 0.412337
HR032 2006 10 5 0.33806
HR032 2006 11 4 19.7895
HR032 2006 12 2 0.0445156
HR033 1996 01 2 27.5777
HR033 1996 02 2 750.763
HR033 1996 03 2 119.26
HR033 1996 04 2 158.427
HR033 1996 05 3 6.07626
HR033 1996 06 3 252.12
HR033 1996 07 133 6461.54
HR033 1996 08 99 2150.49
HR033 1996 09 99 0.354704
HR033 1996 10 4 0.0020262
HR033 1996 12 2 0.00829584
HR033 1997 01 2 1.57658
HR033 1997 02 2 154.103
HR033 1997 03 92 953.896
HR033 1997 04 92 120.119
HR033 1997 05 92 42.5307
HR033 1997 06 92 250.255
HR033 1997 07 83 188.948
HR033 1997 08 94 585.405
HR033 1997 09 94 9125.77
HR033 1997 10 94 561.839
HR033 1997 11 94 29.4418
HR033 1997 12 94 12.408
HR033 1998 01 5 0.143428
HR033 1998 02 5 2758.89
HR033 1998 03 5 824.682
HR033 1998 04 5 50.4688
HR033 1998 05 5 6.00273
HR033 1998 06 5 12.578
HR033 1998 07 5 1234.88
HR033 1998 08 134 947.92
HR033 1998 09 134 1900.53
HR033 1998 10 4 3.38179
HR033 1998 11 4 16.054
HR033 1998 12 4 47.9582
HR033 1999 01 4 0.884876
HR033 1999 02 5 1.03866
HR033 1999 03 5 53.0918
HR033 1999 04 5 45.6062
HR033 1999 05 5 0.644697
HR033 1999 06 5 38.7167
HR033 1999 07 83 174.993
HR033 1999 08 162 866.038
HR033 1999 09 128 278.904
HR033 1999 10 128 249.659
HR033 1999 11 128 3.74269
HR033 1999 12 128 11.6787
HR033 2000 01 128 84.9694
HR033 2000 02 128 350.789
HR033 2000 03 128 4774.41
HR033 2000 04 5 2.27762
HR033 2000 05 5 44.5477
HR033 2000 06 88 803.099
HR033 2000 07 98 331.864
HR033 2000 08 175 13935.3
HR033 2000 09 175 935.063
HR033 2000 10 175 51.8832
HR033 2000 11 4 33.8269
HR033 2000 12 5 0.75543
HR033 2001 01 4 1.93228
HR033 2001 02 4 53.3612
HR033 2001 03 4 0.24681
HR033 2001 04 5 1.39316
HR033 2001 05 5 27.6553
HR033 2001 06 5 28.2464
HR033 2001 07 87 619.379
HR033 2001 08 122 559.017
HR033 2001 09 122 2067.57
HR033 2001 10 122 78.4414
HR033 2001 11 122 3334.34
HR033 2001 12 122 37.7305
HR033 2002 01 122 237.388
HR033 2002 02 122 168.114
HR033 2002 03 122 409.586
HR033 2002 04 122 1020.61
HR033 2002 05 122 6.19382
HR033 2002 06 122 16.3652
HR033 2002 07 122 2660.67
HR033 2002 08 122 168.543
HR033 2002 09 122 2704.09
HR033 2002 10 122 16.8363
HR033 2002 11 122 64.2808
HR033 2002 12 122 4.02065
HR033 2003 01 122 1.794
HR033 2003 02 122 542.572
HR033 2003 03 122 247.491
HR033 2003 04 122 77.3528
HR033 2003 05 122 468.201
HR033 2003 06 122 546.236
HR033 2003 07 87 3452.14
HR033 2003 08 121 1847.9
HR033 2003 09 121 57.9906
HR033 2003 10 121 32.7972
HR033 2003 11 121 91.5448
HR033 2003 12 121 50.0962
HR033 2004 01 121 59.3855
HR033 2004 02 121 78.9224
HR033 2004 03 121 41.0486
HR033 2004 04 121 4.53248
HR033 2004 05 121 2.74984
HR033 2004 06 121 53.9011
HR033 2004 07 121 230.825
HR033 2004 08 121 175.3
HR033 2004 09 121 421.198
HR033 2004 10 4 0.00680452
HR033 2004 11 4 4.28391
HR033 2004 12 4 16.5609
HR033 2005 01 4 196.909
HR033 2005 02 4 254.475
HR033 2005 03 4 133.715
HR033 2005 04 4 66.9323
HR033 2005 05 4 13.7648
HR033 2005 06 4 304.101
HR033 2005 07 4 16.6969
HR033 2005 08 4 0.310439
HR033 2005 09 4 0.936117
HR033 2005 10 4 9.72757
HR033 2005 11 3 0.0038175
HR033 2005 12 3 7.80802
HR033 2006 01 3 11.1241
HR033 2006 02 3 177.6
HR033 2006 03 3 40.8664
HR033 2006 04 3 118.133
HR033 2006 05 3 0.885908
HR033 2006 06 3 26.0993
HR033 2006 07 106 1156.89
HR033 2006 08 106 29.0984
HR033 2006 09 106 9.63325
HR033 2006 10 106 532.358
HR033 2006 11 106 29.1728
HR033 2006 12 106 369.183
HR034 1996 01 106 8.32278
HR034 1996 02 106 30.9789
HR034 1996 03 106 420.675
HR034 1996 04 5 2.60064
HR034 1996 05 5 2.30604
HR034 1996 06 5 987.69
HR034 1996 07 113 3264.02
HR034 1996 08 113 230.624
HR034 1996 10 4 0.00873896
HR034 1997 01 4 0.024006
HR034 1997 02 4 314.12
HR034 1997 03 4 92.0057
HR034 1997 04 4 34.3077
HR034 1997 05 4 2.58414
HR034 1997 06 4 4.83679
HR034 1997 07 4 407.261
HR034 1997 08 4 379.728
HR034 1997 09 4 1325.82
HR034 1997 10 4 85.588
HR034 1997 12 4 0.456925
HR034 1998 01 4 2.11836
HR034 1998 02 4 2228.19
HR034 1998 03 4 588.288
HR034 1998 04 4 181.625
HR034 1998 05 4 13.0063
HR034 1998 06 4 14.2494
HR034 1998 07 4 3208.46
HR034 1998 08 84 311.576
HR034 1998 09 84 553.028
HR034 1998 10 84 36.0952
HR034 1998 11 4 2.73384
HR034 1998 12 4 26.096
HR034 1999 01 4 33.5773
HR034 1999 02 4 10.4966
HR034 1999 03 4 941.272
HR034 1999 04 4 127.398
HR034 1999 05 4 21.2136
HR034 1999 06 4 21.9685
HR034 1999 07 4 301.02
HR034 1999 08 152 1202.63
HR034 1999 09 152 218.491
HR034 1999 10 152 133.628
HR034 1999 11 152 7.21572
HR034 1999 12 152 59.5515
HR034 2000 01 152 805.563
HR034 2000 02 90 229.886
HR034 2000 03 90 2513.02
HR034 2000 04 90 4.40072
HR034 2000 05 90 258.234
HR034 2000 06 87 749.529
HR034 2000 07 119 2827.28
HR034 2000 08 170 2987.23
HR034 2000 09 170 40.612
HR034 2000 10 2 1.28783
HR034 2000 12 2 3.55441
HR034 2001 01 2 1.83793
HR034 2001 02 2 299.921
HR034 2001 03 2 302.295
HR034 2001 04 2 4.71163
HR034 2001 05 2 0.235232
HR034 2001 06 2 20.3207
HR034 2001 07 2 173.581
HR034 2001 08 122 708.556
HR034 2001 09 122 60.2233
HR034 2001 10 122 9.43779
HR034 2001 11 122 8.10573
HR034 2001 12 122 26.7735
HR034 2002 01 122 139.578
HR034 2002 02 122 225.105
HR034 2002 03 122 1052.98
HR034 2002 04 122 478.957
HR034 2002 05 122 10.142
HR034 2002 06 122 50.6708
HR034 2002 07 122 1733.12
HR034 2002 08 122 339.201
HR034 2002 09 122 438.175
HR034 2002 10 4 2.48707
HR034 2002 11 5 0.0812934
HR034 2002 12 4 0.314325
HR034 2003 01 4 0.707327
HR034 2003 02 99 466.573
HR034 2003 03 104 516.979
HR034 2003 04 104 1424.93
HR034 2003 05 104 959.744
HR034 2003 06 104 746.115
HR034 2003 07 104 45.5978
HR034 2003 08 116 1576.12
HR034 2003 09 116 19.6454
HR034 2003 10 116 7.17372
HR034 2003 11 116 196.108
HR034 2003 12 116 38.2255
HR034 2004 01 116 42.0948
HR034 2004 02 116 23.2784
HR034 2004 03 116 230.017
HR034 2004 04 116 38.8395
HR034 2004 05 3 1.6437
HR034 2004 06 3 11.1434
HR034 2004 07 3 1125.19
HR034 2004 08 3 503.308
HR034 2004 09 3 162.406
HR034 2004 10 3 10.3099
HR034 2004 11 4 0.326857
HR034 2004 12 4 5.57024
HR034 2005 01 4 250.993
HR034 2005 02 4 226.551
HR034 2005 03 4 52.6955
HR034 2005 04 4 47.9518
HR034 2005 05 4 0.840456
HR034 2005 06 4 78.335
HR034 2005 07 4 223.385
HR034 2005 08 4 0.542188
HR034 2005 09 4 1.22122
HR034 2005 10 4 9.79368
HR034 2005 11 4 33.6138
HR034 2005 12 4 1.5506
HR034 2006 01 4 11.594
HR034 2006 02 4 49.0503
HR034 2006 03 4 117.291
HR034 2006 04 4 32.4837
HR034 2006 05 3 0.00570348
HR034 2006 06 3 33.8024
HR034 2006 07 114 2205.7
HR034 2006 08 114 120.832
HR034 2006 09 114 15.5833
HR034 2006 10 114 62.3539
HR034 2006 11 114 35.833
HR034 2006 12 114 53.5626
HR035 1996 01 114 22.6334
HR035 1996 02 114 207.38
HR035 1996 03 114 700.781
HR035 1996 04 114 248.35
HR035 1996 05 114 73.0594
HR035 1996 06 114 80.6835
HR035 1996 07 143 1729.65
HR035 1996 08 143 523.856
HR035 1996 09 5 0.250732
HR035 1996 10 5 0.0167469
HR035 1996 12 5 0.0473724
HR035 1997 01 5 9.62671
HR035 1997 02 5 268.842
HR035 1997 03 103 804.225
HR035 1997 04 103 564.773
HR035 1997 05 103 28.1569
HR035 1997 06 103 116.014
HR035 1997 07 105 82.169
HR035 1997 08 104 210.033
HR035 1997 09 104 3380.61
HR035 1997 10 104 302.682
HR035 1997 11 104 1.46494
HR035 1997 12 104 0.342573
HR035 1998 01 104 1.87253
HR035 1998 02 104 1052.75
HR035 1998 03 95 786.507
HR035 1998 04 95 127.346
HR035 1998 05 95 47.4673
HR035 1998 06 95 14.6841
HR035 1998 07 95 740.992
HR035 1998 08 102 2636.83
HR035 1998 09 102 466.546
HR035 1998 10 102 14.4478
HR035 1998 11 102 118.548
HR035 1998 12 102 46.6011
HR035 1999 01 102 83.3568
HR035 1999 02 102 27.61
HR035 1999 03 102 1338.35
HR035 1999 04 102 786.335
HR035 1999 05 102 37.8477
HR035 1999 06 102 29.1591
HR035 1999 07 102 43.9871
HR035 1999 08 93 785.32
HR035 1999 09 93 126.746
HR035 1999 10 93 38.8905
HR035 1999 11 93 7.19783
HR035 1999 12 93 33.3975
HR035 2000 01 93 710.956
HR035 2000 02 93 138.394
HR035 2000 03 96 5074.49
HR035 2000 04 96 35.3047
HR035 2000 05 96 211.826
HR035 2000 06 108 5440.95
HR035 2000 07 135 1571.15
HR035 2000 08 217 2585.51
HR035 2000 09 217 221.698
HR035 2000 10 217 314.168
HR035 2000 11 217 1.37872
HR035 2000 12 217 5.2363
HR035 2001 01 217 73.7997
HR035 2001 02 217 188.111
HR035 2001 03 217 4.7878
HR035 2001 04 217 0.370705
HR035 2001 05 217 11.1358
HR035 2001 06 217 6.99849
HR035 2001 07 217 461.724
HR035 2001 08 144 325.628
HR035 2001 09 144 191.933
HR035 2001 10 144 4.50341
HR035 2001 11 144 54.0062
HR035 2001 12 144 28.7923
HR035 2002 01 144 28.1461
HR035 2002 02 144 24.437
HR035 2002 03 144 322.656
HR035 2002 04 144 686.903
HR035 2002 05 144 2737.64
HR035 2002 06 144 25.2238
HR035 2002 07 144 2377.8
HR035 2002 08 144 1004.07
HR035 2002 09 144 618.325
HR035 2002 10 144 14.0166
HR035 2002 11 144 6.85955
HR035 2002 12 4 2.34057
HR035 2003 01 4 2.06745
HR035 2003 02 4 132.765
HR035 2003 03 101 235.986
HR035 2003 04 101 284.861
HR035 2003 05 101 265.808
HR035 2003 06 101 1911.21
HR035 2003 07 95 822.381
HR035 2003 08 120 3842.35
HR035 2003 09 120 536.775
HR035 2003 10 120 41.5078
HR035 2003 11 120 147.04
HR035 2003 12 120 133.066
HR035 2004 01 120 130.562
HR035 2004 02 120 269.769
HR035 2004 03 120 88.0646
HR035 2004 04 120 2.54767
HR035 2004 05 120 4.02397
HR035 2004 06 120 9.1726
HR035 2004 07 120 477.33
HR035 2004 08 120 831.024
HR035 2004 09 85 342.596
HR035 2004 10 85 5.26223
HR035 2004 11 85 9.04068
HR035 2004 12 85 3.74524
HR035 2005 01 85 44.5576
HR035 2005 02 85 106.48
HR035 2005 03 85 185.104
HR035 2005 04 85 93.319
HR035 2005 05 85 87.7247
HR035 2005 06 85 319.709
HR035 2005 07 85 410.039
HR035 2005 08 85 3.24893
HR035 2005 09 85 2.25873
HR035 2005 10 85 0.713764
HR035 2005 11 85 0.298431
HR035 2005 12 85 6.97291
HR035 2006 01 85 19.9399
HR035 2006 02 85 247.191
HR035 2006 03 85 10.249
HR035 2006 04 85 2.73438
HR035 2006 05 85 0.510814
HR035 2006 06 85 45.9874
HR035 2006 07 87 571.334
HR035 2006 08 87 14.6321
HR035 2006 09 87 23.3692
HR035 2006 10 87 5.8468
HR035 2006 11 87 24.7718
HR035 2006 12 87 74.3308
HR036 1996 01 87 4.8792
HR036 1996 02 87 799.909
HR036 1996 03 99 419.216
HR036 1996 04 99 147.486
HR036 1996 05 2 0.00260188
HR036 1996 06 2 4.23516
HR036 1996 07 2 119.695
HR036 1996 08 2 68.6474
HR036 1996 09 2 0.230866
HR036 1996 10 2 0.000627226
HR036 1996 11 2 0.0052847
HR036 1996 12 3 0.00108454
HR036 1997 01 4 3.56079
HR036 1997 02 4 461.242
HR036 1997 03 102 340.772
HR036 1997 04 102 191.477
HR036 1997 05 102 1.8328
HR036 1997 06 102 0.558204
HR036 1997 07 102 24.8667
HR036 1997 08 102 1.6927
HR036 1997 09 102 451.701
HR036 1997 10 102 67.6978
HR036 1997 11 3 0.0415775
HR036 1998 01 3 0.395242
HR036 1998 02 3 5208.92
HR036 1998 03 113 863.503
HR036 1998 04 113 26.6765
HR036 1998 05 113 9.34766
HR036 1998 06 4 0.650468
HR036 1998 07 4 1503.74
HR036 1998 08 90 1759.25
HR036 1998 09 90 398.662
HR036 1998 10 3 1.3602
HR036 1998 11 3 349.396
HR036 1998 12 3 45.6079
HR036 1999 01 3 17.0196
HR036 1999 02 3 346.167
HR036 1999 03 3 781.259
HR036 1999 04 3 258.889
HR036 1999 05 5 4.51012
HR036 1999 06 5 16.4504
HR036 1999 07 5 87.2767
HR036 1999 08 5 621.594
HR036 1999 09 5 85.6211
HR036 1999 10 5 8.07051
HR036 1999 11 5 6.24111
HR036 1999 12 5 9.44626
HR036 2000 01 5 83.6838
HR036 2000 02 5 29.3997
HR036 2000 03 93 3495.56
HR036 2000 04 93 14.6205
HR036 2000 05 93 25.0199
HR036 2000 06 93 590.238
HR036 2000 07 93 368.809
HR036 2000 08 101 3470.18
HR036 2000 09 101 320.244
HR036 2000 10 101 89.0971
HR036 2000 11 2 0.00368764
HR036 2000 12 2 11.997
HR036 2001 01 5 1.51222
HR036 2001 02 5 53.182
HR036 2001 03 5 8.88657
HR036 2001 04 5 0.372804
HR036 2001 05 5 17.4225
HR036 2001 06 5 9.43781
HR036 2001 07 5 390.33
HR036 2001 08 118 291.507
HR036 2001 09 118 29.0048
HR036 2001 10 118 3.01452
HR036 2001 11 118 4.07074
HR036 2001 12 118 1375.29
HR036 2002 01 118 77.8906
