ITF34 2005 09 2 2.17038
ITF34 2005 10 2 2.70382
ITF34 2006 01 4 4.69703
ITF34 2006 02 4 37.6895
ITF34 2006 03 2 0.0391641
ITF34 2006 04 2 58.4017
ITF34 2006 05 3 3.8599
ITF34 2006 06 3 2.37274
ITF34 2006 07 5 62.4599
ITF34 2006 08 5 28.4969
ITF34 2006 09 5 64.7552
ITF34 2006 10 5 93.4723
ITF34 2006 11 3 5.93167
ITF35 1985 01 2 1.14172
ITF35 1985 02 2 86.8086
ITF35 1985 03 2 17.7382
ITF35 1985 04 2 39.219
ITF35 1985 05 4 3.03704
ITF35 1985 06 4 113.315
ITF35 1985 07 247 5021.78
ITF35 1985 08 358 4102.73
ITF35 1985 09 248 2580.24
ITF35 1985 10 135 1765.88
ITF35 1985 11 2 3.60486
ITF35 1985 12 5 4.1168
ITF35 1986 04 4 4.6498
ITF35 1986 05 4 2.5078
ITF35 1986 06 4 123.006
ITF35 1986 07 4 28.0711
ITF35 1986 08 125 884.327
ITF35 1986 09 191 567.674
ITF35 1986 10 191 29.636
ITF35 1986 11 3 7.01398
ITF35 1986 12 2 3.97029
ITF35 1987 01 2 0.449596
ITF35 1987 02 4 2.01479
ITF35 1987 03 4 112.284
ITF35 1987 04 4 164.451
ITF35 1987 05 4 47.8761
ITF35 1987 06 4 8.83914
ITF35 1987 07 4 278.31
ITF35 1987 08 162 680.984
ITF35 1987 09 162 116.804
ITF35 1987 10 162 202.065
ITF35 1988 02 2 1.92896
ITF35 1988 03 4 2.61886
ITF35 1988 04 4 22.8233
ITF35 1988 05 4 6.01903
ITF35 1988 06 5 8.73812
ITF35 1988 07 110 742.001
ITF35 1988 08 272 3839.24
ITF35 1988 09 123 1127.84
ITF35 1988 10 2 2.46494
ITF35 1988 12 2 23.4722
ITF35 1989 01 2 90.9525
ITF35 1989 02 2 264.29
ITF35 1989 03 2 205.675
ITF35 1989 04 2 27.5998
ITF35 1989 05 4 1.96854
ITF35 1989 06 5 8.93494
ITF35 1989 07 5 114.707
ITF35 1989 08 98 323.144
ITF35 1989 09 98 136.229
ITF35 1989 10 98 63.238
ITF35 1989 11 2 7.59234
ITF35 1989 12 2 55.0675
ITF35 1990 01 2 107.833
ITF35 1990 02 2 26.6965
ITF35 1990 03 2 141.233
ITF35 1990 05 3 4.19801
ITF35 1990 06 3 116.404
ITF35 1990 07 199 2187.17
ITF35 1990 08 170 974.987
ITF35 1990 09 93 1193.08
ITF35 1990 10 93 116.229
ITF35 1990 11 2 5.0697
ITF35 1990 12 2 0.130176
ITF35 1991 01 2 56.9147
ITF35 1991 02 2 51.4938
ITF35 1991 03 2 831.782
ITF35 1991 04 5 6.72721
ITF35 1991 06 5 17.6317
ITF35 1991 07 5 192.758
ITF35 1991 08 238 1653.48
ITF35 1991 09 166 926.927
ITF35 1991 10 166 152.625
ITF35 1991 11 2 0.823857
ITF35 1991 12 2 9.12882
ITF35 1992 01 2 86.3827
ITF35 1992 02 2 115.14
ITF35 1992 03 2 769.265
ITF35 1992 04 2 58.264
ITF35 1992 05 5 13.5352
ITF35 1992 06 5 56.9915
ITF35 1992 07 5 23.6689
ITF35 1992 08 247 1413.02
ITF35 1992 09 289 1590.12
ITF35 1992 10 2 2.0828
ITF35 1992 11 2 3.4824
ITF35 1992 12 2 9.6184
ITF35 1993 01 2 0.999768
ITF35 1993 02 2 361.259
ITF35 1993 03 2 75.3389
ITF35 1993 04 2 91.602
ITF35 1993 06 2 54.2315
ITF35 1993 07 251 6033.5
ITF35 1993 08 484 7718.89
ITF35 1993 09 110 1121.59
ITF35 1993 10 110 96.3528
ITF35 1993 11 2 0.048362
ITF35 1994 01 2 0.959019
ITF35 1994 02 3 8.32687
ITF35 1994 03 3 238.884
ITF35 1994 04 3 76.2761
ITF35 1994 05 2 0.2956
ITF35 1994 06 2 13.3691
ITF35 1994 07 2 73.8274
ITF35 1994 08 159 609.086
ITF35 1994 09 91 982.644
ITF35 1994 10 91 272.048
ITF35 1994 11 3 3.61057
ITF35 1994 12 3 27.039
ITF35 1995 01 3 23.398
ITF35 1995 02 3 10.2542
ITF35 1995 03 3 8.87176
ITF35 1995 04 3 65.1894
ITF35 1995 05 3 6.60517
ITF35 1995 06 3 4.90974
ITF35 1995 07 3 181.29
ITF35 1995 08 3 314.534
ITF35 1995 09 3 9.9237
ITF35 1995 10 3 148.054
ITF35 1995 11 3 72.8722
ITF35 1996 01 3 36.8007
ITF35 1996 02 5 7.66194
ITF35 1996 03 5 70.9355
ITF35 1996 04 5 35.2985
ITF35 1996 05 4 3.50486
ITF35 1996 06 4 27.8113
ITF35 1996 07 178 831.104
ITF35 1996 08 307 599.045
ITF35 1996 09 307 112.379
ITF35 1996 10 3 4.6088
ITF35 1996 11 3 284.419
ITF35 1997 01 3 3.26096
ITF35 1997 02 3 23.6482
ITF35 1997 03 3 322.929
ITF35 1997 04 3 55.003
ITF35 1997 05 3 25.4072
ITF35 1997 06 3 223.178
ITF35 1997 07 149 2001.52
ITF35 1997 08 166 1369.13
ITF35 1997 09 166 220.806
ITF35 1997 10 166 115.89
ITF35 1997 12 2 0.268128
ITF35 1998 01 2 2.27336
ITF35 1998 02 2 24.6232
ITF35 1998 03 2 57.4145
ITF35 1998 04 2 35.141
ITF35 1998 06 4 5.01602
ITF35 1998 07 4 490.192
ITF35 1998 08 4 833.843
ITF35 1998 09 4 5.37624
ITF35 1999 01 4 5.3161
ITF35 1999 02 4 11.7693
ITF35 1999 03 4 24.2719
ITF35 1999 04 4 17.3562
ITF35 1999 05 3 0.586665
ITF35 1999 07 3 62.7673
ITF35 1999 08 3 665.565
ITF35 1999 09 4 6.1104
ITF35 1999 10 4 44.4443
ITF35 1999 11 4 267.657
ITF35 2000 01 4 32.089
ITF35 2000 02 4 17.0928
ITF35 2000 03 4 27.4032
ITF35 2000 04 2 5.40318
ITF35 2000 05 2 1.1499
ITF35 2000 06 2 24.8501
ITF35 2000 07 2 477.545
ITF35 2000 08 136 1958.54
ITF35 2000 09 136 638.506
ITF35 2000 10 5 14.1527
ITF35 2000 11 4 18.006
ITF35 2000 12 3 6.23855
ITF35 2001 02 3 15.7712
ITF35 2001 03 3 58.4244
ITF35 2001 04 4 12.7732
ITF35 2001 05 4 10.6626
ITF35 2001 06 4 20.8488
ITF35 2001 07 82 285.909
ITF35 2001 08 178 1135.08
ITF35 2001 09 178 64.5465
ITF35 2001 10 178 177.154
ITF35 2001 11 178 345.172
ITF35 2001 12 4 5.17293
ITF35 2002 01 4 11.9712
ITF35 2002 02 4 92.13
ITF35 2002 03 4 790.563
ITF35 2002 04 4 3.24128
ITF35 2002 05 4 5.12216
ITF35 2002 06 5 4.08712
ITF35 2002 07 5 11.6496
ITF35 2002 08 5 20.5602
ITF35 2002 09 2 0.853758
ITF35 2002 10 4 5.95066
ITF35 2002 11 5 19.7005
ITF35 2003 01 4 3.45338
ITF35 2003 02 4 19.8505
ITF35 2003 03 4 61.2943
ITF35 2003 04 4 73.9409
ITF35 2003 05 4 26.031
ITF35 2003 06 4 30.846
ITF35 2003 07 153 977.388
ITF35 2003 08 136 591.38
ITF35 2003 09 136 266.036
ITF35 2003 10 136 2.00355
ITF35 2003 11 5 4.23474
ITF35 2003 12 4 2.71578
ITF35 2004 01 5 2.05269
ITF35 2004 02 5 44.0473
ITF35 2004 03 5 12.3056
ITF35 2004 04 5 2.55325
ITF35 2004 05 4 6.65165
ITF35 2004 06 4 0.55232
ITF35 2004 07 4 186.663
ITF35 2004 08 168 886.949
ITF35 2004 09 100 345.525
ITF35 2004 10 100 39.8175
ITF35 2004 11 100 3.81787
ITF35 2004 12 5 2.97858
ITF35 2005 01 5 32.6393
ITF35 2005 02 5 13.6792
ITF35 2005 03 5 45.4594
ITF35 2005 04 5 89.5787
ITF35 2005 05 5 18.9159
ITF35 2005 06 5 4.80458
ITF35 2005 07 5 269.982
ITF35 2005 08 117 451.348
ITF35 2005 09 117 57.6742
ITF35 2005 10 3 2.23477
ITF35 2006 01 3 15.122
ITF35 2006 02 3 16.1257
ITF35 2006 04 3 17.7148
ITF35 2006 05 4 4.66873
ITF35 2006 06 4 60.2755
ITF35 2006 07 4 49.13
ITF35 2006 08 4 70.2074
ITF35 2006 09 4 189.837
ITF35 2006 10 4 51.6701
ITF35 2006 11 3 4.54177
ITF35 2006 12 3 4.55826
ITF41 1985 01 2 0.273612
ITF41 1985 02 2 0.519645
ITF41 1985 03 3 3.2168
ITF41 1985 04 3 25.9918
ITF41 1985 05 3 0.0468791
ITF41 1985 06 3 363.464
ITF41 1985 07 145 4070.1
ITF41 1985 08 155 2351.63
ITF41 1985 09 155 256.624
ITF41 1985 10 155 83.5892
ITF41 1985 12 3 3.19103
ITF41 1986 03 2 0.404237
ITF41 1986 04 4 8.50738
ITF41 1986 05 5 1.43219
ITF41 1986 06 5 152.181
ITF41 1986 07 5 130.634
ITF41 1986 08 5 164.423
ITF41 1986 09 5 163.846
ITF41 1986 10 5 26.3403
ITF41 1986 12 2 1.10436
ITF41 1987 02 2 4.59334
ITF41 1987 03 4 6.512
ITF41 1987 04 5 25.9088
ITF41 1987 05 4 2.31144
ITF41 1987 06 4 1.78415
ITF41 1987 07 4 245.409
ITF41 1987 08 4 729.512
ITF41 1987 09 4 443.583
ITF41 1987 10 4 10.6152
ITF41 1988 03 2 4.84391
ITF41 1988 04 2 5.57164
ITF41 1988 05 3 1.67956
ITF41 1988 06 3 40.7269
ITF41 1988 07 125 3781.09
ITF41 1988 08 144 7159.7
ITF41 1988 09 144 535.257
ITF41 1988 10 3 5.32777
ITF41 1989 01 3 7.99277
ITF41 1989 02 3 10.869
ITF41 1989 03 2 2.44112
ITF41 1989 04 2 4.37741
ITF41 1989 05 2 11.2653
ITF41 1989 06 3 4.88058
ITF41 1989 07 3 116.546
ITF41 1989 08 3 72.2687
ITF41 1989 09 5 9.72411
ITF41 1990 02 2 6.38122
ITF41 1990 03 2 102.309
ITF41 1990 05 3 0.959149
ITF41 1990 06 3 121.058
ITF41 1990 07 89 1720.71
ITF41 1990 08 89 1659.6
ITF41 1990 09 89 193.885
ITF41 1990 10 4 46.6024
ITF41 1990 11 2 0.950838
ITF41 1991 02 3 1.49542
ITF41 1991 03 3 103.958
ITF41 1991 04 2 0.588928
ITF41 1991 05 2 7.80382
ITF41 1991 06 2 304.621
ITF41 1991 07 2 1583.29
ITF41 1991 08 2 880.595
ITF41 1991 09 2 46.9224
ITF41 1991 10 2 71.6183
ITF41 1992 03 2 30.3888
ITF41 1992 04 4 11.9729
ITF41 1992 05 4 10.9959
ITF41 1992 06 4 9.92118
ITF41 1992 07 4 314.768
ITF41 1992 08 106 1342.01
ITF41 1992 09 106 606.067
ITF41 1992 10 106 3.89287
ITF41 1992 11 4 5.64528
ITF41 1993 03 4 11.2377
ITF41 1993 04 5 63.6024
ITF41 1993 05 3 5.2455
ITF41 1993 06 3 240.739
ITF41 1993 07 3 1031.33
ITF41 1993 08 106 4611.24
ITF41 1993 09 106 88.296
ITF41 1993 10 5 8.98194
ITF41 1993 12 2 15.5784
ITF41 1994 03 2 1.906
ITF41 1994 04 3 18.0478
ITF41 1994 05 2 0.441406
ITF41 1994 06 2 63.5458
ITF41 1994 07 2 183.242
ITF41 1994 08 2 506.145
ITF41 1994 09 2 407.176
ITF41 1994 10 2 15.3605
ITF41 1995 02 2 0.0052502
ITF41 1995 03 3 2.88658
ITF41 1995 05 5 12.3787
ITF41 1995 06 5 25.3019
ITF41 1995 07 5 141.39
ITF41 1995 08 5 38.5501
ITF41 1995 09 3 3.26057
ITF41 1996 04 2 2.23847
ITF41 1996 05 3 0.277564
ITF41 1996 06 3 50.0171
ITF41 1996 07 3 1160.68
ITF41 1996 08 3 439.89
ITF41 1996 09 3 2.2315
ITF41 1996 11 3 28.6217
ITF41 1997 03 3 139.036
ITF41 1997 04 2 2.68398
ITF41 1997 05 4 5.93052
ITF41 1997 06 4 361.998
ITF41 1997 07 4 1178.12
ITF41 1997 08 4 247.256
ITF41 1997 09 4 129.831
ITF41 1997 10 5 6.82056
ITF41 1998 02 5 9.08419
ITF41 1998 03 5 14.232
ITF41 1998 04 5 19.5851
ITF41 1998 06 5 24.4663
ITF41 1998 07 5 1243.99
ITF41 1998 08 5 625.739
ITF41 1998 09 5 24.2433
ITF41 1998 10 2 0.242062
ITF41 1999 03 4 3.85196
ITF41 1999 04 2 2.09224
ITF41 1999 05 3 3.08567
ITF41 1999 06 3 19.8397
ITF41 1999 07 3 123.703
ITF41 1999 08 3 192.348
ITF41 1999 09 3 9.91467
ITF41 1999 10 3 1.42875
ITF41 2000 02 2 0.019553
ITF41 2000 03 5 7.79854
ITF41 2000 04 5 5.0817
ITF41 2000 05 4 7.7792
ITF41 2000 06 4 144.457
ITF41 2000 07 4 4185.3
ITF41 2000 08 4 741.629
ITF41 2000 09 4 78.2403
ITF41 2000 10 2 0.265477
ITF41 2001 03 2 94.5422
ITF41 2001 04 2 1.18638
ITF41 2001 05 3 0.546146
ITF41 2001 06 3 515.526
ITF41 2001 07 3 779.256
ITF41 2001 08 3 705.435
ITF41 2001 09 3 76.2259
ITF41 2001 10 3 1.12611
ITF41 2002 03 5 30.0078
ITF41 2002 04 3 7.13906
ITF41 2002 06 3 18.492
ITF41 2002 07 3 329.477
ITF41 2002 08 3 36.9344
ITF41 2002 09 2 1.34185
ITF41 2002 10 2 0.10435
ITF41 2002 11 3 2.47482
ITF41 2003 03 4 1.58093
ITF41 2003 04 3 1.1591
ITF41 2003 05 5 4.03807
ITF41 2003 06 5 129.252
ITF41 2003 07 5 363.787
ITF41 2003 08 5 328.205
ITF41 2003 09 5 22.6342
ITF41 2003 10 3 14.5076
ITF41 2004 03 4 12.2294
ITF41 2004 06 2 22.2671
ITF41 2004 07 2 42.4501
ITF41 2004 08 2 404.303
ITF41 2004 09 2 61.2624
ITF41 2004 10 3 0.168166
ITF41 2005 03 2 0.118255
ITF41 2005 04 3 2.39535
ITF41 2005 05 3 4.16837
ITF41 2005 06 3 57.9846
ITF41 2005 07 3 128.301
ITF41 2005 08 3 333.127
ITF41 2005 09 3 18.5034
ITF41 2005 11 2 0.00531585
ITF41 2006 02 3 4.96092
ITF41 2006 05 3 13.6345
ITF41 2006 06 5 270.627
ITF41 2006 07 5 208.672
ITF41 2006 08 5 119.653
ITF41 2006 09 5 94.1094
ITF41 2006 11 2 0.261935
ITF42 1985 05 2 0.538635
ITF42 1985 06 2 228.224
ITF42 1985 07 2 536.191
ITF42 1985 08 2 342.793
ITF42 1985 09 2 437.356
ITF42 1985 10 5 10.1561
ITF42 1986 05 2 5.94059
ITF42 1986 06 3 15.7644
ITF42 1986 07 3 53.7533
ITF42 1986 08 3 29.7412
ITF42 1986 09 3 50.0775
ITF42 1986 10 2 1.02581
ITF42 1987 06 2 1.71101
ITF42 1987 07 2 102.631
ITF42 1987 08 2 61.1428
ITF42 1987 09 2 44.9787
ITF42 1988 06 3 13.8681
ITF42 1988 07 3 2339.35
ITF42 1988 08 3 169.022
ITF42 1988 09 3 542.752
ITF42 1989 04 2 3.15733
ITF42 1989 05 2 14.9817
ITF42 1989 06 2 2.74796
ITF42 1989 07 2 26.1991
ITF42 1989 08 5 13.4851
ITF42 1989 09 5 10.3195
ITF42 1989 10 3 3.05109
ITF42 1990 04 2 1.63008
ITF42 1990 05 3 5.09231
ITF42 1990 06 3 1000.34
ITF42 1990 07 3 1769.27
ITF42 1990 08 3 54.8995
ITF42 1990 09 3 2.65523
ITF42 1990 10 3 75.4489
ITF42 1991 06 3 197.783
ITF42 1991 07 3 2604.55
ITF42 1991 08 3 665.75
ITF42 1991 09 3 88.1553
ITF42 1991 10 3 28.9858
ITF42 1992 03 3 10.0481
ITF42 1992 05 3 4.41283
ITF42 1992 06 3 749.809
ITF42 1992 07 3 1023.56
ITF42 1992 08 3 575.298
ITF42 1992 09 3 835.782
ITF42 1992 10 5 70.7575
ITF42 1993 01 2 1.96713
ITF42 1993 03 2 2.6488
ITF42 1993 06 2 253.991
ITF42 1993 07 2 702.12
ITF42 1993 08 2 1070.73
ITF42 1993 09 2 310.832
ITF42 1993 10 3 2.2303
ITF42 1994 05 2 0.184023
ITF42 1994 06 2 210.79
ITF42 1994 07 2 803.447
ITF42 1994 08 2 71.0711
ITF42 1994 09 2 69.074
ITF42 1994 10 3 16.7195
ITF42 1995 06 3 50.2398
ITF42 1995 07 3 966.648
ITF42 1995 08 5 3.05889
ITF42 1996 05 2 0.152198
ITF42 1996 06 2 77.986
ITF42 1996 07 2 2128.7
ITF42 1996 08 2 367.002
ITF42 1997 03 3 2.54079
ITF42 1997 04 3 3.41149
ITF42 1997 05 3 3.19693
ITF42 1997 06 3 39.7716
ITF42 1997 07 3 272.143
ITF42 1997 08 3 42.9982
ITF42 1997 09 3 1.60804
ITF42 1998 05 2 0.852724
ITF42 1998 06 5 35.5803
ITF42 1998 07 5 159.971
ITF42 1998 08 5 41.0143
ITF42 1998 09 5 2.61757
ITF42 1999 05 2 6.12045
ITF42 1999 06 2 313.067
ITF42 1999 07 2 85.1168
ITF42 1999 08 2 25.5172
ITF42 2000 02 2 5.7326
ITF42 2000 03 2 7.27335
ITF42 2000 06 2 462.802
ITF42 2000 07 2 1451.61
ITF42 2000 08 2 189.103
ITF42 2000 09 2 110.133
ITF42 2001 03 2 5.10615
ITF42 2001 05 2 29.6043
ITF42 2001 06 2 419.524
ITF42 2001 07 2 382.843
ITF42 2001 08 2 2102.91
ITF42 2001 09 2 108.677
ITF42 2001 10 3 7.92275
ITF42 2002 02 2 2.1899
ITF42 2002 06 2 174.246
ITF42 2002 07 2 271.037
ITF42 2002 08 3 19.7253
ITF42 2003 05 3 37.0232
ITF42 2003 06 3 252.811
ITF42 2003 07 3 790.782
ITF42 2003 08 3 62.2788
ITF42 2003 09 4 18.8177
ITF42 2003 10 2 0.731059
ITF42 2004 07 2 32.0704
ITF42 2004 08 2 517.15
ITF42 2004 09 3 29.7354
ITF42 2005 03 2 1.71656
ITF42 2005 05 4 4.44185
ITF42 2005 06 4 164.169
ITF42 2005 07 4 191.785
ITF42 2005 08 4 185.816
ITF42 2006 05 4 57.9294
ITF42 2006 06 4 84.7436
ITF42 2006 07 4 691.027
ITF42 2006 08 4 254.144
ITF42 2006 09 4 59.9385
ITF42 2006 10 2 21.8937
ITF43 1985 05 2 0.481255
ITF43 1985 06 2 53.8766
ITF43 1985 07 2 1269.57
ITF43 1985 08 2 1494.41
ITF43 1985 09 2 130.853
ITF43 1985 10 5 114.39
ITF43 1986 04 2 2.95182
ITF43 1986 05 3 5.67833
ITF43 1986 06 3 126.946
ITF43 1986 07 3 120.669
ITF43 1986 08 3 64.7142
ITF43 1986 09 3 160.675
ITF43 1986 10 4 4.23714
ITF43 1987 06 5 9.56958
ITF43 1987 07 5 1627.94
ITF43 1987 08 5 64.1864
ITF43 1987 09 5 120.395
ITF43 1988 06 3 1.72665
ITF43 1988 07 3 1222.98
ITF43 1988 08 3 769.283
ITF43 1988 09 3 55.5483
ITF43 1989 04 2 2.96876
ITF43 1989 05 2 7.52784
ITF43 1989 06 4 9.42273
ITF43 1989 07 4 28.4412
ITF43 1989 08 4 21.7635
ITF43 1989 09 5 3.35098
ITF43 1990 02 2 1.46558
ITF43 1990 03 4 1.31696
ITF43 1990 04 5 1.39204
ITF43 1990 05 5 13.5056
ITF43 1990 06 5 147.241
ITF43 1990 07 5 295.09
ITF43 1990 08 5 15.4825
ITF43 1990 09 5 30.5476
ITF43 1991 06 5 80.567
ITF43 1991 07 5 273.021
ITF43 1991 08 5 346.713
ITF43 1991 09 5 73.8738
ITF43 1991 10 5 3.24051
ITF43 1992 02 2 0.589792
ITF43 1992 04 2 0.68908
ITF43 1992 05 2 79.9614
ITF43 1992 06 2 88.9123
ITF43 1992 07 2 37.7116
ITF43 1992 08 2 284.923
ITF43 1992 09 2 156.976
ITF43 1992 10 2 0.00872036
ITF43 1993 06 2 252.332
ITF43 1993 07 2 607.605
ITF43 1993 08 2 400.678
ITF43 1993 09 2 66.8908
ITF43 1994 05 3 6.78607
ITF43 1994 06 3 66.8479
ITF43 1994 07 3 621.252
ITF43 1994 08 3 137.222
ITF43 1994 09 3 29.9749
ITF43 1994 10 2 7.5192
ITF43 1995 04 2 0.746305
ITF43 1995 06 2 273.351
ITF43 1995 07 2 231.002
ITF43 1995 08 5 10.3355
ITF43 1995 09 2 7.12026
ITF43 1996 06 2 820.932
ITF43 1996 07 2 825.155
ITF43 1996 08 2 174.456
ITF43 1996 09 2 1.08411
ITF43 1997 04 2 0.260222
ITF43 1997 05 2 42.5401
ITF43 1997 06 2 297.525
ITF43 1997 07 2 893.644
ITF43 1997 08 2 71.5098
ITF43 1997 09 3 27.2228
ITF43 1998 06 3 434.499
ITF43 1998 07 3 954.605
ITF43 1998 08 3 59.8075
ITF43 1998 09 3 3.5673
ITF43 1999 05 2 1.33597
ITF43 1999 06 2 206.608
ITF43 1999 07 2 120.564
ITF43 1999 08 2 33.0181
ITF43 1999 09 2 1.02624
ITF43 1999 10 3 1.27204
ITF43 2000 04 2 2.21271
ITF43 2000 05 2 195.143
ITF43 2000 06 2 1145.76
ITF43 2000 07 2 491.444
ITF43 2000 08 2 501.836
ITF43 2000 09 2 19.6855
ITF43 2001 06 2 538.221
ITF43 2001 07 2 497.735
ITF43 2001 08 2 827.833
ITF43 2001 09 2 27.4771
ITF43 2001 10 4 72.4191
ITF43 2002 06 4 19.1305
ITF43 2002 07 4 873.793
ITF43 2002 08 3 2.67946
ITF43 2003 06 3 295.585
ITF43 2003 07 3 527.604
ITF43 2003 08 3 41.8751
ITF43 2003 09 3 4.12087
ITF43 2004 06 3 25.8025
ITF43 2004 07 3 253.743
ITF43 2004 08 3 48.6963
ITF43 2004 09 3 114.06
ITF43 2005 05 4 20.9859
ITF43 2005 06 4 74.9918
ITF43 2005 07 4 234.701
ITF43 2005 08 4 53.2937
ITF43 2005 09 2 0.218041
ITF43 2006 06 2 386.831
ITF43 2006 07 2 489.643
ITF43 2006 08 2 22.3709
ITF43 2006 09 2 24.2452
ITF44 1985 06 2 16.647
ITF44 1985 07 3 76.7025
ITF44 1985 08 3 97.9127
ITF44 1986 08 3 16.4094
ITF44 1986 09 2 8.77656
ITF44 1987 07 2 42.5801
ITF44 1987 08 4 19.0079
ITF44 1988 07 4 149.736
ITF44 1988 08 5 28.0993
ITF44 1988 09 4 14.7144
ITF44 1989 09 2 2.96312
ITF44 1990 06 4 8.07792
ITF44 1990 07 4 25.5794
ITF44 1990 08 3 6.25679
ITF44 1990 09 2 2.29925
ITF44 1991 06 4 14.8557
ITF44 1991 07 3 24.1842
ITF44 1991 08 2 7.07
ITF44 1992 07 3 7.17504
ITF44 1992 08 3 28.7516
ITF44 1992 09 3 48.9065
ITF44 1993 06 3 9.95936
ITF44 1993 07 2 5.41259
ITF44 1993 08 2 210.192
ITF44 1994 05 2 39.4539
ITF44 1994 06 2 29.9748
ITF44 1994 07 2 24.1599
ITF44 1994 08 2 17.2061
ITF44 1994 09 3 19.8891
ITF44 1994 10 2 6.52443
ITF44 1995 07 2 25.9347
ITF44 1996 03 2 3.33199
ITF44 1996 06 2 0.321171
ITF44 1996 07 2 58.3537
ITF44 1996 08 4 12.1555
ITF44 1997 05 2 3.27078
ITF44 1997 06 2 235.32
ITF44 1997 07 2 32.2243
ITF44 1997 08 4 5.23259
ITF44 1998 06 2 5.34004
ITF44 1998 07 2 50.6958
ITF44 1998 08 5 4.67382
ITF44 1998 09 3 5.42832
ITF44 1999 07 3 16.7297
ITF44 1999 08 3 10.7585
ITF44 2000 06 2 27.6903
ITF44 2000 07 2 141.128
ITF44 2000 08 2 47.412
ITF44 2000 09 2 32.3103
ITF44 2001 06 2 1.5088
ITF44 2001 07 2 84.9805
ITF44 2001 08 2 7.27805
ITF44 2001 09 2 2.93068
ITF44 2002 06 4 12.8205
ITF44 2002 07 4 26.0321
ITF44 2002 08 4 8.87662
ITF44 2003 06 2 8.93934
ITF44 2003 07 2 88.9221
ITF44 2003 08 2 20.387
ITF44 2004 07 2 19.3167
ITF44 2004 09 2 0.0729615
ITF44 2005 05 3 8.87416
ITF44 2005 07 3 0.581202
ITF44 2005 08 4 37.4047
ITF44 2006 05 2 1.75601
ITF44 2006 06 4 31.5481
ITF44 2006 07 3 1.00969
ITF44 2006 08 2 0.898088
ITF44 2006 09 2 1.84492
ITF45 1985 04 2 22.2399
ITF45 1985 06 2 30.761
ITF45 1985 07 2 30.3358
ITF45 1985 08 2 138.775
ITF45 1985 09 2 21.0679
ITF45 1985 10 3 6.50272
ITF45 1986 01 2 0.524575
ITF45 1986 04 2 14.4297
ITF45 1986 05 2 5.81701
ITF45 1986 06 2 18.7012
ITF45 1986 07 5 19.0213
ITF45 1986 08 5 55.1857
ITF45 1986 09 5 35.907
ITF45 1986 10 3 4.04917
ITF45 1986 11 2 0.126708
ITF45 1986 12 2 4.80787
ITF45 1987 01 2 2.8802
ITF45 1987 04 2 1.94681
ITF45 1987 07 2 391.782
ITF45 1987 08 2 46.6357
ITF45 1987 09 2 31.7701
ITF45 1988 02 2 4.44341
ITF45 1988 06 2 19.8654
ITF45 1988 07 2 255.092
ITF45 1988 08 2 64.0634
ITF45 1988 09 2 31.8805
ITF45 1989 04 2 1.29595
ITF45 1989 05 2 1.78103
ITF45 1989 07 5 35.4288
ITF45 1989 08 5 47.9693
ITF45 1989 10 2 2.28736
ITF45 1990 03 4 4.01956
ITF45 1990 04 2 3.2686
ITF45 1990 05 2 0.799722
ITF45 1990 06 2 25.5149
ITF45 1990 07 2 35.2565
ITF45 1990 08 2 21.9208
ITF45 1990 09 2 78.4918
ITF45 1990 10 4 6.64518
ITF45 1991 04 2 0.108095
ITF45 1991 06 2 81.8182
ITF45 1991 07 2 87.1909
ITF45 1991 08 2 22.3276
ITF45 1991 09 5 9.10143
ITF45 1992 02 3 5.98598
ITF45 1992 03 3 11.6276
ITF45 1992 05 2 0.0844841
ITF45 1992 06 5 6.55396
ITF45 1992 07 5 7.27826
ITF45 1992 08 5 48.501
ITF45 1992 09 5 23.9972
ITF45 1993 06 5 86.3895
ITF45 1993 07 5 241.715
ITF45 1993 08 5 216.837
ITF45 1993 09 5 100.455
ITF45 1994 05 2 11.2267
ITF45 1994 06 4 29.4179
ITF45 1994 07 4 164.028
ITF45 1994 08 4 301.073
ITF45 1994 09 4 137.522
ITF45 1994 10 4 70.1762
ITF45 1994 11 2 2.97482
ITF45 1995 03 2 3.22472
ITF45 1995 06 2 66.4331
ITF45 1995 07 2 188.072
ITF45 1995 08 5 6.65601
ITF45 1996 06 5 39.0448
ITF45 1996 07 5 303.537
ITF45 1996 08 5 80.0995
ITF45 1996 09 5 16.5801
ITF45 1997 05 2 0.204622
ITF45 1997 06 2 115.485
ITF45 1997 07 2 319.874
ITF45 1997 08 2 72.6673
ITF45 1997 09 2 1.86337
ITF45 1997 10 3 1.47772
ITF45 1998 03 2 0.353957
ITF45 1998 06 2 30.8974
ITF45 1998 07 2 253.766
ITF45 1998 08 2 29.192
ITF45 1998 09 2 0.200529
ITF45 1999 05 2 1.23511
ITF45 1999 06 2 19.2652
ITF45 1999 07 2 44.9914
ITF45 1999 08 2 50.0009
ITF45 2000 05 2 65.8656
ITF45 2000 06 2 104.026
ITF45 2000 07 2 148.12
ITF45 2000 08 2 88.7054
ITF45 2000 09 2 41.0782
ITF45 2001 06 2 66.4346
ITF45 2001 07 2 89.7542
ITF45 2001 08 2 40.1789
ITF45 2001 09 2 99.4093
ITF45 2001 10 2 25.1578
ITF45 2001 11 3 0.583665
ITF45 2002 03 3 2.67228
ITF45 2002 06 3 57.7595
ITF45 2002 07 3 130.771
ITF45 2002 08 3 27.7535
ITF45 2003 05 3 7.2985
ITF45 2003 06 3 6.62336
ITF45 2003 07 3 108.481
ITF45 2003 08 3 10.6501
ITF45 2003 09 2 0.61217
ITF45 2004 06 2 54.8788
ITF45 2004 07 2 65.3149
ITF45 2004 08 2 54.9391
ITF45 2004 09 2 21.5415
ITF45 2005 05 3 6.64254
ITF45 2005 06 3 48.7109
ITF45 2005 07 3 159.339
ITF45 2005 08 3 107.385
ITF45 2005 09 5 5.88761
ITF45 2006 03 3 24.1878
ITF45 2006 05 4 1.72831
ITF45 2006 06 4 72.4515
ITF45 2006 07 4 28.5491
ITF45 2006 08 4 39.5418
ITF45 2006 09 4 31.6114
ITF45 2006 10 3 2.87128
ITF51 1985 02 4 4.37349
ITF51 1985 04 4 100.026
ITF51 1985 06 4 9.2428
ITF51 1985 07 101 906.421
ITF51 1985 08 198 3276.71
ITF51 1985 09 107 681.415
ITF51 1985 10 107 376.465
ITF51 1985 12 107 49.2996
ITF51 1986 04 107 25.8516
ITF51 1986 05 2 0.7978
ITF51 1986 07 2 28.1788
ITF51 1986 08 2 665.898
ITF51 1986 09 89 607.612
ITF51 1986 10 89 22.4347
ITF51 1986 11 4 30.5959
ITF51 1987 01 3 5.38116
ITF51 1987 02 4 14.7209
ITF51 1987 03 4 60.4658
ITF51 1987 04 4 163.634
ITF51 1987 05 4 61.5603
ITF51 1987 07 4 100.194
ITF51 1987 08 89 521.139
ITF51 1987 09 89 302.055
ITF51 1987 10 89 13.8365
ITF51 1987 12 4 19.1138
ITF51 1988 01 2 0.437038
ITF51 1988 03 3 8.14158
ITF51 1988 04 3 12.6572
ITF51 1988 05 2 0.0645376
ITF51 1988 06 2 10.9857
ITF51 1988 07 136 2216.09
ITF51 1988 08 160 4811.28
ITF51 1988 09 160 357.235
ITF51 1988 12 5 2.01957
ITF51 1989 01 5 68.8643
ITF51 1989 02 5 104.126
ITF51 1989 03 5 45.6999
ITF51 1989 04 5 49.6561
ITF51 1989 05 3 5.44238
ITF51 1989 06 4 7.4245
ITF51 1989 07 5 4.62568
ITF51 1989 08 5 138.392
ITF51 1989 09 5 46.8382
ITF51 1989 10 3 4.59704
ITF51 1989 11 2 11.5039
ITF51 1989 12 4 13.227
ITF51 1990 01 4 30.3642
ITF51 1990 02 4 61.695
ITF51 1990 03 4 85.8671
ITF51 1990 06 4 79.9129
ITF51 1990 07 82 1435.27
ITF51 1990 08 82 530.524
ITF51 1990 09 82 203.47
ITF51 1990 10 82 22.9544
ITF51 1990 11 2 5.2277
ITF51 1991 01 3 13.7657
ITF51 1991 02 4 5.11715
ITF51 1991 03 4 197.11
ITF51 1991 04 2 5.99477
ITF51 1991 07 2 167.877
ITF51 1991 08 2 418.23
ITF51 1991 09 2 95.0093
ITF51 1991 10 2 37.0015
ITF51 1991 12 2 0.328299
ITF51 1992 01 5 3.31989
ITF51 1992 02 5 98.811
ITF51 1992 03 5 375.581
ITF51 1992 04 5 13.4678
ITF51 1992 05 4 6.95525
ITF51 1992 06 3 1.55378
ITF51 1992 07 3 164.048
ITF51 1992 08 89 505.709
ITF51 1992 09 98 1018.75
ITF51 1993 01 4 12.8899
ITF51 1993 02 4 26.0456
ITF51 1993 03 4 36.509
ITF51 1993 04 4 35.7955
ITF51 1993 06 4 9.70412
ITF51 1993 07 126 3284.61
ITF51 1993 08 255 3472.47
ITF51 1993 09 255 318.808
ITF51 1993 10 255 111.349
ITF51 1994 03 255 65.0662
ITF51 1994 04 255 13.5068
ITF51 1994 05 2 0.429585
ITF51 1994 06 5 14.1972
ITF51 1994 07 5 199.852
ITF51 1994 08 84 825.324
ITF51 1994 09 84 487.333
ITF51 1994 10 84 56.486
ITF51 1995 01 2 0.708185
ITF51 1995 02 4 2.52786
ITF51 1995 04 4 39.1747
ITF51 1995 05 2 2.41506
ITF51 1995 06 2 48.5336
ITF51 1995 07 2 513.201
ITF51 1995 08 2 171.013
ITF51 1995 09 2 83.5231
ITF51 1995 10 2 21.6917
ITF51 1995 11 3 1.61547
ITF51 1996 01 2 2.55008
ITF51 1996 02 4 13.4897
ITF51 1996 03 4 8.77253
ITF51 1996 04 4 29.6151
ITF51 1996 06 4 124.476
ITF51 1996 07 93 1184.92
ITF51 1996 08 149 838.463
ITF51 1996 09 149 49.4276
ITF51 1996 11 149 465.896
ITF51 1997 01 2 1.07205
ITF51 1997 02 2 19.2656
ITF51 1997 03 2 115.12
ITF51 1997 04 2 45.7609
ITF51 1997 05 2 29.1603
ITF51 1997 06 2 90.8637
ITF51 1997 07 2 562.213
ITF51 1997 08 2 726.554
ITF51 1997 09 2 220.477
ITF51 1997 10 2 39.5569
ITF51 1998 01 3 13.258
ITF51 1998 02 3 43.5666
ITF51 1998 03 3 27.0637
ITF51 1998 04 3 41.9004
ITF51 1998 06 5 26.4445
ITF51 1998 07 5 399.707
ITF51 1998 08 5 528.941
ITF51 1998 09 5 109.583
ITF51 1998 10 2 0.572609
ITF51 1998 11 2 6.06284
ITF51 1999 01 3 7.52633
ITF51 1999 03 3 51.8949
ITF51 1999 04 3 8.65838
ITF51 1999 05 2 1.0454
ITF51 1999 06 4 12.143
ITF51 1999 07 4 105.373
ITF51 1999 08 4 599.804
ITF51 1999 09 3 3.77771
ITF51 1999 10 3 22.7647
ITF51 2000 01 4 2.11548
ITF51 2000 02 4 9.48522
ITF51 2000 03 4 29.4935
ITF51 2000 04 4 24.6571
ITF51 2000 05 2 0.339996
