ES114 1998 01 376 118.198
ES114 1998 02 383 518.779
ES114 1998 03 609 1813.28
ES114 1998 05 81 78.1238
ES114 1998 06 160 70.618
ES114 1998 07 343 104.697
ES114 1998 08 1623 5829.13
ES114 1998 09 175 142.816
ES114 1998 10 175 1.27411
ES114 1998 11 4 1.02594
ES114 1998 12 4 42.6845
ES114 1999 01 4 480.306
ES114 1999 02 213 205.383
ES114 1999 03 284 274.588
ES114 1999 04 101 89.8454
ES114 1999 05 101 18.8964
ES114 1999 06 158 52.001
ES114 1999 07 357 128.838
ES114 1999 08 383 227.359
ES114 1999 09 234 51.1482
ES114 1999 10 234 4.14048
ES114 1999 11 234 137.441
ES114 1999 12 234 2.47924
ES114 2000 01 143 185.132
ES114 2000 02 143 20.6575
ES114 2000 03 656 774.486
ES114 2000 04 656 7.31379
ES114 2000 05 656 105.189
ES114 2000 06 200 242.072
ES114 2000 07 141 27.7586
ES114 2000 08 545 153.545
ES114 2000 09 648 848.736
ES114 2000 10 648 8.7137
ES114 2000 11 3 0.337553
ES114 2001 02 132 196.6
ES114 2001 04 160 291.967
ES114 2001 05 160 90.7556
ES114 2001 06 270 229.436
ES114 2001 07 151 65.5658
ES114 2001 08 249 74.7952
ES114 2001 09 600 1411.69
ES114 2001 10 3 5.89451
ES114 2001 11 264 369.07
ES114 2001 12 398 1978.14
ES114 2002 01 398 39.9856
ES114 2002 02 102 160.38
ES114 2002 03 276 603.9
ES114 2002 04 274 642.647
ES114 2002 05 274 66.6256
ES114 2002 06 138 146.401
ES114 2002 07 305 274.891
ES114 2002 08 989 1275.15
ES114 2002 09 451 1645.45
ES114 2002 10 451 70.3805
ES114 2002 12 2 0.0416727
ES114 2003 01 2 77.7651
ES114 2003 02 2 20.2235
ES114 2003 03 218 834.421
ES114 2003 04 122 81.63
ES114 2003 05 134 233.592
ES114 2003 06 277 564.166
ES114 2003 07 155 21.5094
ES114 2003 08 639 388.049
ES114 2003 09 258 260.615
ES114 2003 10 258 75.2923
ES114 2003 11 5 2.3379
ES114 2003 12 4 1.50514
ES114 2004 01 4 3.09818
ES114 2004 02 352 817.898
ES114 2004 03 269 862.856
ES114 2004 04 367 750.361
ES114 2004 05 114 176.07
ES114 2004 06 368 649.097
ES114 2004 07 574 662.615
ES114 2004 08 268 714.808
ES114 2004 09 157 86.1881
ES114 2004 10 157 11.583
ES114 2004 11 157 54.688
ES114 2004 12 157 35.3587
ES114 2005 01 139 186.477
ES114 2005 02 527 1416.17
ES114 2005 03 534 3851.15
ES114 2005 04 110 63.7449
ES114 2005 05 110 20.0135
ES114 2005 06 285 414.188
ES114 2005 07 336 411.413
ES114 2005 08 749 8076.53
ES114 2005 09 195 592.718
ES114 2005 10 168 181.369
ES114 2005 11 168 12.2648
ES114 2005 12 168 125.422
ES114 2006 01 168 16.3798
ES114 2006 02 123 147.251
ES114 2006 03 123 32.0787
ES114 2006 04 123 48.8965
ES114 2006 05 110 147.582
ES114 2006 06 198 142.877
ES114 2006 07 497 1344.05
ES114 2006 08 554 52093.4
ES114 2006 09 112 189.413
ES114 2006 11 112 2.59116
ES114 2006 12 3 2.79723
ES120 1985 01 3 1.3674
ES120 1985 02 3 746.485
ES120 1985 03 3 1263.35
ES120 1985 04 113 4686.69
ES120 1985 05 113 41.3837
ES120 1985 06 113 88.7323
ES120 1985 07 113 101.263
ES120 1985 08 113 2918.63
ES120 1985 09 225 12332.9
ES120 1985 10 159 14106.7
ES120 1985 11 159 431.561
ES120 1985 12 159 8291.33
ES120 1986 01 2 2.612
ES120 1986 02 2 1.65377
ES120 1986 03 2 262.283
ES120 1986 04 2 25.5028
ES120 1986 05 2 394.658
ES120 1986 06 2 224.715
ES120 1986 07 2 962.478
ES120 1986 08 2 752.738
ES120 1986 09 2 19.1563
ES120 1986 10 2 0.307375
ES120 1986 12 2 84.0619
ES120 1987 02 2 15.9301
ES120 1987 03 2 296.892
ES120 1987 04 2 1618.91
ES120 1987 05 2 732.987
ES120 1987 06 2 170.352
ES120 1987 07 2 40.4426
ES120 1987 08 2 579.043
ES120 1987 09 2 1653.46
ES120 1987 10 5 21.5007
ES120 1987 12 5 172.587
ES120 1988 01 5 177.787
ES120 1988 02 5 456.631
ES120 1988 03 114 5052.6
ES120 1988 05 5 22.1367
ES120 1988 07 2 0.0951447
ES120 1988 08 2 19.6549
ES120 1988 09 2 638.978
ES120 1988 10 2 3409.14
ES120 1988 11 2 617.203
ES120 1988 12 2 1348.72
ES120 1989 01 149 5171.56
ES120 1989 02 400 15482.6
ES120 1989 03 83 1692.07
ES120 1989 04 83 71.0093
ES120 1989 05 83 286.752
ES120 1989 06 83 58.1599
ES120 1989 07 83 588.104
ES120 1989 08 180 856.756
ES120 1989 09 230 4353.62
ES120 1989 10 190 4044.19
ES120 1989 11 190 191.2
ES120 1989 12 190 578.306
ES120 1990 01 190 396.751
ES120 1990 02 226 2007.62
ES120 1990 03 182 1464.82
ES120 1990 04 182 313.217
ES120 1990 05 182 706.343
ES120 1990 06 182 121.067
ES120 1990 07 182 278.422
ES120 1990 08 174 3004.16
ES120 1990 09 174 591.454
ES120 1990 10 174 24.0728
ES120 1990 11 4 5.53133
ES120 1990 12 4 10.7775
ES120 1991 01 4 91.0013
ES120 1991 02 4 80.9691
ES120 1991 03 4 203.181
ES120 1991 04 4 239.514
ES120 1991 05 4 468.921
ES120 1991 06 4 48.6792
ES120 1991 07 4 404.935
ES120 1991 08 97 1749.95
ES120 1991 09 97 134.355
ES120 1991 10 4 2.74164
ES120 1991 11 4 18.1815
ES120 1991 12 4 545.617
ES120 1992 01 96 1035.41
ES120 1992 02 261 4359.76
ES120 1992 03 251 1775.79
ES120 1992 04 251 358.912
ES120 1992 05 251 760.796
ES120 1992 06 251 27.9668
ES120 1992 07 251 34.2636
ES120 1992 08 251 133.408
ES120 1992 09 251 27.7859
ES120 1992 11 251 187.165
ES120 1992 12 5 10.8943
ES120 1993 01 5 902.332
ES120 1993 02 119 1028.22
ES120 1993 03 86 550.606
ES120 1993 04 86 351.551
ES120 1993 05 86 25.3645
ES120 1993 06 3 2.18498
ES120 1993 07 3 7.08939
ES120 1993 08 3 66.6943
ES120 1993 09 3 72.8656
ES120 1993 10 4 6.7964
ES120 1993 11 4 21.0789
ES120 1993 12 4 65.4663
ES120 1994 01 4 37.9892
ES120 1994 02 142 641.827
ES120 1994 03 114 1185.35
ES120 1994 04 114 601.553
ES120 1994 05 114 640.74
ES120 1994 06 114 141.847
ES120 1994 07 114 397.763
ES120 1994 08 133 787.661
ES120 1994 09 88 1110.56
ES120 1994 10 88 40.5963
ES120 1994 11 88 186.369
ES120 1994 12 88 620.797
ES120 1995 01 122 849.283
ES120 1995 02 127 469.322
ES120 1995 03 212 1247.39
ES120 1995 04 286 6498.25
ES120 1995 05 286 554.043
ES120 1995 06 286 1424.47
ES120 1995 07 286 164.572
ES120 1995 08 168 1594.28
ES120 1995 09 165 1792.46
ES120 1995 10 104 756.786
ES120 1995 11 104 41.0875
ES120 1995 12 104 179.08
ES120 1996 01 104 454.778
ES120 1996 02 104 14.1401
ES120 1996 03 208 2100.05
ES120 1996 04 208 109.636
ES120 1996 05 208 76.0135
ES120 1996 06 208 67.861
ES120 1996 07 208 137.351
ES120 1996 08 208 11.6368
ES120 1996 09 83 215.784
ES120 1996 10 83 192.681
ES120 1996 11 83 13.2184
ES120 1996 12 83 15.9621
ES120 1997 01 83 40.7581
ES120 1997 02 264 3643.1
ES120 1997 03 657 13840
ES120 1997 04 567 13707.3
ES120 1997 05 567 404.967
ES120 1997 06 5 14.2442
ES120 1997 07 5 5.57439
ES120 1997 08 5 34.9964
ES120 1997 09 2 0.65942
ES120 1997 10 2 228.147
ES120 1997 11 4 28.8151
ES120 1997 12 2 0.1021
ES120 1998 01 82 363.543
ES120 1998 02 122 1394.46
ES120 1998 03 187 1961.12
ES120 1998 04 187 70.3824
ES120 1998 05 187 35.5593
ES120 1998 06 187 99.7327
ES120 1998 07 187 79.9515
ES120 1998 08 136 869.15
ES120 1998 09 91 513.645
ES120 1998 10 91 28.0673
ES120 1998 11 91 15.7302
ES120 1998 12 91 161.288
ES120 1999 01 124 2666.49
ES120 1999 02 124 130.323
ES120 1999 03 191 737.83
ES120 1999 04 151 637.377
ES120 1999 05 151 75.899
ES120 1999 07 144 904.838
ES120 1999 08 331 2060.16
ES120 1999 09 166 1600.35
ES120 1999 10 166 45.8649
ES120 1999 11 166 25.2605
ES120 1999 12 166 476.342
ES120 2000 01 166 102.98
ES120 2000 02 101 588.534
ES120 2000 03 365 4183.09
ES120 2000 04 365 133.678
ES120 2000 05 365 113.429
ES120 2000 06 365 304.042
ES120 2000 07 365 402.569
ES120 2000 08 272 3208.39
ES120 2000 09 441 14874.9
ES120 2000 10 441 21.4583
ES120 2000 11 441 90.1831
ES120 2000 12 147 593.955
ES120 2001 01 147 56.9324
ES120 2001 02 147 348.595
ES120 2001 03 103 511.465
ES120 2001 04 123 565.001
ES120 2001 05 123 247.223
ES120 2001 06 123 282.349
ES120 2001 07 123 169.426
ES120 2001 08 154 433.967
ES120 2001 09 164 490.701
ES120 2001 10 164 213.34
ES120 2001 11 164 97.4467
ES120 2001 12 164 87.7128
ES120 2002 01 378 5348.1
ES120 2002 02 335 7937.77
ES120 2002 03 281 2714.71
ES120 2002 04 138 787.603
ES120 2002 05 138 21.9678
ES120 2002 06 138 8.05387
ES120 2002 07 138 158.162
ES120 2002 08 138 64.8311
ES120 2002 09 138 34.9655
ES120 2002 10 138 22.5298
ES120 2002 11 2 1.33374
ES120 2002 12 2 101.212
ES120 2003 01 2 3.81498
ES120 2003 02 85 214.787
ES120 2003 03 532 2860.85
ES120 2003 04 300 955.231
ES120 2003 05 116 295.027
ES120 2003 06 116 155.202
ES120 2003 07 116 80.938
ES120 2003 08 218 914.338
ES120 2003 09 251 1353.68
ES120 2003 10 251 18.7354
ES120 2003 11 251 3.15328
ES120 2003 12 251 5.53599
ES120 2004 01 251 177.454
ES120 2004 02 430 2496.1
ES120 2004 03 174 507.135
ES120 2004 04 285 580.739
ES120 2004 05 285 128.959
ES120 2004 06 86 52.7454
ES120 2004 07 108 94.0078
ES120 2004 08 111 121.263
ES120 2004 09 111 104.221
ES120 2004 10 99 355.016
ES120 2004 11 99 10.6047
ES120 2004 12 99 22.7519
ES120 2005 01 99 101.724
ES120 2005 02 99 137.587
ES120 2005 03 712 4448.49
ES120 2005 04 152 727.377
ES120 2005 05 152 222.163
ES120 2005 06 152 251.982
ES120 2005 07 182 298.347
ES120 2005 08 295 958.658
ES120 2005 09 108 289.226
ES120 2005 10 118 934.394
ES120 2005 11 118 16.7267
ES120 2005 12 118 17.5699
ES120 2006 01 118 117.298
ES120 2006 02 205 1020.23
ES120 2006 03 501 4858.24
ES120 2006 04 143 943.45
ES120 2006 05 89 2746.16
ES120 2006 06 123 622.956
ES120 2006 07 123 89.8534
ES120 2006 08 112 322.182
ES120 2006 09 149 282.348
ES120 2006 10 149 30.6432
ES120 2006 11 149 259.396
ES120 2006 12 149 135.973
ES130 1985 02 149 372.13
ES130 1985 03 149 289.669
ES130 1985 04 149 604.496
ES130 1985 05 5 5.21525
ES130 1985 07 4 2.065
ES130 1985 08 4 75.0539
ES130 1985 09 4 942.39
ES130 1985 10 4 833.877
ES130 1985 11 5 12.6384
ES130 1985 12 5 1538.77
ES130 1986 02 4 4.84391
ES130 1986 03 4 202.411
ES130 1986 04 4 27.5464
ES130 1986 05 4 98.1028
ES130 1986 06 4 65.4306
ES130 1986 07 4 43.4523
ES130 1986 08 4 89.3794
ES130 1986 09 4 43.264
ES130 1986 10 4 15.7521
ES130 1986 11 5 6.87381
ES130 1986 12 5 46.4677
ES130 1987 01 4 6.18559
ES130 1987 02 4 213.551
ES130 1987 03 4 60.2547
ES130 1987 04 4 405.181
ES130 1987 05 4 21.2067
ES130 1987 06 4 38.381
ES130 1987 07 2 1.17013
ES130 1987 08 2 125.942
ES130 1987 09 2 250.562
ES130 1987 10 2 64.9809
ES130 1987 11 4 6.74547
ES130 1987 12 4 574.502
ES130 1988 01 4 65.4202
ES130 1988 02 4 363.866
ES130 1988 03 4 195.758
ES130 1988 04 4 8.6055
ES130 1988 05 4 15.3475
ES130 1988 06 2 0.827631
ES130 1988 07 2 0.755704
ES130 1988 09 3 0.933
ES130 1988 10 3 80.7101
ES130 1988 11 3 206.594
ES130 1988 12 3 51.8087
ES130 1989 01 162 2683.1
ES130 1989 02 234 4553.26
ES130 1989 03 91 902.936
ES130 1989 05 91 307.616
ES130 1989 06 91 23.2371
ES130 1989 07 91 717.008
ES130 1989 08 92 603.205
ES130 1989 09 92 434.627
ES130 1989 10 141 2926.62
ES130 1989 11 141 245.652
ES130 1989 12 85 7273.5
ES130 1990 01 85 96.4176
ES130 1990 02 117 2354.99
ES130 1990 03 110 1824.91
ES130 1990 04 110 141.238
ES130 1990 05 110 290.309
ES130 1990 07 110 54.3387
ES130 1990 08 110 292.054
ES130 1990 09 110 16.6114
ES130 1990 10 110 23.0556
ES130 1990 11 2 2.77795
ES130 1991 01 2 65.2677
ES130 1991 02 2 551.069
ES130 1991 03 2 737.087
ES130 1991 04 2 218.273
ES130 1991 05 2 45.6849
ES130 1991 06 5 5.78621
ES130 1991 07 5 8.73835
ES130 1991 08 5 401.36
ES130 1991 09 5 74.2341
ES130 1991 10 3 6.86406
ES130 1991 12 3 161.351
ES130 1992 01 3 435.137
ES130 1992 02 127 2643.19
ES130 1992 03 102 673.427
ES130 1992 04 102 83.9953
ES130 1992 05 102 68.6267
ES130 1992 07 2 2.63016
ES130 1992 08 3 0.289419
ES130 1992 09 5 11.6963
ES130 1992 12 4 6.96858
ES130 1993 01 4 621.42
ES130 1993 02 4 639.721
ES130 1993 03 4 722.373
ES130 1993 04 4 303.678
ES130 1993 05 4 2.78943
ES130 1993 07 2 0.131884
ES130 1993 08 2 10.1271
ES130 1993 09 3 3.13343
ES130 1993 10 2 8.56592
ES130 1993 12 3 2.88655
ES130 1994 01 2 1.23575
ES130 1994 02 82 2344.82
ES130 1994 03 82 580.942
ES130 1994 04 82 222.217
ES130 1994 05 82 141.721
ES130 1994 06 5 22.2399
ES130 1994 07 5 25.4712
ES130 1994 08 5 134.54
ES130 1994 09 5 685.771
ES130 1994 10 3 6.09936
ES130 1994 11 4 7.09284
ES130 1994 12 4 55.1154
ES130 1995 01 4 58.5183
ES130 1995 02 4 1148.05
ES130 1995 03 97 1184.71
ES130 1995 04 97 2251.15
ES130 1995 05 97 37.7644
ES130 1995 06 97 44.3219
ES130 1995 07 4 10.4017
ES130 1995 08 4 44.7605
ES130 1995 09 4 520.492
ES130 1995 10 4 309.776
ES130 1995 11 4 253.214
ES130 1995 12 4 60.0171
ES130 1996 01 4 1103.15
ES130 1996 02 4 14.989
ES130 1996 03 106 2402.15
ES130 1996 04 106 293.885
ES130 1996 05 5 22.2787
ES130 1996 06 4 12.7755
ES130 1996 07 4 7.03799
ES130 1996 08 2 0.479816
ES130 1996 09 2 82.2328
ES130 1996 10 2 87.0439
ES130 1996 11 3 10.3386
ES130 1997 01 3 83.4257
ES130 1997 02 100 1655.55
ES130 1997 03 157 2187.48
ES130 1997 04 93 616.351
ES130 1997 05 93 155.164
ES130 1997 06 5 8.62616
ES130 1997 07 2 1.3344
ES130 1997 08 4 0.960487
ES130 1997 10 4 31.4528
ES130 1997 11 2 0.580356
ES130 1997 12 2 4.86904
ES130 1998 01 2 927.962
ES130 1998 02 2 489.986
ES130 1998 03 2 563.985
ES130 1998 04 2 11.692
ES130 1998 05 3 4.16579
ES130 1998 06 3 13.0977
ES130 1998 07 3 10.5929
ES130 1998 08 3 73.0058
ES130 1998 09 3 156.899
ES130 1998 10 3 0.653582
ES130 1998 11 4 13.3659
ES130 1998 12 4 89.4424
ES130 1999 01 4 1137.27
ES130 1999 02 4 27.979
ES130 1999 03 82 643.276
ES130 1999 04 82 805.568
ES130 1999 05 82 55.474
ES130 1999 06 3 7.17444
ES130 1999 07 3 33.5708
ES130 1999 08 3 111.98
ES130 1999 09 3 852.875
ES130 1999 10 3 20.4413
ES130 1999 11 3 12.6587
ES130 1999 12 3 134.261
ES130 2000 01 3 224.639
ES130 2000 02 3 1450.14
ES130 2000 03 3 443.979
ES130 2000 04 3 211.77
ES130 2000 05 3 72.7992
ES130 2000 06 3 88.2655
ES130 2000 07 3 12.4271
ES130 2000 08 3 84.7003
ES130 2000 09 3 462.043
ES130 2000 10 5 45.3127
ES130 2000 11 5 33.9731
ES130 2000 12 5 672.399
ES130 2001 01 5 57.155
ES130 2001 02 5 140.797
ES130 2001 03 5 382.622
ES130 2001 04 5 171.528
ES130 2001 05 5 223.385
ES130 2001 06 5 118.63
ES130 2001 07 5 16.7632
ES130 2001 08 5 49.5377
ES130 2001 09 5 64.9433
ES130 2001 10 5 486.145
ES130 2001 11 5 11.9461
ES130 2001 12 5 46.5152
ES130 2002 01 159 7244.88
ES130 2002 02 81 2136.25
ES130 2002 03 81 643.142
ES130 2002 04 81 84.5274
ES130 2002 05 5 13.4265
ES130 2002 06 2 2.19322
ES130 2002 07 2 0.938524
ES130 2002 08 3 3.9361
ES130 2002 11 3 4.00292
ES130 2002 12 4 16.5193
ES130 2003 01 2 2.50602
ES130 2003 02 2 41.7986
ES130 2003 03 92 1033.4
ES130 2003 04 92 583.629
ES130 2003 05 92 47.9808
ES130 2003 06 5 17.6473
ES130 2003 07 4 5.19476
ES130 2003 08 4 174.077
ES130 2003 09 4 225.994
ES130 2003 11 2 0.318098
ES130 2003 12 2 2.65638
ES130 2004 01 2 33.0947
ES130 2004 02 2 1156.32
ES130 2004 03 2 159.784
ES130 2004 04 2 190.889
ES130 2004 05 2 212.101
ES130 2004 06 2 11.4666
ES130 2004 07 5 5.1629
ES130 2004 08 5 38.7635
ES130 2004 09 2 0.832027
ES130 2004 10 2 22.4362
ES130 2004 11 2 2.4887
ES130 2004 12 2 14.2206
ES130 2005 01 2 951.24
ES130 2005 02 2 44.9081
ES130 2005 03 160 2397.39
ES130 2005 04 160 252.075
ES130 2005 05 160 170.233
ES130 2005 06 160 18.813
ES130 2005 07 160 41.2039
ES130 2005 08 160 238.836
ES130 2005 09 160 821.865
ES130 2005 10 160 235.71
ES130 2005 11 160 83.0299
ES130 2005 12 160 25.1757
ES130 2006 01 160 39.205
ES130 2006 02 160 122.987
ES130 2006 03 127 2820.41
ES130 2006 04 127 598.784
ES130 2006 05 127 113.545
ES130 2006 06 127 8.95228
ES130 2006 07 127 21.0243
ES130 2006 08 127 126.008
ES130 2006 09 127 189.786
ES130 2006 10 127 85.2414
ES130 2006 11 127 367.615
ES130 2006 12 127 208.808
ES211 1985 02 127 22.1099
ES211 1985 03 4 9.93555
ES211 1985 04 4 22.4804
ES211 1985 07 4 15.9267
ES211 1985 08 4 75.2332
ES211 1985 09 4 1565.58
ES211 1985 10 4 311.519
ES211 1985 11 2 0.480674
ES211 1985 12 2 3.39787
ES211 1986 01 3 5.62276
ES211 1986 03 3 21.966
ES211 1986 04 3 1.20735
ES211 1986 05 3 31.1244
ES211 1986 06 4 5.05319
ES211 1986 07 4 10.1032
ES211 1986 08 4 70.6557
ES211 1986 09 4 337.111
ES211 1986 10 3 7.08634
ES211 1986 11 4 5.79704
ES211 1987 03 4 1.60915
ES211 1987 04 4 3.69951
ES211 1987 05 3 2.53607
ES211 1987 06 2 0.439824
ES211 1987 08 2 76.314
ES211 1987 09 2 329.687
ES211 1987 10 5 7.76462
ES211 1987 11 2 1.6997
ES211 1987 12 2 0.264646
ES211 1988 01 2 0.869741
ES211 1988 02 4 23.7572
ES211 1988 03 4 22.9721
ES211 1988 05 2 3.81915
ES211 1988 08 2 2.90558
ES211 1988 09 2 4.16255
ES211 1988 10 2 8.29299
ES211 1988 11 2 48.8796
ES211 1988 12 4 6.39621
ES211 1989 01 4 97.7343
ES211 1989 02 4 343.494
ES211 1989 03 4 456.329
ES211 1989 04 5 16.0675
ES211 1989 05 5 4.62493
ES211 1989 06 3 0.786287
ES211 1989 07 3 190.371
ES211 1989 08 3 1.76881
ES211 1989 09 3 5.42854
ES211 1989 10 3 805.066
ES211 1989 11 4 12.6546
ES211 1989 12 4 482.44
ES211 1990 02 5 6.14083
ES211 1990 03 5 140.296
ES211 1990 04 3 2.75215
ES211 1990 06 2 3.68248
ES211 1990 07 5 3.03973
ES211 1990 08 5 31.491
ES211 1990 09 5 4.76133
ES211 1990 10 4 12.704
ES211 1991 02 5 4.72059
ES211 1991 03 3 8.34977
ES211 1991 05 3 2.50927
ES211 1991 06 2 0.504014
ES211 1991 07 5 2.07285
ES211 1991 08 5 129.762
ES211 1991 09 5 22.7378
ES211 1992 01 5 28.6534
ES211 1992 02 5 25.9826
ES211 1992 03 5 21.818
ES211 1992 04 5 9.40522
ES211 1992 07 3 0.869088
ES211 1992 08 2 0.299484
ES211 1992 09 4 3.28699
ES211 1993 01 2 14.1598
ES211 1993 02 2 0.412579
ES211 1993 03 5 1.10286
ES211 1993 04 4 2.52752
ES211 1993 06 3 3.55037
ES211 1993 07 2 0.06988
ES211 1993 08 4 11.9256
ES211 1993 09 2 0.626066
ES211 1994 02 3 0.449769
ES211 1994 03 3 11.9519
ES211 1994 05 3 3.89428
ES211 1994 06 3 0.568569
ES211 1994 07 3 707.028
ES211 1994 08 5 9.63859
ES211 1994 09 5 49.9451
ES211 1994 11 2 0.352511
ES211 1994 12 2 0.513508
ES211 1995 02 2 13.7729
ES211 1995 03 3 68.8547
ES211 1995 04 3 126.815
ES211 1995 05 4 4.47916
ES211 1995 06 4 3.88012
ES211 1995 07 4 24.1393
ES211 1995 08 4 7.70162
ES211 1995 09 4 29.9623
ES211 1995 10 4 47.4939
ES211 1995 11 4 88.2934
ES211 1995 12 2 0.239084
ES211 1996 03 2 10.2178
ES211 1996 04 2 86.8913
ES211 1996 05 3 0.587592
ES211 1996 07 4 2.71651
ES211 1996 08 2 0.0773467
ES211 1996 09 5 10.6662
ES211 1997 02 5 10.5566
ES211 1997 03 5 181.513
ES211 1997 04 5 35.682
ES211 1997 05 5 1.45129
ES211 1997 06 2 0.877494
ES211 1997 07 2 0.443367
ES211 1997 08 2 0.863898
ES211 1997 09 3 10.2603
ES211 1997 10 3 48.7342
ES211 1997 12 4 4.31629
ES211 1998 01 5 14.6419
ES211 1998 02 5 49.2035
ES211 1998 03 5 19.6862
ES211 1998 04 3 2.49709
ES211 1998 05 3 3.34391
ES211 1998 06 2 0.910161
ES211 1998 07 5 3.3612
ES211 1998 08 5 28.493
ES211 1998 09 2 0.351313
ES211 1998 10 4 4.29624
ES211 1998 11 4 7.32288
ES211 1999 01 4 3.71502
ES211 1999 02 4 1.9626
ES211 1999 03 5 8.9313
ES211 1999 04 5 24.4963
ES211 1999 05 5 10.7009
ES211 1999 06 2 7.8982
ES211 1999 07 5 2.74456
ES211 1999 08 5 8.40744
ES211 1999 09 5 2.25716
ES211 1999 10 5 9.96895
ES211 1999 11 3 2.40177
ES211 1999 12 2 2.09702
ES211 2000 01 4 1.12388
ES211 2000 02 4 8.53634
ES211 2000 03 4 181.388
ES211 2000 05 4 3.17925
ES211 2000 06 4 1.84285
ES211 2000 07 4 1.68273
ES211 2000 08 4 19.5724
ES211 2000 09 4 53.3593
ES211 2000 10 2 0.374144
ES211 2000 12 3 1.22581
ES211 2001 03 5 4.62929
ES211 2001 04 4 1.52945
ES211 2001 05 4 5.54276
ES211 2001 06 4 0.652659
ES211 2001 07 4 2.1064
ES211 2001 08 4 272.831
ES211 2001 09 4 12.2769
ES211 2001 10 4 6.74814
ES211 2001 11 3 1.02839
ES211 2001 12 2 1.16321
ES211 2002 01 2 8.13317
ES211 2002 02 2 90.8488
ES211 2002 03 2 54.7775
ES211 2002 04 2 152.554
ES211 2002 05 3 0.280562
ES211 2002 06 3 1.16423
ES211 2002 07 3 40.4213
ES211 2002 08 3 2.24054
ES211 2002 09 5 0.825288
ES211 2002 11 3 0.427062
ES211 2003 03 3 48.4868
ES211 2003 04 2 13.1108
ES211 2003 05 3 2.91074
ES211 2003 06 4 0.851311
ES211 2003 07 4 6.71083
ES211 2003 08 4 34.6217
ES211 2003 09 4 27.0594
ES211 2004 02 2 0.143118
ES211 2004 03 4 1.78518
ES211 2004 04 4 4.58349
ES211 2004 05 2 0.0230818
ES211 2004 06 2 4.14515
ES211 2004 07 2 9.60127
ES211 2004 08 2 4.3865
ES211 2004 09 2 7.83018
ES211 2004 10 2 0.056069
ES211 2005 03 2 21.2932
ES211 2005 04 2 5.64193
ES211 2005 05 4 2.53923
ES211 2005 06 3 31.8392
ES211 2005 07 3 16.7
ES211 2005 08 3 13.7135
ES211 2005 09 3 6.74891
ES211 2006 02 3 4.07169
ES211 2006 03 3 5.76642
ES211 2006 04 3 6.59156
ES211 2006 05 4 1.33758
ES211 2006 06 4 3.05408
ES211 2006 07 4 3.40822
ES211 2006 08 4 2.02639
ES211 2006 09 4 1.92136
ES211 2006 11 3 0.0247014
ES212 1987 02 3 3.42973
ES212 1987 03 3 46.3841
ES212 1987 04 3 187.242
ES212 1987 05 3 21.683
ES212 1987 06 5 6.92591
ES212 1987 09 5 16.8286
ES212 1987 10 5 3.24291
ES212 1987 11 2 2.24764
ES212 1987 12 2 103.034
ES212 1988 01 2 8.09321
ES212 1988 02 2 68.1271
ES212 1988 03 2 16.3195
ES212 1988 04 2 1.36689
ES212 1988 05 5 10.1808
ES212 1988 07 2 1.51732
ES212 1988 09 2 0.145549
ES212 1988 10 2 37.6764
ES212 1988 11 2 96.2035
ES212 1988 12 5 11.2645
ES212 1989 01 5 1061.47
ES212 1989 02 5 104.772
ES212 1989 03 5 213.122
ES212 1989 04 5 10.3986
ES212 1989 05 5 27.5096
ES212 1989 06 5 4.36912
ES212 1989 07 5 35.4227
ES212 1989 08 2 0.450954
ES212 1989 09 2 35.8944
ES212 1989 10 2 296.601
ES212 1989 11 2 207.245
ES212 1989 12 2 2625.02
ES212 1990 01 2 2.84651
ES212 1990 02 2 41.4025
ES212 1990 03 2 220.729
ES212 1990 04 4 1.50789
ES212 1990 05 2 2.41478
ES212 1990 06 2 0.151702
ES212 1990 07 2 41.5779
ES212 1990 08 2 5.26475
ES212 1990 10 4 2.96212
ES212 1991 01 4 21.5523
ES212 1991 02 3 18.6291
ES212 1991 03 3 49.6887
ES212 1991 04 3 6.80075
ES212 1991 05 3 0.892605
ES212 1991 06 2 0.384414
ES212 1991 07 5 5.97786
ES212 1991 08 5 38.9866
ES212 1991 09 4 0.848176
ES212 1991 12 4 38.0273
ES212 1992 01 4 68.0285
ES212 1992 02 4 74.1774
ES212 1992 03 4 136.912
ES212 1992 04 3 1.19801
ES212 1992 05 3 20.6437
ES212 1992 11 5 26.9075
ES212 1992 12 5 6.6881
ES212 1993 01 5 69.6545
ES212 1993 02 5 78.4916
ES212 1993 03 5 150.104
ES212 1993 04 5 18.7968
ES212 1993 05 3 2.3487
ES212 1993 06 4 7.23304
ES212 1993 07 3 6.94573
ES212 1993 08 4 2.1405
ES212 1993 09 3 0.636412
ES212 1993 12 2 0.543626
ES212 1994 02 2 101.023
ES212 1994 03 3 0.472854
ES212 1994 04 2 1.56337
ES212 1994 05 2 0.312204
ES212 1994 06 3 0.800264
ES212 1994 08 3 4.92683
ES212 1994 09 2 1.92618
ES212 1994 11 2 0.547436
ES212 1994 12 5 2.50595
ES212 1995 01 5 213.553
ES212 1995 02 5 8.36738
ES212 1995 03 5 36.1686
ES212 1995 04 5 26.7833
ES212 1995 05 5 38.9803
ES212 1995 06 5 16.9956
ES212 1995 07 5 8.45851
ES212 1995 08 4 0.391983
ES212 1995 09 3 33.5014
ES212 1995 10 3 24.2171
ES212 1995 11 3 89.928
ES212 1995 12 3 30.4845
ES212 1996 01 3 547.866
ES212 1996 02 2 3.67915
ES212 1996 03 2 44.6414
ES212 1996 04 2 35.3388
ES212 1996 05 3 12.3794
ES212 1996 06 3 14.1857
ES212 1996 07 2 1.96602
ES212 1996 09 2 0.609465
ES212 1996 10 5 2.12166
ES212 1997 01 5 8.82008
ES212 1997 02 5 115.655
ES212 1997 03 5 64.4035
ES212 1997 04 5 52.76
ES212 1997 05 5 30.9639
ES212 1997 07 2 0.250294
ES212 1997 09 2 4.77328
ES212 1997 10 2 14.1626
ES212 1997 11 2 0.0599085
ES212 1998 01 2 89.4508
ES212 1998 02 2 831.972
ES212 1998 03 2 26.3683
ES212 1998 04 2 5.4343
ES212 1998 05 2 9.8072
ES212 1998 06 2 8.38903
ES212 1998 07 5 0.892281
ES212 1998 08 5 23.8353
ES212 1998 09 2 0.119549
ES212 1998 12 2 145.381
ES212 1999 01 2 29.8752
ES212 1999 03 2 22.4447
ES212 1999 04 2 13.4569
ES212 1999 05 2 2.76964
ES212 1999 06 2 1.12391
ES212 1999 07 2 2.6823
ES212 1999 08 2 2.84921
ES212 1999 09 2 3.83599
ES212 1999 10 3 1.75162
ES212 1999 11 3 4.18701
ES212 1999 12 2 0.556755
ES212 2000 01 5 19.8958
ES212 2000 02 5 50.1272
ES212 2000 03 5 98.4858
ES212 2000 04 5 3.41088
ES212 2000 05 3 6.16708
ES212 2000 06 3 7.41793
ES212 2000 07 3 2.63633
ES212 2000 08 2 0.723245
ES212 2000 09 5 0.712278
ES212 2000 10 2 0.257602
ES212 2000 11 3 0.342038
ES212 2000 12 3 37.0167
ES212 2001 01 3 52.6689
ES212 2001 02 3 58.9793
ES212 2001 03 3 42.7798
ES212 2001 04 5 2.91631
ES212 2001 05 3 5.33297
ES212 2001 06 3 2.5221
ES212 2001 08 3 1.32736
ES212 2001 09 5 1.59036
ES212 2001 10 5 15.3866
ES212 2001 11 2 5.20041
ES212 2001 12 4 2.47612
ES212 2002 01 4 737.336
ES212 2002 02 4 461.07
ES212 2002 03 4 165.679
ES212 2002 04 4 43.7021
ES212 2002 05 3 6.94215
ES212 2002 10 2 0.192773
ES212 2002 12 2 7.48859
ES212 2003 02 4 8.04451
ES212 2003 03 4 86.2881
ES212 2003 04 4 8.81148
ES212 2003 05 3 46.3758
ES212 2003 07 3 2.67788
ES212 2003 08 3 217.888
ES212 2003 09 5 4.66795
ES212 2003 12 3 1.11709
ES212 2004 02 3 3.98845
ES212 2004 03 3 1.8137
ES212 2004 04 2 0.414768
ES212 2004 05 2 1.11124
ES212 2004 08 2 4.46673
ES212 2004 09 2 9.75466
ES212 2004 10 3 61.0453
ES212 2005 01 3 1.12548
ES212 2005 03 3 141.514
ES212 2005 04 5 4.95689
ES212 2005 05 5 3.83006
ES212 2005 06 5 7.76863
ES212 2005 07 5 14.0254
ES212 2005 08 2 1.1529
ES212 2005 09 2 0.126699
ES212 2005 10 2 83.2633
ES212 2005 11 2 0.474939
ES212 2005 12 2 0.777706
ES212 2006 03 5 4.21996
ES212 2006 04 5 4.00211
ES212 2006 05 3 0.722417
ES212 2006 06 5 0.659588
ES212 2006 07 2 0.0292636
ES212 2006 09 5 0.919681
ES212 2006 10 4 0.426575
ES212 2006 11 4 11.3747
ES212 2006 12 2 0.150228
ES213 1986 02 2 127.087
ES213 1986 03 2 36.0634
ES213 1986 05 2 45.8718
