ES419 1990 08 132 5420.39
ES419 1990 09 132 449.916
ES419 1990 10 132 692.366
ES419 1990 11 4 412.694
ES419 1990 12 4 121.038
ES419 1991 01 4 10.2777
ES419 1991 02 4 91.3261
ES419 1991 03 4 368.671
ES419 1991 04 4 1190.07
ES419 1991 05 4 592.231
ES419 1991 06 4 200.27
ES419 1991 07 4 9318.68
ES419 1991 08 119 3438.65
ES419 1991 09 119 685.827
ES419 1991 10 119 215.343
ES419 1991 11 4 22.6792
ES419 1991 12 4 1467.88
ES419 1992 01 4 348.456
ES419 1992 02 4 518.608
ES419 1992 03 4 905.942
ES419 1992 04 4 877.278
ES419 1992 05 4 511.838
ES419 1992 06 2 385.291
ES419 1992 07 2 570.055
ES419 1992 08 2 428.059
ES419 1992 09 2 507.07
ES419 1992 10 2 70.5879
ES419 1992 11 3 25.1429
ES419 1993 01 5 12.0286
ES419 1993 02 5 531.215
ES419 1993 03 5 182.422
ES419 1993 04 5 81.7576
ES419 1993 06 3 38.1337
ES419 1993 07 3 116.852
ES419 1993 08 3 1234.54
ES419 1993 09 3 21.1349
ES419 1993 10 2 0.668199
ES419 1993 11 5 14.2756
ES419 1993 12 5 34.0369
ES419 1994 01 5 70.5497
ES419 1994 02 5 196.623
ES419 1994 03 5 106.446
ES419 1994 04 5 122.751
ES419 1994 05 2 5.11288
ES419 1994 06 3 2.39697
ES419 1994 07 3 117.634
ES419 1994 08 129 5151.95
ES419 1994 09 166 4474.25
ES419 1994 10 166 520.48
ES419 1994 11 2 2.52078
ES419 1995 01 2 260.953
ES419 1995 02 3 7.66213
ES419 1995 03 3 1585.34
ES419 1995 04 3 2238.22
ES419 1995 05 5 42.6474
ES419 1995 06 5 9.70781
ES419 1995 07 5 73.7006
ES419 1995 08 5 1398.08
ES419 1995 09 87 297.047
ES419 1995 10 87 223.922
ES419 1996 04 87 428.45
ES419 1996 05 2 2.30068
ES419 1996 06 2 167.737
ES419 1996 07 2 3900.84
ES419 1996 08 109 1298.82
ES419 1996 09 182 1790.35
ES419 1996 10 182 315.059
ES419 1997 02 182 427.347
ES419 1997 03 147 3247.88
ES419 1997 04 147 1307.29
ES419 1997 05 147 224.059
ES419 1997 06 2 1.00254
ES419 1997 07 5 12.9211
ES419 1997 08 5 20.6025
ES419 1997 09 5 117.911
ES419 1997 10 5 172.826
ES419 1998 01 2 0.74775
ES419 1998 02 2 277.466
ES419 1998 03 109 997.458
ES419 1998 04 2 2.99899
ES419 1998 05 2 0.125146
ES419 1998 06 2 1.13308
ES419 1998 07 2 196.149
ES419 1998 08 100 1666.48
ES419 1998 09 106 820.495
ES419 1998 10 106 434.198
ES419 1998 11 97 2310.62
ES419 1998 12 97 2615.36
ES419 1999 01 97 58.1026
ES419 1999 02 155 1727.67
ES419 1999 03 155 4124.22
ES419 1999 04 155 103.299
ES419 1999 05 5 54.2383
ES419 1999 06 5 849.261
ES419 1999 07 5 354.026
ES419 1999 08 5 698.817
ES419 1999 09 5 129.74
ES419 1999 10 5 22.0291
ES419 1999 11 4 10.0266
ES419 1999 12 4 117.106
ES419 2000 01 4 21.3266
ES419 2000 02 4 586.953
ES419 2000 03 117 1261.76
ES419 2000 04 117 18.103
ES419 2000 05 4 35.1474
ES419 2000 06 4 1675.36
ES419 2000 07 4 210.075
ES419 2000 08 95 3109.86
ES419 2000 09 153 3581.95
ES419 2000 10 153 97.703
ES419 2000 11 2 13.2013
ES419 2001 02 2 125.947
ES419 2001 03 4 9.048
ES419 2001 04 4 119.797
ES419 2001 05 4 26.2046
ES419 2001 06 4 216.212
ES419 2001 07 4 861.148
ES419 2001 08 4 635.901
ES419 2001 09 93 1062.71
ES419 2001 10 93 25.874
ES419 2001 11 93 265.349
ES419 2001 12 92 5138.49
ES419 2002 01 5 4.39952
ES419 2002 02 5 572.979
ES419 2002 03 5 270.132
ES419 2002 04 5 682.357
ES419 2002 05 5 402.703
ES419 2002 06 5 22.5505
ES419 2002 07 5 315.257
ES419 2002 08 5 1886.05
ES419 2002 09 5 130.022
ES419 2002 11 2 2.3819
ES419 2002 12 3 2.11903
ES419 2003 01 3 2.68907
ES419 2003 02 3 5.1147
ES419 2003 03 3 114.117
ES419 2003 04 3 116.611
ES419 2003 05 3 52.543
ES419 2003 06 3 79.2737
ES419 2003 07 3 92.8952
ES419 2003 08 3 2743.81
ES419 2003 09 3 487.06
ES419 2003 10 2 1.54317
ES419 2003 11 3 6.96217
ES419 2003 12 3 7.56127
ES419 2004 01 3 30.4081
ES419 2004 02 83 860.013
ES419 2004 03 83 592.623
ES419 2004 04 83 417.853
ES419 2004 05 83 161.067
ES419 2004 06 83 513.9
ES419 2004 07 83 2675.64
ES419 2004 08 83 1280.05
ES419 2004 09 83 145.927
ES419 2004 10 83 472.521
ES419 2004 11 83 363.286
ES419 2004 12 83 35.6637
ES419 2005 01 83 644.83
ES419 2005 02 144 2704.96
ES419 2005 03 140 4023.56
ES419 2005 04 140 227.314
ES419 2005 05 140 525.839
ES419 2005 06 140 1297.89
ES419 2005 07 140 2655.6
ES419 2005 08 140 1987.92
ES419 2005 09 140 2932.35
ES419 2005 10 140 7420.3
ES419 2005 12 140 8.75619
ES419 2006 01 140 30.7084
ES419 2006 02 140 588.401
ES419 2006 03 140 12.1249
ES419 2006 04 140 111.505
ES419 2006 05 140 632.229
ES419 2006 06 140 17.8207
ES419 2006 07 140 144.047
ES419 2006 08 140 1424.92
ES419 2006 09 140 507.208
ES419 2006 10 4 0.443152
ES419 2006 12 3 0.424717
ES421 1985 05 3 0.992212
ES421 1985 06 4 1.32702
ES421 1985 07 4 66.1681
ES421 1985 08 4 1675.69
ES421 1985 09 4 266.418
ES421 1985 10 5 5.23516
ES421 1985 11 5 15.9068
ES421 1986 01 2 0.34382
ES421 1986 04 3 5.84157
ES421 1986 05 2 0.362229
ES421 1986 06 3 3.17469
ES421 1986 07 3 5.69635
ES421 1986 08 3 8.31528
ES421 1986 09 5 8.25147
ES421 1987 03 3 18.0412
ES421 1987 04 4 3.59927
ES421 1987 05 3 1.1407
ES421 1987 06 3 55.8248
ES421 1987 07 3 0.859127
ES421 1987 08 3 19.9603
ES421 1987 09 3 220.546
ES421 1988 02 3 0.908975
ES421 1988 03 5 5.28385
ES421 1988 04 2 0.103508
ES421 1988 07 3 3.52923
ES421 1988 08 3 103.174
ES421 1988 09 3 7.50077
ES421 1988 10 3 0.777566
ES421 1988 11 3 0.851327
ES421 1988 12 2 1.7485
ES421 1989 02 2 0.743933
ES421 1989 03 2 0.615331
ES421 1989 04 2 0.681111
ES421 1989 05 3 1.05125
ES421 1989 07 3 38.2454
ES421 1989 08 3 37.1466
ES421 1989 09 3 0.402546
ES421 1989 11 2 2.1292
ES421 1990 02 3 4.55932
ES421 1990 03 2 1.43848
ES421 1990 04 2 0.523355
ES421 1990 05 2 1.0667
ES421 1990 06 5 43.3804
ES421 1990 07 5 180.841
ES421 1990 08 5 79.8234
ES421 1990 09 5 137.047
ES421 1991 03 2 3.95738
ES421 1991 04 3 1.28396
ES421 1991 05 3 65.2548
ES421 1991 06 3 11.5177
ES421 1991 07 3 190.744
ES421 1991 08 3 109.332
ES421 1991 09 3 236.61
ES421 1991 10 3 0.362162
ES421 1991 11 2 0.070825
ES421 1992 02 2 2.54621
ES421 1992 03 4 0.487172
ES421 1992 04 5 2.49459
ES421 1992 05 5 3.79112
ES421 1992 07 5 6.93876
ES421 1992 08 5 25.22
ES421 1992 09 5 7.43736
ES421 1992 10 3 6.37571
ES421 1992 11 2 0.0652152
ES421 1993 01 5 1.76121
ES421 1993 02 2 0.477268
ES421 1993 03 4 3.42168
ES421 1993 04 3 31.2185
ES421 1993 05 4 0.784224
ES421 1993 07 4 5.70721
ES421 1993 08 4 20.6269
ES421 1993 09 4 52.4312
ES421 1993 10 4 3.04426
ES421 1993 11 2 0.905352
ES421 1993 12 3 0.315528
ES421 1994 01 2 1.27014
ES421 1994 02 4 1.10437
ES421 1994 03 4 14.7575
ES421 1994 04 4 76.7406
ES421 1994 05 4 7.1731
ES421 1994 06 4 40.5429
ES421 1994 07 4 2046.09
ES421 1994 08 4 12809.4
ES421 1994 09 4 30.7119
ES421 1994 11 2 0.792701
ES421 1995 01 4 0.645293
ES421 1995 02 4 3.62629
ES421 1995 03 4 5.02753
ES421 1995 04 4 17.3672
ES421 1995 05 4 16.7801
ES421 1995 06 4 2.40944
ES421 1995 07 4 2.11298
ES421 1995 08 4 26.1695
ES421 1995 09 4 8.25196
ES421 1995 10 3 1.91926
ES421 1995 11 3 2.71003
ES421 1996 02 3 1.75393
ES421 1996 03 3 11.4873
ES421 1996 05 2 0.137145
ES421 1996 06 2 2.43453
ES421 1996 07 2 57.1256
ES421 1996 08 2 2.19085
ES421 1996 09 2 1.92126
ES421 1996 10 3 1.83806
ES421 1996 11 2 0.148573
ES421 1997 02 2 0.380189
ES421 1997 03 2 10.9433
ES421 1997 04 4 4.80766
ES421 1997 05 4 2.36012
ES421 1997 06 4 14.4851
ES421 1997 07 4 10.5383
ES421 1997 08 4 2.90343
ES421 1997 09 3 0.277654
ES421 1998 03 3 0.22963
ES421 1998 04 3 1.35568
ES421 1998 06 3 2.47428
ES421 1998 07 3 42.7702
ES421 1998 08 3 22.6036
ES421 1998 09 3 2.6771
ES421 1998 10 3 47.0231
ES421 1998 11 3 3.54431
ES421 1998 12 3 0.0618888
ES421 1999 01 3 0.208848
ES421 1999 02 3 24.0924
ES421 1999 03 4 7.17839
ES421 1999 04 4 7.9709
ES421 1999 05 5 0.250424
ES421 1999 06 5 10.3903
ES421 1999 07 5 72.5242
ES421 1999 08 5 15.6196
ES421 1999 09 5 0.834462
ES421 1999 10 2 0.00514207
ES421 1999 11 2 1.82613
ES421 1999 12 2 0.0155249
ES421 2000 02 5 9.011
ES421 2000 03 5 49.5548
ES421 2000 04 3 0.274752
ES421 2000 05 2 0.0817937
ES421 2000 06 2 1.85244
ES421 2000 07 2 32.0511
ES421 2000 08 2 3278.75
ES421 2000 09 2 125.043
ES421 2000 10 2 9.60976
ES421 2000 11 3 0.111761
ES421 2001 03 5 2.80463
ES421 2001 04 5 7.16611
ES421 2001 05 2 0.0127317
ES421 2001 06 2 88.5949
ES421 2001 07 2 38.1607
ES421 2001 08 2 22.4365
ES421 2001 09 2 2.19202
ES421 2001 10 2 1.79474
ES421 2001 11 2 0.0756056
ES421 2001 12 4 1.50829
ES421 2002 01 3 3.51875
ES421 2002 02 3 2.3165
ES421 2002 03 3 3.97263
ES421 2002 04 3 4.39195
ES421 2002 05 3 6.11559
ES421 2002 06 3 85.4141
ES421 2002 07 3 46.6746
ES421 2002 08 3 25.77
ES421 2002 09 3 5.62253
ES421 2002 10 2 0.133105
ES421 2003 02 2 0.23735
ES421 2003 03 2 12.0047
ES421 2003 04 2 0.451376
ES421 2003 05 2 0.93524
ES421 2003 06 2 11.8737
ES421 2003 07 2 1201.15
ES421 2003 08 2 103.937
ES421 2003 09 2 4.05561
ES421 2003 10 2 0.00737123
ES421 2004 01 2 3.56765
ES421 2004 02 2 2.58639
ES421 2004 03 2 1.85253
ES421 2004 04 3 2.82694
ES421 2004 05 3 0.0680793
ES421 2004 06 3 104.017
ES421 2004 07 3 10.2337
ES421 2004 08 3 78.0349
ES421 2004 09 3 6.28917
ES421 2004 10 3 11.3582
ES421 2004 11 3 8.45735
ES421 2004 12 2 0.00516039
ES421 2005 01 2 4.44504
ES421 2005 02 2 11.5533
ES421 2005 03 2 29.8967
ES421 2005 04 2 12.4652
ES421 2005 05 2 13.9853
ES421 2005 06 2 16.9479
ES421 2005 07 2 5.66895
ES421 2005 08 2 3.14086
ES421 2005 09 2 40.5638
ES421 2005 11 4 0.711194
ES421 2005 12 4 0.103347
ES421 2006 02 2 1.12895
ES421 2006 03 2 10.3418
ES421 2006 04 2 2.6412
ES421 2006 05 2 3.0193
ES421 2006 06 2 1.97803
ES421 2006 07 2 15.8888
ES421 2006 08 2 37.998
ES421 2006 09 2 0.881555
ES421 2006 10 5 5.78933
ES422 1985 03 3 15.4887
ES422 1985 05 2 0.924071
ES422 1985 06 5 174.637
ES422 1985 07 5 4317.46
ES422 1985 08 5 9603.73
ES422 1985 09 5 758.792
ES422 1986 05 2 1.25827
ES422 1986 06 2 10063.2
ES422 1986 07 2 3973.62
ES422 1986 08 2 1382.97
ES422 1986 09 2 624.148
ES422 1987 07 2 84.049
ES422 1987 08 2 133.626
ES422 1987 09 2 58.9668
ES422 1988 07 2 63.9648
ES422 1988 08 2 1459.16
ES422 1988 09 2 330.816
ES422 1988 10 4 17.9951
ES422 1989 06 4 44.7783
ES422 1989 07 4 822.014
ES422 1989 08 4 224.821
ES422 1989 09 4 28.2296
ES422 1989 10 4 59.7558
ES422 1990 06 4 197.714
ES422 1990 07 4 133.504
ES422 1990 08 4 391.241
ES422 1990 09 4 55.3343
ES422 1991 04 2 4.50471
ES422 1991 05 2 1.54361
ES422 1991 06 2 215.11
ES422 1991 07 2 388.443
ES422 1991 08 2 691.821
ES422 1991 09 2 132.252
ES422 1992 04 2 5.23148
ES422 1992 05 4 23.7303
ES422 1992 07 4 32.2141
ES422 1992 08 4 92.7101
ES422 1992 09 2 0.531997
ES422 1993 04 3 1.16023
ES422 1993 06 2 1.87489
ES422 1993 07 2 94.0831
ES422 1993 08 2 426.753
ES422 1993 09 4 1.21239
ES422 1994 05 4 8.00325
ES422 1994 06 4 111.026
ES422 1994 07 4 508.393
ES422 1994 08 4 1020.03
ES422 1994 09 4 386.668
ES422 1995 02 2 0.12428
ES422 1995 03 3 25.2352
ES422 1995 04 3 15.5772
ES422 1995 05 3 6.18231
ES422 1995 06 3 5.63095
ES422 1995 07 3 23.8127
ES422 1995 08 3 67.2858
ES422 1995 09 3 8.46238
ES422 1995 10 4 1.5076
ES422 1996 03 2 2.86156
ES422 1996 05 2 0.0589025
ES422 1996 06 2 3.91023
ES422 1996 07 2 352.809
ES422 1996 08 2 24.9677
ES422 1996 09 5 19.9556
ES422 1997 04 2 1.77255
ES422 1997 05 5 4.97929
ES422 1997 07 5 38.2268
ES422 1997 08 5 34.7843
ES422 1997 09 5 86.9838
ES422 1998 03 5 2.1114
ES422 1998 06 5 12.046
ES422 1998 07 5 649
ES422 1998 08 5 45.0695
ES422 1998 09 5 70.235
ES422 1999 02 3 7.86686
ES422 1999 03 5 11.6924
ES422 1999 04 5 36.4751
ES422 1999 05 5 16.084
ES422 1999 06 2 0.0222462
ES422 1999 07 2 542.429
ES422 1999 08 2 10.057
ES422 1999 09 2 11.1194
ES422 2000 02 2 1.25592
ES422 2000 03 4 2.9699
ES422 2000 05 2 0.010961
ES422 2000 06 2 245.8
ES422 2000 07 2 298.605
ES422 2000 08 2 244.732
ES422 2000 09 2 81.96
ES422 2000 10 2 27.3705
ES422 2001 04 3 0.0912811
ES422 2001 05 3 13.9972
ES422 2001 06 3 1153.71
ES422 2001 07 3 510.058
ES422 2001 08 3 1136.14
ES422 2001 09 3 43.5124
ES422 2001 10 2 1.82379
ES422 2001 12 4 0.597705
ES422 2002 02 5 4.74717
ES422 2002 04 3 65.3769
ES422 2002 05 5 16.5472
ES422 2002 06 5 1061.48
ES422 2002 07 5 1356.03
ES422 2002 08 5 1309.16
ES422 2002 09 5 44.7692
ES422 2002 11 2 0.0474528
ES422 2003 02 4 4.84159
ES422 2003 03 4 12.4371
ES422 2003 04 5 16.0511
ES422 2003 05 5 12.5634
ES422 2003 06 5 107.785
ES422 2003 07 5 879.8
ES422 2003 08 5 1487.1
ES422 2003 09 5 32.8729
ES422 2003 10 4 3.85482
ES422 2004 03 5 0.915665
ES422 2004 04 2 0.149476
ES422 2004 05 2 1.96287
ES422 2004 06 2 44.0223
ES422 2004 07 2 737.039
ES422 2004 08 2 108.7
ES422 2004 09 2 203.07
ES422 2004 10 2 268.15
ES422 2004 11 2 0.278966
ES422 2005 01 2 18.034
ES422 2005 02 2 274.252
ES422 2005 03 2 35.932
ES422 2005 04 2 126.767
ES422 2005 05 2 109.697
ES422 2005 06 2 412.504
ES422 2005 07 2 1929.03
ES422 2005 08 2 1038.99
ES422 2005 09 2 8.87929
ES422 2005 10 2 7.70313
ES422 2005 11 2 0.342728
ES422 2006 02 2 0.275488
ES422 2006 03 3 1.28657
ES422 2006 04 2 0.0210915
ES422 2006 05 2 12.1124
ES422 2006 06 2 70.0143
ES422 2006 07 2 228.285
ES422 2006 08 2 1457.34
ES422 2006 09 2 186.102
ES422 2006 10 2 44.848
ES422 2006 12 2 0.464353
ES423 1985 03 4 11.2963
ES423 1985 04 4 0.612568
ES423 1985 06 3 2.79262
ES423 1985 07 3 3.48004
ES423 1985 08 3 218.477
ES423 1985 09 3 946.503
ES423 1985 10 3 142.961
ES423 1985 11 2 1.37193
ES423 1986 03 2 76.3923
ES423 1986 04 3 4.63105
ES423 1986 05 2 0.135016
ES423 1986 06 2 9.66743
ES423 1986 07 2 57.1139
ES423 1986 08 2 276.79
ES423 1986 09 2 11.0689
ES423 1987 03 4 2.86853
ES423 1987 04 5 10.8728
ES423 1987 05 4 2.36776
ES423 1987 06 4 8.90324
ES423 1987 07 4 560.421
ES423 1987 08 4 870.21
ES423 1987 09 4 2.25917
ES423 1988 02 2 0.70268
ES423 1988 03 2 73.877
ES423 1988 07 2 0.204856
ES423 1988 08 2 31.6837
ES423 1988 09 2 171.76
ES423 1988 10 3 10.9285
ES423 1988 11 2 3.21735
ES423 1988 12 2 0.0899845
ES423 1989 01 3 5.0222
ES423 1989 02 3 13.7027
ES423 1989 03 3 4.77745
ES423 1989 04 3 4.57482
ES423 1989 05 3 16.5712
ES423 1989 06 4 0.885455
ES423 1989 07 4 109.803
ES423 1989 08 4 81.0197
ES423 1989 09 4 5.91803
ES423 1989 10 2 0.887906
ES423 1990 01 2 0.760236
ES423 1990 02 4 2.02113
ES423 1990 03 2 1.54856
ES423 1990 04 2 17.1346
ES423 1990 05 2 71.6349
ES423 1990 06 2 1103.31
ES423 1990 07 2 1609.26
ES423 1990 08 2 202.904
ES423 1990 09 4 11.3332
ES423 1990 10 2 1.36293
ES423 1991 01 2 1.41716
ES423 1991 02 3 0.173043
ES423 1991 03 3 0.304907
ES423 1991 04 3 6.13891
ES423 1991 05 3 3.92973
ES423 1991 06 3 220.674
ES423 1991 07 3 2918.84
ES423 1991 08 3 3075.27
ES423 1991 09 3 5.57798
ES423 1991 10 4 4.31329
ES423 1992 02 4 11.338
ES423 1992 03 4 495.317
ES423 1992 04 4 30.2221
ES423 1992 05 5 0.459084
ES423 1992 06 4 0.371456
ES423 1992 07 4 11.0562
ES423 1992 08 4 34.8143
ES423 1992 09 4 2.34788
ES423 1993 01 4 2.71664
ES423 1993 02 4 11.714
ES423 1993 03 4 17.2108
ES423 1993 04 5 8.0738
ES423 1993 06 3 0.854138
ES423 1993 07 3 323.729
ES423 1993 08 3 8.54781
ES423 1993 09 3 58.2933
ES423 1994 01 2 1.61958
ES423 1994 02 2 17.6688
ES423 1994 03 2 89.178
ES423 1994 04 2 30.7647
ES423 1994 05 4 7.98952
ES423 1994 06 4 56.5877
ES423 1994 07 4 13493.9
ES423 1994 08 4 182.352
ES423 1994 09 4 1350.71
ES423 1994 12 2 0.817752
ES423 1995 02 2 1.2253
ES423 1995 03 2 7.44005
ES423 1995 04 2 12.57
ES423 1995 05 2 54.1767
ES423 1995 06 5 13.1486
ES423 1995 07 5 8.59925
ES423 1995 08 5 2.73567
ES423 1995 09 2 0.638028
ES423 1995 10 5 25.6968
ES423 1995 11 3 0.147788
ES423 1996 03 2 2.00572
ES423 1996 04 5 3.49396
ES423 1996 06 5 19.5331
ES423 1996 07 5 204.01
ES423 1996 08 4 7.73122
ES423 1996 09 4 2.50426
ES423 1996 10 3 4.91092
ES423 1996 11 2 0.0711464
ES423 1997 02 5 2.4527
ES423 1997 03 5 6.19478
ES423 1997 04 4 1.17694
ES423 1997 05 4 14.1856
ES423 1997 06 2 0.71604
ES423 1997 07 2 5.04275
ES423 1997 08 2 6.84865
ES423 1997 09 4 1.15899
ES423 1998 03 4 15.0788
ES423 1998 06 2 2.39331
ES423 1998 07 2 11.6731
ES423 1998 08 2 39.3428
ES423 1998 09 2 6.25999
ES423 1998 10 2 18.0768
ES423 1998 11 3 6.38545
ES423 1998 12 2 0.0742363
ES423 1999 01 2 3.2019
ES423 1999 02 2 31.1738
ES423 1999 03 2 43.079
ES423 1999 04 2 114.843
ES423 1999 05 2 2.29433
ES423 1999 06 2 33.3184
ES423 1999 07 2 149.974
ES423 1999 08 2 30.0404
ES423 1999 09 2 3.00883
ES423 1999 12 2 1.13427
ES423 2000 02 2 4.70801
ES423 2000 03 2 10.1753
ES423 2000 04 3 0.127417
ES423 2000 06 3 26.3658
ES423 2000 07 3 30.2822
ES423 2000 08 3 1880.7
ES423 2000 09 3 44.5674
ES423 2000 10 3 64.2012
ES423 2001 02 3 1.91436
ES423 2001 03 2 0.0260703
ES423 2001 04 5 1.24273
ES423 2001 05 5 5.1505
ES423 2001 06 5 281.02
ES423 2001 07 5 140.637
ES423 2001 08 5 20.7984
ES423 2001 09 5 11.4004
ES423 2001 11 3 0.375166
ES423 2001 12 2 3.53944
ES423 2002 01 5 0.873327
ES423 2002 02 5 8.93718
ES423 2002 03 5 2.67472
ES423 2002 04 5 7.05779
ES423 2002 05 5 3.5707
ES423 2002 06 5 57.7568
ES423 2002 07 5 81.2195
ES423 2002 08 5 13.6996
ES423 2002 09 5 38.3989
ES423 2002 10 2 1.05189
ES423 2003 02 3 0.0597605
ES423 2003 03 3 24.4117
ES423 2003 04 3 0.724566
ES423 2003 05 3 0.653046
ES423 2003 06 3 88.0517
ES423 2003 07 3 5030.07
ES423 2003 08 3 52.7891
ES423 2003 09 3 31.7425
ES423 2003 10 3 0.433983
ES423 2003 11 2 2.95048
ES423 2004 01 2 6.33786
ES423 2004 02 2 0.526292
ES423 2004 03 5 0.351713
ES423 2004 04 5 3.41953
ES423 2004 05 2 0.097066
ES423 2004 06 2 3.33596
ES423 2004 07 2 281.448
ES423 2004 08 2 509.754
ES423 2004 09 2 46.8199
ES423 2004 10 2 83.1072
ES423 2004 11 2 4.86275
ES423 2005 01 2 24.2717
ES423 2005 02 2 21.4262
ES423 2005 03 2 45.966
ES423 2005 04 2 22.6085
ES423 2005 05 2 191.848
ES423 2005 06 2 422.602
ES423 2005 07 2 100.889
ES423 2005 08 2 35.0259
ES423 2005 09 2 11.3458
ES423 2005 10 4 0.84756
ES423 2005 11 4 0.113736
ES423 2005 12 2 0.367435
ES423 2006 02 5 1.50185
ES423 2006 03 5 11.2882
ES423 2006 04 5 2.89315
ES423 2006 05 5 4.00894
ES423 2006 06 5 26.9941
ES423 2006 07 5 27.3708
ES423 2006 08 5 100.858
ES423 2006 09 5 0.230484
ES423 2006 10 5 2.02988
ES423 2006 11 2 0.165774
ES424 1985 04 2 1.43237
ES424 1985 06 3 13.8109
ES424 1985 07 3 215.065
ES424 1985 08 3 2113.73
ES424 1985 09 3 798.5
ES424 1985 10 3 195.621
ES424 1985 12 2 8.12484
ES424 1986 02 2 0.875684
ES424 1986 03 3 2.81505
ES424 1986 04 2 4.0017
ES424 1986 05 3 1.26423
ES424 1986 06 3 36.7659
ES424 1986 07 3 1419.83
ES424 1986 08 3 1219.26
ES424 1986 09 5 24.1551
ES424 1987 03 4 4.96566
ES424 1987 04 2 1.46265
ES424 1987 06 2 121.632
ES424 1987 07 2 53.8892
ES424 1987 08 2 237.054
ES424 1987 09 2 75.0784
ES424 1988 02 4 2.62935
ES424 1988 03 4 111.233
ES424 1988 07 2 2.6544
ES424 1988 08 2 41.411
ES424 1988 09 2 428.639
ES424 1988 10 2 17.2391
ES424 1988 11 2 8.37992
ES424 1989 01 2 12.8666
ES424 1989 02 2 71.1353
ES424 1989 03 2 10.2335
ES424 1989 04 3 7.34652
ES424 1989 05 3 173.527
ES424 1989 06 2 0.61123
ES424 1989 07 2 42.9043
ES424 1989 08 2 80.9006
ES424 1989 09 2 526.087
ES424 1989 10 2 122.504
ES424 1990 02 3 2.0595
ES424 1990 03 3 5.7088
ES424 1990 04 3 4.35524
ES424 1990 05 3 5.8753
ES424 1990 06 3 33.7679
ES424 1990 07 3 1357.35
ES424 1990 08 3 378.651
ES424 1990 09 5 3.1192
ES424 1990 11 3 1.68995
ES424 1990 12 2 1.43451
ES424 1991 02 2 0.370596
ES424 1991 04 2 1.13316
ES424 1991 05 3 7.59562
ES424 1991 06 3 233.421
ES424 1991 07 3 869.086
ES424 1991 08 3 3723.22
ES424 1991 09 3 8.25417
ES424 1991 10 2 0.362308
ES424 1992 01 3 0.646125
ES424 1992 02 3 19.1315
ES424 1992 03 3 47.433
ES424 1992 04 3 4.2645
ES424 1992 05 3 2.72215
ES424 1992 06 2 2.77744
ES424 1992 07 2 23.5868
ES424 1992 08 2 57.5985
ES424 1992 09 2 230.028
ES424 1992 10 2 3.4527
ES424 1993 01 2 2.33717
ES424 1993 02 2 44.1465
ES424 1993 03 2 10.1962
ES424 1993 04 5 1.91959
ES424 1993 05 2 3.25995
ES424 1993 06 2 0.712661
ES424 1993 07 2 231.797
ES424 1993 08 2 57.6154
ES424 1993 09 2 19.3232
ES424 1994 02 5 12.6994
ES424 1994 03 5 24.8246
ES424 1994 04 5 43.527
ES424 1994 05 4 26.8705
ES424 1994 06 4 9.2004
ES424 1994 07 4 1272.66
ES424 1994 08 4 2876.55
ES424 1994 09 4 203.416
ES424 1994 10 3 3.53213
ES424 1994 11 2 0.118809
ES424 1995 01 2 4.89999
ES424 1995 02 4 1.61439
ES424 1995 03 4 6.71936
ES424 1995 04 4 187.178
ES424 1995 05 3 2.618
ES424 1995 06 3 20.0224
ES424 1995 07 3 17.7104
ES424 1995 08 3 16.0673
ES424 1995 09 3 11.9545
ES424 1995 10 3 12.1802
ES424 1995 11 3 3.16986
ES424 1996 03 2 0.667964
ES424 1996 04 2 0.0749759
ES424 1996 05 2 0.115875
ES424 1996 06 5 2.83653
ES424 1996 07 5 230.686
ES424 1996 08 5 3.96127
ES424 1996 09 5 13.3926
ES424 1996 10 5 79.7276
ES424 1996 11 2 0.259811
ES424 1997 02 5 1.71194
ES424 1997 03 5 143.229
ES424 1997 04 5 10.8597
ES424 1997 05 2 0.100742
ES424 1997 06 2 0.457852
ES424 1997 07 5 7.31188
ES424 1997 08 5 4.36564
ES424 1997 09 4 2.60845
ES424 1997 10 3 2.67132
ES424 1998 02 4 11.2697
ES424 1998 03 4 7.32719
ES424 1998 05 2 0.936944
ES424 1998 06 4 8.39708
ES424 1998 07 4 27.7788
ES424 1998 08 4 145.358
ES424 1998 09 4 236.467
ES424 1999 01 4 7.77097
ES424 1999 02 4 29.6473
ES424 1999 03 4 58.9292
ES424 1999 04 5 9.18086
ES424 1999 05 2 0.69724
ES424 1999 06 2 23.3995
ES424 1999 07 2 82.1779
ES424 1999 08 2 268.555
ES424 1999 09 2 3.73514
ES424 1999 10 2 4.88387
ES424 2000 02 2 2.66718
ES424 2000 03 2 16.0589
ES424 2000 05 3 10.2034
ES424 2000 06 3 14.2987
ES424 2000 07 3 1141.2
ES424 2000 08 3 5003.34
ES424 2000 09 3 321.875
ES424 2000 10 3 515.42
ES424 2001 03 2 2.02508
ES424 2001 04 3 0.950602
ES424 2001 05 2 0.0119512
ES424 2001 06 2 242.27
ES424 2001 07 2 180.286
ES424 2001 08 2 41.0009
ES424 2001 09 2 25.0623
ES424 2001 10 3 0.114041
ES424 2001 11 5 0.130469
ES424 2001 12 2 0.144578
ES424 2002 02 2 7.49079
ES424 2002 03 2 20.3607
ES424 2002 04 2 32.4923
ES424 2002 05 2 10.8954
ES424 2002 06 2 38.8083
ES424 2002 07 2 58.7753
ES424 2002 08 2 105.456
ES424 2002 09 2 33.4315
ES424 2002 10 2 0.0693685
ES424 2002 11 4 1.08115
ES424 2003 01 3 0.289322
ES424 2003 02 3 0.395987
ES424 2003 03 3 8.44495
ES424 2003 04 4 0.295374
ES424 2003 05 4 1.82853
ES424 2003 06 4 77.4936
ES424 2003 07 4 1281.43
ES424 2003 08 4 270.602
ES424 2003 09 4 93.946
ES424 2003 10 3 0.441644
ES424 2003 12 2 0.00746399
ES424 2004 01 4 2.19431
ES424 2004 02 4 1.0218
ES424 2004 03 4 3.54299
ES424 2004 04 4 10.8228
ES424 2004 05 4 0.354767
ES424 2004 06 4 14.6996
ES424 2004 07 4 93.3469
ES424 2004 08 4 131.2
ES424 2004 09 4 9.01443
ES424 2004 10 4 92.4053
ES424 2004 11 4 1.80963
ES424 2005 01 4 6.56233
ES424 2005 02 4 15.6042
ES424 2005 03 4 82.0831
ES424 2005 04 4 33.4477
ES424 2005 05 4 26.7132
ES424 2005 06 4 49.4736
ES424 2005 07 4 8683.35
ES424 2005 08 4 595.106
ES424 2005 09 4 18.891
ES424 2005 10 5 1.2284
ES424 2006 01 2 0.113733
ES424 2006 02 2 2.84419
ES424 2006 03 2 20.5836
ES424 2006 04 2 14.4347
ES424 2006 05 2 9.76869
ES424 2006 06 2 12.7917
ES424 2006 07 2 31.239
ES424 2006 08 2 69.8103
ES424 2006 09 2 3.98323
ES424 2006 10 4 0.426843
ES425 1985 07 4 2235.49
ES425 1985 08 4 4532.22
ES425 1985 09 4 879.019
ES425 1985 10 2 4.15037
ES425 1986 06 2 0.586334
ES425 1986 07 2 1373.37
ES425 1986 08 2 132.609
ES425 1987 06 2 24.4971
ES425 1987 07 2 47.9421
ES425 1987 08 2 95.5138
ES425 1987 09 2 103.714
ES425 1988 03 2 5.5428
ES425 1988 04 2 1.00613
ES425 1988 07 4 10.466
ES425 1988 08 4 238.411
ES425 1988 09 4 109.528
ES425 1988 10 3 9.70742
ES425 1989 03 3 17.4369
ES425 1989 05 3 82.836
ES425 1989 06 3 8.48219
ES425 1989 07 3 178.454
ES425 1989 08 3 1455.44
ES425 1989 09 3 297.115
ES425 1989 10 3 10.8529
ES425 1990 03 2 7.93149
ES425 1990 04 2 2.85808
ES425 1990 06 3 7.93478
ES425 1990 07 3 359.116
ES425 1990 08 3 82.7489
ES425 1990 09 3 9.18586
ES425 1990 10 2 7.26015
ES425 1990 11 2 11.1748
ES425 1991 05 2 1.74066
ES425 1991 06 2 161.958
ES425 1991 07 2 164.575
ES425 1991 08 2 694.309
ES425 1991 09 2 130.098
ES425 1991 10 3 3.44205
ES425 1992 01 2 10.7716
ES425 1992 02 5 14.612
ES425 1992 03 5 35.2876
ES425 1992 04 5 75.1729
ES425 1992 05 5 337.433
ES425 1992 06 2 0.63397
ES425 1992 07 2 40.7471
ES425 1992 08 2 36.0624
ES425 1992 09 2 102.154
ES425 1992 10 2 40.3027
ES425 1993 01 2 2.89325
ES425 1993 02 3 34.0716
ES425 1993 03 3 2.99134
ES425 1993 04 5 56.4145
ES425 1993 06 2 4.70912
ES425 1993 07 2 101.635
ES425 1993 08 2 223.763
ES425 1993 09 2 88.7917
ES425 1993 10 2 0.0847031
ES425 1994 03 3 15.4893
ES425 1994 04 3 23.6474
ES425 1994 05 3 100.249
ES425 1994 06 3 57.0798
ES425 1994 07 3 151.128
ES425 1994 08 3 836.137
ES425 1994 09 3 241.336
ES425 1994 10 3 18.896
ES425 1995 01 2 4.94027
ES425 1995 02 2 0.576725
ES425 1995 03 4 14.5569
ES425 1995 04 4 20.0588
ES425 1995 05 5 8.63914
