ES513 1990 02 2 13.2692
ES513 1990 03 2 77.1002
ES513 1990 04 3 6.5737
ES513 1990 05 3 16.2157
ES513 1990 06 3 3.63231
ES513 1990 07 3 16.3596
ES513 1990 08 3 62.9553
ES513 1991 01 2 2.54947
ES513 1991 02 2 11.6703
ES513 1991 04 2 37.4541
ES513 1991 05 2 75.491
ES513 1991 06 2 12.0906
ES513 1991 07 2 461.639
ES513 1991 08 2 85.2579
ES513 1991 09 4 3.37525
ES513 1991 10 3 4.02062
ES513 1991 11 3 17.0856
ES513 1992 01 5 68.2067
ES513 1992 02 5 164.462
ES513 1992 03 5 103.226
ES513 1992 04 5 38.9578
ES513 1992 05 5 3.25764
ES513 1992 06 2 0.349178
ES513 1992 07 3 0.771782
ES513 1992 08 3 8.81278
ES513 1992 09 4 2.46345
ES513 1993 01 4 8.04059
ES513 1993 02 4 11.9811
ES513 1993 03 4 359.729
ES513 1993 04 5 6.07118
ES513 1993 05 2 1.44445
ES513 1993 06 2 8.98752
ES513 1993 07 2 36.2508
ES513 1993 08 2 17.8699
ES513 1993 09 2 13.3181
ES513 1993 10 2 1.27658
ES513 1993 11 3 24.4835
ES513 1994 01 3 8.54226
ES513 1994 02 3 4.8284
ES513 1994 03 3 138.387
ES513 1994 04 3 66.8204
ES513 1994 05 3 17.8122
ES513 1994 06 3 109.384
ES513 1994 07 3 331.143
ES513 1994 08 3 3599.75
ES513 1994 09 3 3.49792
ES513 1994 10 2 1.06839
ES513 1994 11 2 3.5382
ES513 1995 01 3 2.84392
ES513 1995 02 3 31.2272
ES513 1995 03 3 108.375
ES513 1995 04 3 11.6942
ES513 1995 05 3 41.2654
ES513 1995 06 2 0.0823666
ES513 1995 07 5 5.85356
ES513 1995 08 5 12.8958
ES513 1995 09 2 0.451974
ES513 1995 10 3 0.922044
ES513 1995 11 2 10.2155
ES513 1995 12 2 2.71543
ES513 1996 02 2 20.0421
ES513 1996 03 2 20.1825
ES513 1996 04 2 0.801888
ES513 1996 05 3 7.05595
ES513 1996 06 3 2.20341
ES513 1996 07 3 706.382
ES513 1996 08 3 1.16469
ES513 1996 09 3 4.69446
ES513 1996 10 3 4.15601
ES513 1996 11 2 0.57163
ES513 1997 02 2 13.7066
ES513 1997 03 2 64.2958
ES513 1997 04 2 21.3784
ES513 1997 05 2 5.63598
ES513 1997 06 3 1.83021
ES513 1997 07 3 2.25287
ES513 1997 08 3 4.06734
ES513 1997 09 5 0.356351
ES513 1997 10 5 14.2574
ES513 1997 11 2 5.07062
ES513 1998 01 2 39.352
ES513 1998 02 2 795.178
ES513 1998 03 2 106.508
ES513 1998 04 2 6.40998
ES513 1998 05 2 2.55002
ES513 1998 06 2 8.14229
ES513 1998 07 2 502.654
ES513 1998 08 2 7.44664
ES513 1998 09 2 16.3912
ES513 1998 10 2 10.8953
ES513 1998 11 4 3.9106
ES513 1998 12 4 34.1055
ES513 1999 01 3 9.64124
ES513 1999 02 3 104.354
ES513 1999 03 3 63.4135
ES513 1999 04 3 8.86033
ES513 1999 05 3 2.91779
ES513 1999 06 3 3.44832
ES513 1999 07 3 16.6225
ES513 1999 08 3 0.256892
ES513 1999 09 3 1.22242
ES513 1999 10 3 1.04212
ES513 1999 11 3 2.24873
ES513 1999 12 3 29.7235
ES513 2000 01 3 208.079
ES513 2000 02 3 60.6475
ES513 2000 03 3 66.8988
ES513 2000 04 5 7.11725
ES513 2000 05 5 9.24863
ES513 2000 06 4 1.79241
ES513 2000 07 4 14.2061
ES513 2000 08 4 19.6004
ES513 2000 09 4 18.873
ES513 2000 10 2 0.342853
ES513 2001 02 5 4.64561
ES513 2001 03 5 5.09364
ES513 2001 04 5 12.7199
ES513 2001 05 2 0.383184
ES513 2001 06 2 272.772
ES513 2001 07 2 8.23515
ES513 2001 08 2 45.5967
ES513 2001 09 2 5.54026
ES513 2001 10 2 2.19929
ES513 2001 11 2 0.0198535
ES513 2001 12 2 19.3944
ES513 2002 01 2 258.266
ES513 2002 02 2 329.098
ES513 2002 03 2 143.89
ES513 2002 04 2 13.5646
ES513 2002 05 2 14.2993
ES513 2002 06 2 15.7794
ES513 2002 07 2 9.07736
ES513 2002 08 2 22.5442
ES513 2002 09 4 2.129
ES513 2002 10 4 1.26458
ES513 2003 01 5 2.90031
ES513 2003 02 3 0.570284
ES513 2003 03 3 11.6532
ES513 2003 04 3 6.27261
ES513 2003 05 3 7.6013
ES513 2003 06 3 76.9855
ES513 2003 07 3 365.719
ES513 2003 08 3 2109.59
ES513 2003 09 3 2.02762
ES513 2004 01 3 0.0776369
ES513 2004 02 5 31.3873
ES513 2004 03 5 1.27135
ES513 2004 05 5 8.63759
ES513 2004 06 5 38.4267
ES513 2004 07 5 9.27452
ES513 2004 08 5 5.85126
ES513 2004 09 5 26.6693
ES513 2004 10 5 30.3395
ES513 2004 11 5 23.0631
ES513 2004 12 5 59.7102
ES513 2005 01 5 14.2975
ES513 2005 02 5 39.5337
ES513 2005 03 5 128.597
ES513 2005 04 5 77.7745
ES513 2005 05 5 35.5236
ES513 2005 06 5 17.3936
ES513 2005 07 5 41.2086
ES513 2005 08 5 6.53945
ES513 2005 09 5 4.57924
ES513 2005 10 2 0.175845
ES513 2006 02 3 10.3873
ES513 2006 03 3 1.17514
ES513 2006 04 3 11.6655
ES513 2006 05 3 15.8241
ES513 2006 06 3 18.6155
ES513 2006 07 3 147.13
ES513 2006 08 3 21.8678
ES513 2006 09 3 0.16515
ES513 2006 12 3 0.750152
ES514 1985 01 4 44.91
ES514 1985 02 5 8.30024
ES514 1985 03 5 224.34
ES514 1985 04 5 283.838
ES514 1985 05 4 3.86635
ES514 1985 06 4 42.302
ES514 1985 07 4 130.946
ES514 1985 08 4 381.212
ES514 1985 09 4 165.446
ES514 1985 10 4 133.192
ES514 1985 11 4 61.7022
ES514 1986 01 4 33.0825
ES514 1986 02 2 0.347835
ES514 1986 03 2 142.069
ES514 1986 04 4 74.4521
ES514 1986 05 4 9.37356
ES514 1986 06 4 143.383
ES514 1986 07 4 7700.61
ES514 1986 08 4 21.8351
ES514 1986 09 3 153.141
ES514 1987 01 2 2.78427
ES514 1987 02 3 5.85659
ES514 1987 03 3 17.5848
ES514 1987 04 3 15.3199
ES514 1987 05 3 5.43395
ES514 1987 06 3 26.7065
ES514 1987 07 3 70.6337
ES514 1987 08 3 1011.67
ES514 1987 09 3 35.8802
ES514 1987 10 2 1.97265
ES514 1987 11 3 6.17082
ES514 1988 02 2 1.75131
ES514 1988 03 2 55.3886
ES514 1988 04 3 5.0476
ES514 1988 05 2 8.54766
ES514 1988 06 5 4.04106
ES514 1988 07 5 32.8803
ES514 1988 08 5 405.144
ES514 1988 09 5 71.109
ES514 1988 10 5 21.7677
ES514 1988 11 4 3.63285
ES514 1988 12 2 1.0632
ES514 1989 01 2 4.00313
ES514 1989 02 4 23.0333
ES514 1989 03 4 109.039
ES514 1989 04 5 3.91804
ES514 1989 05 3 2.73682
ES514 1989 06 3 445.498
ES514 1989 07 3 2438.7
ES514 1989 08 3 9.4995
ES514 1989 09 4 8.97672
ES514 1989 10 3 3.96774
ES514 1989 11 2 5.83432
ES514 1990 02 2 10.9226
ES514 1990 03 2 16.612
ES514 1990 04 2 50.754
ES514 1990 05 2 34.7172
ES514 1990 06 4 5.8996
ES514 1990 07 4 39.0247
ES514 1990 08 4 13.6257
ES514 1990 09 3 1.03403
ES514 1990 12 2 11.5209
ES514 1991 02 3 2.70149
ES514 1991 03 2 4.20363
ES514 1991 04 5 7.50989
ES514 1991 05 5 6.6197
ES514 1991 06 5 37.0602
ES514 1991 07 5 2344.72
ES514 1991 08 5 654.13
ES514 1991 09 5 78.5776
ES514 1991 11 3 9.12527
ES514 1991 12 3 103.542
ES514 1992 01 3 5.69425
ES514 1992 02 3 3.2889
ES514 1992 03 3 42.7278
ES514 1992 04 3 392.334
ES514 1992 05 5 4.49599
ES514 1992 06 2 2.20527
ES514 1992 07 2 6.70705
ES514 1992 08 2 16.8376
ES514 1992 09 2 9.22123
ES514 1992 10 5 83.8508
ES514 1992 11 3 29.1009
ES514 1992 12 3 0.573038
ES514 1993 01 2 0.311316
ES514 1993 02 2 3.75694
ES514 1993 03 2 5.53211
ES514 1993 04 2 38.3224
ES514 1993 05 2 0.981163
ES514 1993 06 2 410.118
ES514 1993 07 2 2103
ES514 1993 08 2 819.907
ES514 1993 09 2 11.6781
ES514 1993 10 4 10.9663
ES514 1993 11 2 0.473407
ES514 1993 12 2 0.280358
ES514 1994 01 2 6.56147
ES514 1994 02 2 5.76785
ES514 1994 03 2 52.3136
ES514 1994 04 2 3556.82
ES514 1994 05 2 15.4969
ES514 1994 06 2 316.544
ES514 1994 07 2 2235.73
ES514 1994 08 2 453.534
ES514 1994 09 2 745.294
ES514 1994 10 4 0.700878
ES514 1994 12 3 1.23979
ES514 1995 01 3 25.8428
ES514 1995 02 3 14.5102
ES514 1995 03 3 78.4341
ES514 1995 04 3 47.6736
ES514 1995 05 3 29.6668
ES514 1995 06 3 803.29
ES514 1995 07 3 209.446
ES514 1995 08 3 4642.51
ES514 1995 09 3 103.59
ES514 1995 10 3 9.57256
ES514 1995 11 5 49.0305
ES514 1995 12 2 3.01566
ES514 1996 01 4 0.442564
ES514 1996 02 4 0.943602
ES514 1996 03 4 4.24384
ES514 1996 04 4 2.55964
ES514 1996 05 4 7.39199
ES514 1996 06 4 1.84426
ES514 1996 07 4 48.248
ES514 1996 08 4 4.30951
ES514 1996 09 5 2.87091
ES514 1996 10 5 131.717
ES514 1996 11 3 0.150944
ES514 1996 12 2 0.515685
ES514 1997 02 2 54.3563
ES514 1997 03 2 4.02572
ES514 1997 04 2 13.5608
ES514 1997 05 2 26.4471
ES514 1997 06 2 13.1952
ES514 1997 07 2 11.7705
ES514 1997 08 2 13.961
ES514 1997 09 2 0.97385
ES514 1997 10 2 203.712
ES514 1997 11 3 0.467444
ES514 1998 01 5 1.3695
ES514 1998 02 5 30.9789
ES514 1998 03 5 9.69418
ES514 1998 04 5 20.528
ES514 1998 05 5 0.600237
ES514 1998 06 5 750.083
ES514 1998 07 5 80.861
ES514 1998 08 5 4.55998
ES514 1998 09 5 4.72465
ES514 1998 10 5 637.472
ES514 1998 11 5 10.7552
ES514 1998 12 5 64.6922
ES514 1999 01 5 0.870819
ES514 1999 02 5 657.169
ES514 1999 03 5 19.3611
ES514 1999 04 5 27.7686
ES514 1999 05 3 1.19045
ES514 1999 06 3 8.82257
ES514 1999 07 3 5.36282
ES514 1999 08 3 11.7531
ES514 1999 09 3 0.25802
ES514 1999 10 3 0.476796
ES514 1999 11 5 24.9704
ES514 1999 12 5 3.60868
ES514 2000 01 5 4.94775
ES514 2000 02 5 131.306
ES514 2000 03 5 383.645
ES514 2000 04 4 0.753724
ES514 2000 05 4 3.37718
ES514 2000 06 4 5.7969
ES514 2000 07 4 29.5487
ES514 2000 08 4 287.733
ES514 2000 09 4 21.1581
ES514 2000 10 4 10.2936
ES514 2000 11 3 2.36699
ES514 2000 12 3 10.2359
ES514 2001 01 2 3.23577
ES514 2001 02 2 1.33219
ES514 2001 03 2 3.01606
ES514 2001 04 2 8.76437
ES514 2001 05 2 3.39713
ES514 2001 06 2 4.16232
ES514 2001 07 2 12.1139
ES514 2001 08 2 7.917
ES514 2001 09 2 11.1602
ES514 2001 10 4 0.434673
ES514 2001 11 4 6.20603
ES514 2001 12 4 0.920245
ES514 2002 01 2 0.33727
ES514 2002 02 2 10.4214
ES514 2002 03 2 0.710558
ES514 2002 04 4 0.265543
ES514 2002 05 4 8.62421
ES514 2002 06 4 41.3563
ES514 2002 07 4 31.691
ES514 2002 08 4 569.766
ES514 2002 09 4 19.9779
ES514 2002 11 4 0.772381
ES514 2002 12 3 3.58552
ES514 2003 01 3 7.6019
ES514 2003 02 5 2.17192
ES514 2003 03 5 1.13979
ES514 2003 04 3 1.70998
ES514 2003 06 3 18.499
ES514 2003 07 3 23.3513
ES514 2003 08 3 381.427
ES514 2003 09 4 0.946873
ES514 2004 01 4 1.51629
ES514 2004 02 4 0.877704
ES514 2004 03 4 16.575
ES514 2004 04 4 1.332
ES514 2004 05 4 1.29649
ES514 2004 06 4 3.24907
ES514 2004 07 4 7.75697
ES514 2004 08 4 27.2082
ES514 2004 09 4 8.75703
ES514 2004 10 4 31.7182
ES514 2004 11 4 58.5965
ES514 2004 12 4 1.43088
ES514 2005 01 4 12.8038
ES514 2005 02 4 16.6516
ES514 2005 03 4 164.468
ES514 2005 04 4 173.133
ES514 2005 05 4 132.844
ES514 2005 06 4 12.4721
ES514 2005 07 4 28.6543
ES514 2005 08 4 867.367
ES514 2005 09 4 26.5083
ES514 2005 10 3 0.0471296
ES514 2006 02 4 0.808788
ES514 2006 03 4 21.8291
ES514 2006 04 4 1164.74
ES514 2006 05 4 5.91164
ES514 2006 06 4 312.754
ES514 2006 07 4 62.2536
ES514 2006 08 4 4.17432
ES514 2006 09 4 0.848559
ES514 2006 10 2 0.00935497
ES514 2006 11 2 0.715461
ES521 1985 01 3 6.46262
ES521 1985 02 3 75.7705
ES521 1985 03 3 3.7241
ES521 1985 04 3 39.4722
ES521 1985 05 3 20.0698
ES521 1985 06 3 18.4768
ES521 1985 07 3 92.1868
ES521 1985 08 3 1072.52
ES521 1985 09 3 30.2037
ES521 1985 10 3 1.62393
ES521 1985 11 5 26.4104
ES521 1985 12 2 0.60742
ES521 1986 01 3 4.93484
ES521 1986 02 3 8.81164
ES521 1986 03 3 5.6167
ES521 1986 04 4 7.19791
ES521 1986 05 4 45.575
ES521 1986 06 4 524.33
ES521 1986 07 4 412.047
ES521 1986 08 4 2896.73
ES521 1986 09 2 0.836856
ES521 1986 12 2 2.29154
ES521 1987 02 2 0.594515
ES521 1987 03 2 10.2828
ES521 1987 04 2 23.7183
ES521 1987 05 2 15.9285
ES521 1987 06 2 31.0099
ES521 1987 07 2 27.4975
ES521 1987 08 2 162.617
ES521 1987 09 2 24.6297
ES521 1987 10 5 2.49911
ES521 1987 11 4 9.65007
ES521 1988 02 3 14.9185
ES521 1988 03 4 24.4023
ES521 1988 04 2 0.778137
ES521 1988 06 2 9.87232
ES521 1988 07 5 27.082
ES521 1988 08 5 331.807
ES521 1988 09 5 259.608
ES521 1988 10 5 56.3934
ES521 1988 12 2 0.301554
ES521 1989 02 5 29.8226
ES521 1989 03 4 2.56178
ES521 1989 04 4 11.3926
ES521 1989 05 4 4.20904
ES521 1989 06 4 9.6577
ES521 1989 07 4 420.648
ES521 1989 08 4 270.311
ES521 1989 09 3 3.4713
ES521 1989 10 2 0.103133
ES521 1989 11 2 109.953
ES521 1989 12 2 6.6098
ES521 1990 01 2 2.48998
ES521 1990 02 2 12.4378
ES521 1990 04 3 0.608563
ES521 1990 05 5 0.953451
ES521 1990 06 5 81.2146
ES521 1990 07 5 13182.3
ES521 1990 08 5 747.976
ES521 1990 09 5 1554.62
ES521 1990 10 5 15.9585
ES521 1990 11 5 37.4071
ES521 1990 12 5 44.7809
ES521 1991 01 3 2.37495
ES521 1991 02 5 6.42993
ES521 1991 03 3 7.06866
ES521 1991 04 3 27.9059
ES521 1991 05 3 17.7395
ES521 1991 06 3 15.5712
ES521 1991 07 3 1849.84
ES521 1991 08 3 3493.84
ES521 1991 09 3 91.1303
ES521 1991 10 3 12.6026
ES521 1991 11 3 88.2108
ES521 1991 12 3 119.371
ES521 1992 01 3 1.71768
ES521 1992 02 3 69.4976
ES521 1992 03 3 24.9755
ES521 1992 04 3 103.299
ES521 1992 05 3 7.49531
ES521 1992 06 3 0.313635
ES521 1992 07 3 7.45596
ES521 1992 08 3 3277.44
ES521 1992 09 3 30.92
ES521 1992 10 3 547.052
ES521 1992 11 3 50.1232
ES521 1992 12 3 112.053
ES521 1993 01 2 17.706
ES521 1993 02 2 2.38671
ES521 1993 03 2 13.7502
ES521 1993 04 2 6.75188
ES521 1993 05 5 20.8662
ES521 1993 06 5 91.8587
ES521 1993 07 5 1042.75
ES521 1993 08 5 884.968
ES521 1993 09 5 486.168
ES521 1993 10 5 332.901
ES521 1993 11 4 2.53681
ES521 1993 12 4 21.0156
ES521 1994 01 4 19.3026
ES521 1994 02 4 9.1907
ES521 1994 03 4 13.3331
ES521 1994 04 4 20.5423
ES521 1994 05 4 7.90313
ES521 1994 06 4 22.2436
ES521 1994 07 4 3224.62
ES521 1994 08 4 1654.91
ES521 1994 09 4 157.402
ES521 1994 10 3 2.59207
ES521 1994 11 5 2.25106
ES521 1994 12 4 0.595026
ES521 1995 01 4 7.84054
ES521 1995 02 4 13.089
ES521 1995 03 4 8.00605
ES521 1995 04 4 9.59177
ES521 1995 05 4 55.2683
ES521 1995 06 3 2.93339
ES521 1995 07 3 470.366
ES521 1995 08 3 556.794
ES521 1995 09 5 9.56916
ES521 1995 11 4 3.16966
ES521 1995 12 2 7.42985
ES521 1996 02 2 5.40961
ES521 1996 03 2 6.65027
ES521 1996 04 2 4.66374
ES521 1996 05 2 9.04966
ES521 1996 06 2 155.464
ES521 1996 07 2 81.6786
ES521 1996 08 2 28.0091
ES521 1996 09 2 8.95334
ES521 1996 10 3 1.49219
ES521 1996 11 3 6.88519
ES521 1996 12 3 1.09446
ES521 1997 02 4 2.06768
ES521 1997 03 4 27.9666
ES521 1997 04 5 4.11277
ES521 1997 05 5 23.5284
ES521 1997 06 5 13.1661
ES521 1997 07 5 26.0321
ES521 1997 08 5 137.15
ES521 1997 09 4 25.9764
ES521 1997 10 2 0.61963
ES521 1997 11 3 4.15249
ES521 1997 12 2 0.0698924
ES521 1998 01 3 0.533385
ES521 1998 02 4 0.443805
ES521 1998 03 4 3.83229
ES521 1998 04 4 19.2116
ES521 1998 05 4 5.11706
ES521 1998 06 4 7.19558
ES521 1998 07 4 7.32922
ES521 1998 08 4 328.508
ES521 1998 09 4 173.529
ES521 1998 10 4 25.1026
ES521 1998 11 4 22.7512
ES521 1998 12 4 11.0449
ES521 1999 01 4 13.3255
ES521 1999 02 4 23.498
ES521 1999 03 4 23.7103
ES521 1999 04 4 22.4488
ES521 1999 05 4 9.81978
ES521 1999 06 4 45.1487
ES521 1999 07 4 123.28
ES521 1999 08 4 749.71
ES521 1999 09 4 59.8573
ES521 1999 10 4 4.85569
ES521 1999 11 3 1.05695
ES521 1999 12 5 1.47489
ES521 2000 01 2 0.0338693
ES521 2000 02 2 135.426
ES521 2000 03 2 8.23057
ES521 2000 04 2 13.5298
ES521 2000 05 2 2.46584
ES521 2000 06 2 6.14163
ES521 2000 07 2 548.084
ES521 2000 08 2 652.562
ES521 2000 09 2 56.0749
ES521 2000 10 2 1.16453
ES521 2000 11 2 14.1514
ES521 2000 12 2 34.6843
ES521 2001 01 4 5.16352
ES521 2001 02 4 2.67075
ES521 2001 03 4 6.72017
ES521 2001 04 4 24.0649
ES521 2001 05 4 8.18335
ES521 2001 06 4 12.8188
ES521 2001 07 4 68.1153
ES521 2001 08 4 486.428
ES521 2001 09 4 3.23706
ES521 2001 10 3 0.908624
ES521 2002 02 3 22.6353
ES521 2002 03 3 0.131517
ES521 2002 04 3 7.14197
ES521 2002 05 3 1.71659
ES521 2002 06 3 4.88176
ES521 2002 07 3 199.95
ES521 2002 08 3 16.2374
ES521 2002 09 3 1.1977
ES521 2002 10 3 162.608
ES521 2002 11 3 259.924
ES521 2002 12 3 25.672
ES521 2003 01 3 0.911301
ES521 2003 02 4 29.4654
ES521 2003 03 4 5.8768
ES521 2003 04 4 13.2329
ES521 2003 05 3 0.0771964
ES521 2003 06 3 25.4773
ES521 2003 07 3 60.3471
ES521 2003 08 3 512.956
ES521 2003 09 3 3.28416
ES521 2003 10 2 0.106675
ES521 2003 11 2 0.0215532
ES521 2003 12 3 15.8806
ES521 2004 01 3 11.0591
ES521 2004 02 5 0.249597
ES521 2004 03 5 3.37929
ES521 2004 04 5 1.80807
ES521 2004 05 3 0.490016
ES521 2004 06 3 2.84429
ES521 2004 07 3 14.8812
ES521 2004 08 3 39.42
ES521 2004 09 3 13.667
ES521 2004 10 3 6.42299
ES521 2004 11 3 2.93012
ES521 2004 12 4 0.23391
ES521 2005 01 4 0.481505
ES521 2005 02 4 12.8803
ES521 2005 03 4 20.6898
ES521 2005 04 4 14.3442
ES521 2005 05 4 18.5428
ES521 2005 06 4 1.42178
ES521 2005 07 4 9.89208
ES521 2005 08 4 203.07
ES521 2005 09 4 32.9606
ES521 2005 10 5 0.0668466
ES521 2005 11 5 3.04998
ES521 2005 12 4 0.846308
ES521 2006 01 3 0.217297
ES521 2006 02 2 39.5106
ES521 2006 03 2 276.378
ES521 2006 04 2 1.12177
ES521 2006 05 2 5.97518
ES521 2006 06 2 66.6059
ES521 2006 07 2 56.8209
ES521 2006 08 2 21.1026
ES521 2006 09 2 203.647
ES521 2006 10 2 15.0986
ES521 2006 11 2 5.26028
ES521 2006 12 2 0.0426142
ES522 1985 01 3 3.56628
ES522 1985 02 3 16.4067
ES522 1985 03 3 785.798
ES522 1985 04 3 827.178
ES522 1985 05 3 10.8634
ES522 1985 06 5 7.97825
ES522 1985 07 5 8201.93
ES522 1985 08 5 3862.34
ES522 1985 09 5 151.853
ES522 1985 10 5 8.92029
ES522 1985 11 4 4.34631
ES522 1985 12 3 9.26544
ES522 1986 01 3 191.102
ES522 1986 02 3 346.723
ES522 1986 03 3 156.026
ES522 1986 04 3 7.36656
ES522 1986 05 3 68.5986
ES522 1986 06 3 94.7288
ES522 1986 07 3 744.458
ES522 1986 08 3 53.2108
ES522 1986 09 5 5.27305
ES522 1986 12 3 14.0472
ES522 1987 01 3 1.40808
ES522 1987 02 3 0.576673
ES522 1987 03 2 6.39244
ES522 1987 04 2 136.862
ES522 1987 05 2 89.5647
ES522 1987 06 2 11.655
ES522 1987 07 2 2017.94
ES522 1987 08 2 15.896
ES522 1987 09 2 32.8089
ES522 1987 10 5 5.30816
ES522 1987 11 2 0.164133
ES522 1988 02 2 23.4835
ES522 1988 03 2 72.0171
ES522 1988 04 2 1.72829
ES522 1988 07 5 2.32232
ES522 1988 08 5 32.107
ES522 1988 09 5 61.8304
ES522 1988 10 4 4.15929
ES522 1988 11 3 0.363756
ES522 1988 12 3 67.1186
ES522 1989 01 2 0.263388
ES522 1989 02 3 1.69508
ES522 1989 03 3 2.40333
ES522 1989 04 3 29.9321
ES522 1989 05 5 6.20706
ES522 1989 06 5 5.12165
ES522 1989 07 5 47.0222
ES522 1989 08 5 33.14
ES522 1989 09 5 2.73942
ES522 1989 10 5 31.158
ES522 1989 11 2 0.0609847
ES522 1990 01 2 0.274048
ES522 1990 02 2 41.5469
ES522 1990 03 2 51.4164
ES522 1990 04 2 13.9962
ES522 1990 05 2 5.44748
ES522 1990 06 2 33.1305
ES522 1990 07 2 154.947
ES522 1990 08 2 518.654
ES522 1990 09 2 24.7396
ES522 1990 10 2 1.49875
ES522 1990 11 5 5.7001
ES522 1990 12 5 30.7426
ES522 1991 01 3 2.29096
ES522 1991 02 4 2.87324
ES522 1991 03 2 0.28093
ES522 1991 04 2 32.2035
ES522 1991 05 2 14.2633
ES522 1991 06 2 122.45
ES522 1991 07 2 196.388
ES522 1991 08 2 1029.51
ES522 1991 09 2 167.605
ES522 1991 10 2 5.38901
ES522 1991 11 2 51.9305
ES522 1991 12 2 8.43099
ES522 1992 01 2 6.20813
ES522 1992 02 2 98.7366
ES522 1992 03 2 82.7089
ES522 1992 04 2 121.525
ES522 1992 05 2 47.8553
ES522 1992 06 2 5.88089
ES522 1992 07 2 21.3404
ES522 1992 08 2 4706.93
ES522 1992 09 2 302.768
ES522 1992 10 2 275.444
ES522 1992 11 4 25.1258
ES522 1992 12 4 2453.99
ES522 1993 01 2 1.09545
ES522 1993 02 4 3.62494
ES522 1993 03 4 29.751
ES522 1993 04 4 32.9574
ES522 1993 05 3 0.878009
ES522 1993 06 3 443.896
ES522 1993 07 3 327.908
ES522 1993 08 3 2556.04
ES522 1993 09 3 12566.1
ES522 1993 10 3 4.32254
ES522 1993 12 3 55.8626
ES522 1994 01 3 246.762
ES522 1994 02 3 27.2665
ES522 1994 03 3 34.7017
ES522 1994 04 3 7380.92
ES522 1994 05 3 6.12281
ES522 1994 06 3 103.215
ES522 1994 07 3 11514.8
ES522 1994 08 3 6334.69
ES522 1994 09 3 964.868
ES522 1994 10 3 0.326087
ES522 1994 11 4 12.9922
ES522 1994 12 2 0.092606
ES522 1995 01 2 34.4134
ES522 1995 02 2 410.916
ES522 1995 03 2 192.131
ES522 1995 04 4 8.08797
ES522 1995 05 4 41.0279
ES522 1995 06 4 7.70808
ES522 1995 07 4 69.6793
ES522 1995 08 4 11.4056
ES522 1995 09 4 2.90691
ES522 1996 01 2 0.32432
ES522 1996 02 4 2.11801
ES522 1996 03 4 3.55784
ES522 1996 04 5 0.854304
ES522 1996 05 2 0.14226
ES522 1996 06 2 27.3087
ES522 1996 07 2 67.5648
ES522 1996 08 3 2.58094
ES522 1996 09 3 2.57689
ES522 1996 10 3 22.6348
ES522 1996 11 4 9.92007
ES522 1996 12 4 3.43254
ES522 1997 01 2 0.416871
ES522 1997 02 2 6.8771
ES522 1997 03 2 9.49462
ES522 1997 04 5 2.28478
ES522 1997 05 5 14.977
ES522 1997 06 5 3.96488
ES522 1997 07 5 50.844
ES522 1997 08 5 1.9696
ES522 1997 09 5 35.4342
ES522 1997 10 5 430.069
ES522 1997 11 2 0.113879
ES522 1997 12 2 0.105045
ES522 1998 01 2 106.119
ES522 1998 02 2 2.48622
ES522 1998 03 2 4.91945
ES522 1998 04 2 13.6331
ES522 1998 05 2 2.76931
ES522 1998 06 2 21.4478
ES522 1998 07 2 55.7692
ES522 1998 08 2 33.5464
ES522 1998 09 2 6.91574
ES522 1998 10 2 27.3711
ES522 1998 11 2 55.489
ES522 1998 12 2 9.31632
ES522 1999 01 5 1.32937
ES522 1999 02 5 15.3641
ES522 1999 03 5 39.5523
ES522 1999 04 5 769.992
ES522 1999 05 5 18.7587
ES522 1999 06 5 5.76875
ES522 1999 07 5 10.0657
ES522 1999 08 5 6.1982
ES522 1999 09 3 0.0332249
ES522 1999 11 3 4.30308
ES522 1999 12 2 0.320493
ES522 2000 01 2 0.00957474
ES522 2000 02 2 22.0797
ES522 2000 03 2 4.25535
ES522 2000 04 2 5.81949
ES522 2000 05 2 2.04781
ES522 2000 06 2 9.27587
ES522 2000 07 2 496.51
ES522 2000 08 2 72.9341
ES522 2000 09 2 29.1521
ES522 2000 10 4 3.41075
ES522 2000 11 5 3.39931
ES522 2000 12 4 38.6978
ES522 2001 01 4 2.02503
ES522 2001 02 4 3.76903
ES522 2001 03 4 8.82616
ES522 2001 04 4 34.6107
ES522 2001 05 4 9.75734
ES522 2001 06 4 22.4931
ES522 2001 07 4 22.7546
ES522 2001 08 4 2665.5
ES522 2001 09 4 13.0063
ES522 2001 10 2 0.0398013
ES522 2001 11 4 0.0768178
ES522 2002 02 4 19.8353
ES522 2002 03 4 11.0922
ES522 2002 04 4 0.44125
ES522 2002 05 4 0.0847094
ES522 2002 06 4 2.3437
ES522 2002 07 4 9.39075
ES522 2002 08 5 1.31422
ES522 2002 09 3 0.750334
ES522 2002 10 3 0.127905
ES522 2002 11 2 105.304
ES522 2002 12 2 0.75234
ES522 2003 01 2 427.144
ES522 2003 02 5 18.8794
ES522 2003 03 5 3.13582
ES522 2003 04 4 0.210824
ES522 2003 05 4 0.293859
ES522 2003 06 4 13.233
ES522 2003 07 4 10.4589
ES522 2003 08 4 17.2718
ES522 2003 09 5 0.107432
ES522 2003 10 2 0.323576
ES522 2003 11 2 0.0264515
ES522 2004 01 2 8.1985
ES522 2004 02 2 0.0411744
ES522 2004 03 5 7.7041
ES522 2004 04 2 0.329166
ES522 2004 05 5 0.0873474
ES522 2004 06 5 4.59891
ES522 2004 07 5 12.7803
ES522 2004 08 5 67.7127
ES522 2004 09 5 37.2958
ES522 2004 10 4 1.99193
ES522 2004 11 4 8.18338
ES522 2004 12 5 91.7161
ES522 2005 01 5 815.317
ES522 2005 02 5 6.11153
ES522 2005 03 5 6.67603
ES522 2005 04 5 318.415
ES522 2005 05 5 32.4279
ES522 2005 06 5 82.0333
ES522 2005 07 5 376.101
ES522 2005 08 5 15.8654
ES522 2005 09 5 64.8857
ES522 2005 10 5 2.12737
ES522 2005 11 3 0.060642
ES522 2005 12 2 0.153144
ES522 2006 01 2 0.223398
ES522 2006 02 3 0.0155374
ES522 2006 03 3 14.4442
ES522 2006 04 3 21.7641
ES522 2006 05 3 2.30967
ES522 2006 06 3 18.6263
ES522 2006 07 3 4.56305
ES522 2006 08 3 37.8154
ES522 2006 09 3 2.56829
ES522 2006 10 3 0.442236
ES522 2006 11 2 0.0324004
ES522 2006 12 2 1.72399
ES523 1985 01 2 156.358
ES523 1985 02 2 4.89209
ES523 1985 03 2 156.426
ES523 1985 04 2 1031.19
ES523 1985 05 2 52.3062
ES523 1985 06 2 25.1218
ES523 1985 07 2 28381.3
ES523 1985 08 2 346.633
ES523 1985 09 2 226.452
ES523 1985 10 2 14.6284
ES523 1985 11 5 22.9726
ES523 1985 12 2 0.408678
ES523 1986 01 2 339.852
ES523 1986 02 2 72.2489
ES523 1986 03 2 549.704
ES523 1986 04 2 17.9585
ES523 1986 05 2 1584.14
ES523 1986 06 2 537.531
ES523 1986 07 2 849.949
ES523 1986 08 2 443.945
ES523 1986 09 2 3.86499
ES523 1986 10 4 35.1303
ES523 1987 01 3 5.50784
ES523 1987 03 3 232.463
ES523 1987 04 3 9.17736
ES523 1987 05 3 25.0192
ES523 1987 06 3 76.4581
ES523 1987 07 3 740.108
ES523 1987 08 3 44.4884
ES523 1987 09 3 220.97
ES523 1987 10 3 36.9302
ES523 1987 11 5 10.4828
ES523 1988 01 2 1.36827
ES523 1988 02 2 0.44331
ES523 1988 03 2 47.9359
ES523 1988 04 2 11.16
ES523 1988 05 3 1.77323
ES523 1988 06 3 1.19389
ES523 1988 07 3 19.8371
ES523 1988 08 3 484.997
ES523 1988 09 3 586.278
ES523 1988 10 3 9.61454
ES523 1988 12 2 3.29983
ES523 1989 01 5 1.52682
ES523 1989 02 3 114.988
ES523 1989 03 3 52.1621
ES523 1989 04 5 2.915
ES523 1989 05 5 8.7849
ES523 1989 06 5 1.61469
ES523 1989 07 5 73.411
ES523 1989 08 5 519.102
ES523 1989 09 5 2.18343
ES523 1989 10 4 49.3298
ES523 1989 11 3 5.37795
ES523 1990 01 2 1.21936
ES523 1990 02 2 13.9365
ES523 1990 03 5 52.1982
ES523 1990 04 5 33.7458
ES523 1990 05 5 8.22614
ES523 1990 06 5 25.031
ES523 1990 07 5 14399.6
ES523 1990 08 5 1618.36
ES523 1990 09 5 100.912
ES523 1990 10 5 46.4398
ES523 1990 11 5 8.12663
ES523 1991 01 3 1.35169
ES523 1991 02 4 5.01204
ES523 1991 03 3 4.80597
ES523 1991 04 3 32.9947
ES523 1991 05 3 13.1193
ES523 1991 06 3 249.938
ES523 1991 07 3 33429.2
ES523 1991 08 3 7579.37
ES523 1991 09 3 2540.63
ES523 1991 10 3 411.999
ES523 1991 11 3 14.7586
ES523 1991 12 3 14.5895
ES523 1992 01 4 0.961146
ES523 1992 02 4 125.689
ES523 1992 03 4 35.2447
ES523 1992 04 4 59.2407
ES523 1992 05 4 27.5535
ES523 1992 06 4 49.2096
ES523 1992 07 4 255.765
ES523 1992 08 4 11240.9
ES523 1992 09 4 152.962
ES523 1992 10 4 579.814
ES523 1992 11 4 24.3949
