FR824 1987 09 3 3.94258
FR824 1987 10 3 32.3946
FR824 1988 01 3 0.147789
FR824 1988 02 5 160.37
FR824 1988 03 5 22.9849
FR824 1988 04 5 1.31824
FR824 1988 05 5 0.500512
FR824 1988 06 5 2.33784
FR824 1988 07 5 34.1445
FR824 1988 08 5 23.7225
FR824 1988 09 5 42.018
FR824 1988 10 2 0.11125
FR824 1988 11 2 15.6173
FR824 1988 12 3 0.236136
FR824 1989 01 3 1.65768
FR824 1989 02 3 32.184
FR824 1989 03 3 8.54494
FR824 1989 04 3 2.11696
FR824 1989 05 3 3.83309
FR824 1989 06 3 161.52
FR824 1989 07 3 364.651
FR824 1989 08 3 11105.8
FR824 1989 09 3 6.5863
FR824 1989 10 3 1732.43
FR824 1990 01 5 2.7051
FR824 1990 02 5 3.06282
FR824 1990 03 5 13.5355
FR824 1990 04 5 200.574
FR824 1990 05 5 5.15539
FR824 1990 06 5 1.4758
FR824 1990 07 5 3281.31
FR824 1990 08 5 3738.08
FR824 1990 09 3 1.86079
FR824 1991 01 2 0.112983
FR824 1991 02 2 9.9833
FR824 1991 03 4 1.22196
FR824 1991 04 4 16.7578
FR824 1991 05 4 29.7998
FR824 1991 06 4 14.3943
FR824 1991 07 4 118.73
FR824 1991 08 4 431.121
FR824 1991 09 4 1.59198
FR824 1991 10 2 0.0961594
FR824 1992 01 3 0.216844
FR824 1992 02 3 0.426623
FR824 1992 03 3 1.29696
FR824 1992 04 3 26.6496
FR824 1992 05 3 6.29033
FR824 1992 06 3 0.768369
FR824 1992 07 3 3.79291
FR824 1992 08 3 8.0563
FR824 1992 09 3 28.7497
FR824 1992 11 2 0.45683
FR824 1993 01 4 0.27366
FR824 1993 02 4 6.94316
FR824 1993 03 4 14.5098
FR824 1993 04 4 5.27647
FR824 1993 05 4 9.17914
FR824 1993 06 4 7.23033
FR824 1993 07 4 69.7963
FR824 1993 08 4 171.307
FR824 1994 02 2 1.07699
FR824 1994 03 2 8.58158
FR824 1994 04 5 0.557029
FR824 1994 05 5 6.75457
FR824 1994 06 5 27.0499
FR824 1994 07 5 51.2093
FR824 1994 08 5 39.871
FR824 1994 09 5 174.401
FR824 1995 01 2 0.178235
FR824 1995 02 2 0.123427
FR824 1995 03 2 3.62102
FR824 1995 04 2 6.95725
FR824 1995 05 2 1.46601
FR824 1995 06 2 1246
FR824 1995 07 2 55.562
FR824 1995 08 2 976.127
FR824 1995 09 2 1.18791
FR824 1995 10 3 3.41179
FR824 1995 11 3 7.19025
FR824 1996 02 3 3.03291
FR824 1996 03 2 0.134532
FR824 1996 04 2 2.90951
FR824 1996 05 4 0.179407
FR824 1996 06 4 2.65707
FR824 1996 07 4 15.0516
FR824 1996 08 4 9.8807
FR824 1996 09 4 2.12472
FR824 1997 02 3 0.143954
FR824 1997 03 3 5.72199
FR824 1997 04 3 13.441
FR824 1997 05 3 15.4844
FR824 1997 06 3 4.26577
FR824 1997 07 3 4252.84
FR824 1997 08 3 393.953
FR824 1998 02 4 2.60955
FR824 1998 03 4 5.01008
FR824 1998 04 4 0.622884
FR824 1998 05 4 21.0792
FR824 1998 06 4 8.5488
FR824 1998 07 4 541.153
FR824 1998 08 4 40.6893
FR824 1998 09 4 6.23429
FR824 1998 10 3 3.13704
FR824 1998 12 3 3.03837
FR824 1999 01 4 0.339742
FR824 1999 02 4 8.17782
FR824 1999 03 4 3.02248
FR824 1999 04 4 5.84493
FR824 1999 05 4 4.30201
FR824 1999 06 4 179.079
FR824 1999 07 4 1354.82
FR824 1999 08 4 148.329
FR824 1999 09 4 73.6726
FR824 1999 10 4 0.0759584
FR824 2000 01 5 14.4318
FR824 2000 02 5 2.54581
FR824 2000 03 5 3.1302
FR824 2000 04 5 1.94741
FR824 2000 05 5 32.5458
FR824 2000 06 5 16.4203
FR824 2000 07 5 1640.9
FR824 2000 08 5 136.689
FR824 2000 09 5 47.3835
FR824 2000 10 5 28.3269
FR824 2000 11 3 0.700315
FR824 2001 02 3 2.04273
FR824 2001 03 3 0.485152
FR824 2001 04 3 44.186
FR824 2001 05 5 4.7106
FR824 2001 06 5 34.381
FR824 2001 07 5 60.241
FR824 2001 08 5 450.019
FR824 2001 09 5 726.119
FR824 2001 10 5 0.977088
FR824 2001 11 5 7.49213
FR824 2001 12 2 1.68128
FR824 2002 01 5 0.432271
FR824 2002 02 3 0.912372
FR824 2002 03 3 8.05434
FR824 2002 04 3 16.1449
FR824 2002 05 3 2.1782
FR824 2002 06 3 6.55319
FR824 2002 07 3 342.612
FR824 2002 08 3 20.3338
FR824 2002 09 4 0.282073
FR824 2002 10 4 0.807971
FR824 2002 11 2 0.0393523
FR824 2003 02 2 1.19819
FR824 2003 03 2 1.85211
FR824 2003 04 2 4.90789
FR824 2003 05 2 6.7044
FR824 2003 06 2 286.502
FR824 2003 07 2 1042.46
FR824 2003 08 2 125.567
FR824 2003 09 2 619.057
FR824 2004 01 5 7.08592
FR824 2004 03 5 16.3586
FR824 2004 04 5 8.39836
FR824 2004 05 5 12.0504
FR824 2004 06 5 49.473
FR824 2004 07 5 2695.92
FR824 2004 08 5 9.89176
FR824 2004 09 5 59.8403
FR824 2004 10 3 0.521357
FR824 2005 01 3 5.28192
FR824 2005 02 3 1.71177
FR824 2005 03 3 8.76605
FR824 2005 04 3 12.071
FR824 2005 05 3 417.138
FR824 2005 06 3 13.6676
FR824 2005 07 3 494.899
FR824 2005 08 3 1587.99
FR824 2005 10 3 3.11715
FR824 2006 01 2 0.0265746
FR824 2006 03 2 1.999
FR824 2006 04 2 11.2036
FR824 2006 05 2 224.166
FR824 2006 06 2 8.80455
FR824 2006 07 2 15.0228
FR824 2006 08 2 70.9635
FR824 2006 09 2 1.57304
FR825 1985 01 4 0.861392
FR825 1985 02 4 12.2715
FR825 1985 03 4 7.67895
FR825 1985 04 4 309.034
FR825 1985 05 4 9.91336
FR825 1985 06 4 53.6529
FR825 1985 07 4 2119.57
FR825 1985 08 84 1268.89
FR825 1985 09 84 143.679
FR825 1985 10 84 8.59821
FR825 1985 11 84 15.1069
FR825 1985 12 84 1.82769
FR825 1986 01 84 24.3956
FR825 1986 02 84 12.0154
FR825 1986 03 84 383.392
FR825 1986 04 84 9.12676
FR825 1986 05 84 19.3259
FR825 1986 06 84 109.635
FR825 1986 07 84 8240.81
FR825 1986 08 89 818.458
FR825 1986 09 89 0.717958
FR825 1986 10 89 5.62544
FR825 1986 11 89 7.31395
FR825 1986 12 89 4.8143
FR825 1987 01 89 24.0658
FR825 1987 02 89 55.4113
FR825 1987 03 89 96.2953
FR825 1987 04 89 32.6665
FR825 1987 05 89 58.1024
FR825 1987 06 89 1046.96
FR825 1987 07 89 350.544
FR825 1987 08 89 2150.98
FR825 1987 09 89 2.06229
FR825 1987 10 89 8.76534
FR825 1987 11 89 0.872221
FR825 1988 01 4 0.593744
FR825 1988 02 4 36.2474
FR825 1988 03 4 262.022
FR825 1988 04 4 3.6184
FR825 1988 05 4 11.0924
FR825 1988 06 4 5.38496
FR825 1988 07 4 30.669
FR825 1988 08 4 34.8671
FR825 1988 09 4 18.4015
FR825 1988 10 4 2.98245
FR825 1988 11 4 7.47455
FR825 1988 12 4 17.1005
FR825 1989 01 4 11.2834
FR825 1989 02 4 11.1079
FR825 1989 03 4 55.7533
FR825 1989 04 4 11.854
FR825 1989 05 4 764.008
FR825 1989 06 4 67.9602
FR825 1989 07 4 199.382
FR825 1989 08 83 16018.5
FR825 1989 09 83 16.1778
FR825 1989 10 83 446.695
FR825 1989 11 83 5.5891
FR825 1989 12 5 1.86328
FR825 1990 01 5 10.6184
FR825 1990 02 5 112.367
FR825 1990 03 5 72.1273
FR825 1990 04 5 264.983
FR825 1990 05 5 10.2796
FR825 1990 06 5 235.937
FR825 1990 07 5 637.664
FR825 1990 08 5 14218.1
FR825 1990 09 5 19996.9
FR825 1990 10 5 0.527815
FR825 1990 11 5 2.36488
FR825 1990 12 5 7.09834
FR825 1991 01 5 6.99022
FR825 1991 02 5 18.5165
FR825 1991 03 5 2.16046
FR825 1991 04 5 7.65377
FR825 1991 05 5 5.13759
FR825 1991 06 5 9.54259
FR825 1991 07 5 908.472
FR825 1991 08 5 7.96205
FR825 1991 09 5 24.396
FR825 1991 10 5 6.8262
FR825 1991 11 5 0.952146
FR825 1991 12 5 25.7816
FR825 1992 01 5 4.7255
FR825 1992 02 5 4.0429
FR825 1992 03 5 34.3442
FR825 1992 04 5 9.93457
FR825 1992 05 5 9.11719
FR825 1992 06 5 0.505682
FR825 1992 07 5 12.2436
FR825 1992 08 5 68.7435
FR825 1992 09 5 7.86435
FR825 1992 10 4 0.329907
FR825 1992 11 4 0.354626
FR825 1993 01 4 4.35967
FR825 1993 02 4 19.4792
FR825 1993 03 4 14.1939
FR825 1993 04 4 6.24538
FR825 1993 05 4 0.453087
FR825 1993 06 4 3.14077
FR825 1993 07 4 54.1722
FR825 1993 08 4 1138.7
FR825 1993 09 4 73.1005
FR825 1993 10 3 0.244062
FR825 1993 12 4 2.62849
FR825 1994 01 4 15.459
FR825 1994 02 2 0.0526864
FR825 1994 03 2 23.7452
FR825 1994 04 2 13.5303
FR825 1994 05 2 6.65928
FR825 1994 06 2 22.0682
FR825 1994 07 2 29.5208
FR825 1994 08 81 352.226
FR825 1994 09 81 4.96349
FR825 1994 10 3 0.152407
FR825 1994 11 4 0.157571
FR825 1994 12 4 0.56615
FR825 1995 01 4 16.7065
FR825 1995 02 4 14.9659
FR825 1995 03 4 44.1509
FR825 1995 04 4 13.3858
FR825 1995 05 4 4.97629
FR825 1995 06 4 5.01478
FR825 1995 07 4 307.591
FR825 1995 08 4 90.3556
FR825 1995 09 4 3.46896
FR825 1995 10 4 1.74266
FR825 1995 11 4 7.84232
FR825 1995 12 2 0.0346563
FR825 1996 02 2 3.26281
FR825 1996 03 2 10.0334
FR825 1996 04 2 20.2014
FR825 1996 05 2 3.37528
FR825 1996 06 2 175.93
FR825 1996 07 2 91.5906
FR825 1996 08 2 20.7807
FR825 1996 09 2 75.6994
FR825 1996 10 2 8.80642
FR825 1996 11 5 0.130164
FR825 1996 12 3 0.0232872
FR825 1997 02 3 12.7043
FR825 1997 03 3 59.3299
FR825 1997 04 3 18.8544
FR825 1997 05 3 26.3945
FR825 1997 06 3 8.75046
FR825 1997 07 3 200.927
FR825 1997 08 3 23.0905
FR825 1997 09 3 6.58622
FR825 1997 10 3 12.8956
FR825 1997 11 3 15.9959
FR825 1997 12 3 3.29398
FR825 1998 01 5 1.1795
FR825 1998 02 5 28.7555
FR825 1998 03 5 15.2134
FR825 1998 04 5 4.73606
FR825 1998 05 5 0.814443
FR825 1998 06 5 4.63612
FR825 1998 07 5 41.111
FR825 1998 08 5 90.3149
FR825 1998 09 5 10.7028
FR825 1998 10 5 1.15388
FR825 1998 11 5 2.98884
FR825 1998 12 5 4.63425
FR825 1999 01 5 3.43009
FR825 1999 02 5 84.17
FR825 1999 03 5 13.3332
FR825 1999 04 5 7.26628
FR825 1999 05 5 1.12451
FR825 1999 06 5 235.204
FR825 1999 07 5 18.619
FR825 1999 08 5 55.6428
FR825 1999 09 5 12.7712
FR825 1999 10 5 0.741622
FR825 1999 12 3 1.82796
FR825 2000 01 3 3.34263
FR825 2000 02 3 45.0137
FR825 2000 03 3 25.7554
FR825 2000 04 3 3.77043
FR825 2000 05 3 4.06695
FR825 2000 06 3 28.3128
FR825 2000 07 3 715.938
FR825 2000 08 3 4.28283
FR825 2000 09 3 3.82061
FR825 2000 10 3 0.201214
FR825 2001 02 3 3.82482
FR825 2001 03 3 11.9299
FR825 2001 04 3 6.98254
FR825 2001 05 5 0.343616
FR825 2001 06 5 7.95643
FR825 2001 07 5 52.8798
FR825 2001 08 5 979.829
FR825 2001 09 5 3326.46
FR825 2001 10 5 3.23828
FR825 2001 11 5 30.07
FR825 2001 12 5 18.5023
FR825 2002 01 5 4.21484
FR825 2002 02 5 29.5201
FR825 2002 03 5 11.1985
FR825 2002 04 5 0.983461
FR825 2002 05 5 1.03557
FR825 2002 06 5 1.73032
FR825 2002 07 5 9.70425
FR825 2002 08 5 143.93
FR825 2002 09 4 0.329613
FR825 2002 10 4 2.74476
FR825 2002 11 4 0.500139
FR825 2003 01 2 0.356606
FR825 2003 02 2 3.59109
FR825 2003 03 2 13.1962
FR825 2003 04 2 2.57292
FR825 2003 05 2 1.15646
FR825 2003 06 2 16.9733
FR825 2003 07 2 16083.1
FR825 2003 08 2 4807.29
FR825 2003 09 2 9.49587
FR825 2003 10 2 5.29432
FR825 2003 12 2 0.0990802
FR825 2004 01 2 2.81604
FR825 2004 02 2 41.3886
FR825 2004 03 2 32.0445
FR825 2004 04 2 920.982
FR825 2004 05 2 2.53217
FR825 2004 06 2 116.866
FR825 2004 07 2 45.8496
FR825 2004 08 2 12.9469
FR825 2004 09 2 6.53464
FR825 2004 10 2 1.03556
FR825 2004 11 5 1.57793
FR825 2004 12 2 0.0454082
FR825 2005 01 2 3.84173
FR825 2005 02 2 9.89372
FR825 2005 03 2 11.1456
FR825 2005 04 2 10.453
FR825 2005 05 2 2.5343
FR825 2005 06 2 105.251
FR825 2005 07 2 1804.4
FR825 2005 08 2 186.598
FR825 2005 09 2 0.28783
FR825 2005 10 2 0.437499
FR825 2005 11 3 0.016136
FR825 2005 12 3 1.24111
FR825 2006 01 4 0.124083
FR825 2006 02 4 2.30618
FR825 2006 03 4 2.16343
FR825 2006 04 4 57.49
FR825 2006 05 4 51.5578
FR825 2006 06 4 54.2493
FR825 2006 07 4 366.762
FR825 2006 08 4 310.526
FR825 2006 09 4 5.02968
FR825 2006 10 4 1.57107
FR825 2006 11 4 0.873437
FR826 1985 01 4 0.594705
FR826 1985 02 5 2.16196
FR826 1985 03 5 9.48355
FR826 1985 04 5 80.4668
FR826 1985 05 5 13.9197
FR826 1985 06 5 2.67955
FR826 1985 07 5 124.542
FR826 1985 08 5 26.45
FR826 1985 09 5 4.79565
FR826 1985 10 5 1.15521
FR826 1985 11 4 3.58543
FR826 1985 12 4 1.13894
FR826 1986 01 2 0.0987437
FR826 1986 02 3 1.6514
FR826 1986 03 3 18.0313
FR826 1986 04 2 0.0690011
FR826 1986 05 2 2.94754
FR826 1986 06 2 0.525185
FR826 1986 07 2 94.3118
FR826 1986 08 2 36.5388
FR826 1986 09 2 1.14732
FR826 1986 10 4 2.2405
FR826 1986 11 3 0.648882
FR826 1986 12 2 0.062052
FR826 1987 02 3 0.23603
FR826 1987 03 3 2.46891
FR826 1987 04 5 4.29167
FR826 1987 05 5 9.62928
FR826 1987 06 2 0.0672899
FR826 1987 07 2 1.75197
FR826 1987 08 2 82.5077
FR826 1987 09 5 1.7602
FR826 1988 02 2 0.669426
FR826 1988 03 2 8.52093
FR826 1988 06 5 0.309557
FR826 1988 07 5 3.57865
FR826 1988 08 5 10.364
FR826 1988 09 5 4.18902
FR826 1988 12 3 0.69143
FR826 1989 01 5 1.10743
FR826 1989 02 5 9.90549
FR826 1989 03 5 11.8758
FR826 1989 04 2 0.342844
FR826 1989 05 2 5.91777
FR826 1989 06 2 26.9371
FR826 1989 07 2 80.5902
FR826 1989 08 2 1326.32
FR826 1989 09 2 32.9798
FR826 1989 10 2 4.49221
FR826 1989 11 3 0.292624
FR826 1989 12 3 0.615541
FR826 1990 01 3 1.41541
FR826 1990 02 3 2.67912
FR826 1990 03 3 12.3437
FR826 1990 04 3 9.98408
FR826 1990 05 4 0.381666
FR826 1990 06 4 2.65927
FR826 1990 07 4 5.22222
FR826 1990 08 4 36.7305
FR826 1990 09 4 15.3286
FR826 1990 11 2 0.0635528
FR826 1991 01 2 0.108195
FR826 1991 02 2 11.8009
FR826 1991 03 5 1.96271
FR826 1991 04 5 3.76101
FR826 1991 05 3 2.68687
FR826 1991 06 3 5.54368
FR826 1991 07 3 2118.08
FR826 1991 08 3 1.96594
FR826 1991 09 3 0.825584
FR826 1991 10 3 0.278872
FR826 1992 01 2 0.106912
FR826 1992 02 2 1.30053
FR826 1992 03 2 0.835514
FR826 1992 04 5 0.643854
FR826 1992 05 3 0.112105
FR826 1992 07 3 0.443113
FR826 1992 08 3 5.19374
FR826 1992 09 2 0.0931974
FR826 1993 01 2 0.565644
FR826 1993 02 5 1.24074
FR826 1993 03 4 1.89931
FR826 1993 04 5 0.204328
FR826 1993 06 2 0.0830332
FR826 1993 07 2 2.92259
FR826 1993 08 2 17.976
FR826 1993 09 2 0.286528
FR826 1994 01 3 0.104542
FR826 1994 02 3 0.228988
FR826 1994 03 3 5.18983
FR826 1994 04 3 0.204
FR826 1994 05 3 0.23858
FR826 1994 06 3 2.32739
FR826 1994 07 3 13.0354
FR826 1994 08 3 131.83
FR826 1995 01 2 0.108868
FR826 1995 03 2 3.70416
FR826 1995 04 2 1.93916
FR826 1995 05 3 0.274979
FR826 1995 06 3 0.709798
FR826 1995 07 3 6.71819
FR826 1995 08 3 3.07757
FR826 1995 09 5 2.69941
FR826 1995 10 2 0.0571864
FR826 1995 11 4 0.446553
FR826 1996 02 5 1.49807
FR826 1996 03 5 2.8029
FR826 1996 04 5 4.5742
FR826 1996 05 4 0.450216
FR826 1996 07 3 1.16002
FR826 1996 09 4 0.407174
FR826 1996 10 3 0.0942746
FR826 1997 02 3 7.50679
FR826 1997 03 3 23.9824
FR826 1997 04 3 148.179
FR826 1997 06 3 0.0656484
FR826 1997 07 3 13.5775
FR826 1997 08 3 1.31244
FR826 1997 09 3 0.165447
FR826 1997 10 5 2.91639
FR826 1997 12 3 2.77608
FR826 1998 01 2 0.00775126
FR826 1998 02 4 14.2362
FR826 1998 03 4 4.25161
FR826 1998 04 2 0.296164
FR826 1998 05 4 0.168313
FR826 1998 06 4 2.31317
FR826 1998 07 4 23.7798
FR826 1998 08 4 21.1375
FR826 1998 09 2 0.0808692
FR826 1998 11 2 0.51486
FR826 1998 12 2 0.310953
FR826 1999 02 2 15.7735
FR826 1999 03 4 2.2968
FR826 1999 04 4 3.86475
FR826 1999 05 4 1.22659
FR826 1999 06 3 0.753443
FR826 1999 07 3 69.5432
FR826 1999 08 4 0.886018
FR826 1999 09 5 0.857272
FR826 1999 11 2 0.028042
FR826 1999 12 2 0.00992814
FR826 2000 01 2 0.052923
FR826 2000 02 2 17.9059
FR826 2000 03 2 5.77817
FR826 2000 05 2 8.21401
FR826 2000 06 5 1.56167
FR826 2000 07 5 1.60836
FR826 2000 08 5 112.126
FR826 2000 09 5 10.1767
FR826 2001 02 4 0.346294
FR826 2001 03 3 1.14682
FR826 2001 04 3 0.593556
FR826 2001 05 2 2.00778
FR826 2001 06 2 0.0139357
FR826 2001 07 2 7.37392
FR826 2001 08 2 1.35285
FR826 2001 09 2 4.75762
FR826 2001 11 4 0.18411
FR826 2002 01 3 0.372404
FR826 2002 02 3 1.23073
FR826 2002 03 3 3.1951
FR826 2002 04 4 0.978165
FR826 2002 06 4 1.23097
FR826 2002 07 4 3.35873
FR826 2002 08 4 1.28437
FR826 2002 10 4 1.34745
FR826 2003 01 2 0.137166
FR826 2003 03 3 1.63716
FR826 2003 04 5 11.8521
FR826 2003 05 5 0.168615
FR826 2003 06 5 4.11554
FR826 2003 07 5 199.524
FR826 2003 08 5 15.7259
FR826 2003 09 5 28.2774
FR826 2003 10 5 0.607357
FR826 2004 02 5 10.2897
FR826 2004 03 5 9.52288
FR826 2004 04 5 1.21009
FR826 2004 05 2 1.26971
FR826 2004 06 2 39.8544
FR826 2004 07 2 9.26874
FR826 2004 08 3 10.0457
FR826 2004 09 5 2.62368
FR826 2005 02 5 2.29727
FR826 2005 03 5 2.34772
FR826 2005 04 5 11.6413
FR826 2005 05 5 1.61115
FR826 2005 06 4 0.449446
FR826 2005 07 4 5.79688
FR826 2005 08 4 7.41044
FR826 2006 03 3 1.80195
FR826 2006 04 3 2.64323
FR826 2006 05 3 3.4402
FR826 2006 06 3 34.1584
FR826 2006 07 3 17.3468
FR826 2006 08 3 44.8967
FR826 2006 09 2 0.0173225
FR826 2006 10 3 2.82528
FR826 2006 11 3 2.89114
FR831 1985 02 2 1.15354
FR831 1985 03 3 4.03768
FR831 1985 04 3 360.309
FR831 1985 05 3 56.9047
FR831 1985 06 3 21.1438
FR831 1985 07 99 394.031
FR831 1985 08 146 2693.55
FR831 1985 09 95 594.722
FR831 1985 10 95 144.045
FR831 1985 11 95 20.1703
FR831 1986 01 95 1.16392
FR831 1986 02 5 0.48418
FR831 1986 03 5 40.0899
FR831 1986 04 5 11.7958
FR831 1986 05 4 0.419154
FR831 1986 06 4 20.8016
FR831 1986 07 4 125.315
FR831 1986 08 127 853.159
FR831 1986 09 127 197.022
FR831 1986 10 127 63.396
FR831 1987 01 127 25.9492
FR831 1987 02 5 2.52626
FR831 1987 03 5 36.8443
FR831 1987 04 5 79.7698
FR831 1987 05 5 3.24916
FR831 1987 06 5 262.296
FR831 1987 07 111 233.739
FR831 1987 08 110 493.946
FR831 1987 09 110 73.7153
FR831 1987 10 110 38.0544
FR831 1987 11 110 19.8812
FR831 1987 12 3 0.101588
FR831 1988 01 3 0.522452
FR831 1988 02 3 12.4074
FR831 1988 03 3 26.0311
FR831 1988 04 3 1.09134
FR831 1988 05 3 1.68164
FR831 1988 06 3 8.68463
FR831 1988 07 93 111.509
FR831 1988 08 179 478.75
FR831 1988 09 105 96.4184
FR831 1988 10 93 133.096
FR831 1988 11 93 43.9201
FR831 1988 12 93 12.9186
FR831 1989 01 93 20.3707
FR831 1989 02 93 40.5705
FR831 1989 03 93 25.8848
FR831 1989 04 93 14.1312
FR831 1989 05 93 7.29179
FR831 1989 06 93 13.4509
FR831 1989 07 93 82.9618
FR831 1989 08 103 2082.11
FR831 1989 09 103 6.61289
FR831 1989 10 103 24.4448
FR831 1989 11 103 7.81753
FR831 1989 12 103 0.634316
FR831 1990 01 103 2.45052
FR831 1990 02 103 32.5136
FR831 1990 03 103 14.7663
FR831 1990 04 103 1.41419
FR831 1990 05 103 8.37112
FR831 1990 06 103 37.2933
FR831 1990 07 96 305.58
FR831 1990 08 94 3530.02
FR831 1990 09 94 823.628
FR831 1990 10 94 8.78992
FR831 1990 11 94 0.592254
FR831 1991 01 94 2.43331
FR831 1991 02 94 3.92835
FR831 1991 03 94 17.909
FR831 1991 04 94 8.40559
FR831 1991 05 94 0.634917
FR831 1991 06 94 13.4898
FR831 1991 07 117 92.6132
FR831 1991 08 127 271.795
FR831 1992 01 127 13.919
FR831 1992 02 127 9.67961
FR831 1992 03 127 20.3589
FR831 1992 04 127 35.9938
FR831 1992 05 127 10.2398
FR831 1992 06 127 53.2809
FR831 1992 07 127 33.1111
FR831 1992 08 243 1299.08
FR831 1992 09 139 132.037
FR831 1992 10 139 14.6355
FR831 1993 01 139 2.31861
FR831 1993 02 139 11.7774
FR831 1993 03 139 8.19592
FR831 1993 04 139 4.98112
FR831 1993 05 139 2.05557
FR831 1993 06 139 33.8309
FR831 1993 07 119 243.62
FR831 1993 08 167 1198.54
FR831 1993 09 167 69.7966
FR831 1994 01 4 0.204495
FR831 1994 02 4 4.19184
FR831 1994 03 4 28.4551
FR831 1994 04 4 2.6999
FR831 1994 05 4 2.38056
FR831 1994 06 4 28.8137
FR831 1994 07 106 60.6327
FR831 1994 08 103 9671.44
FR831 1994 09 103 162.676
FR831 1995 01 103 10.1222
FR831 1995 02 103 0.161765
FR831 1995 03 103 35.0773
FR831 1995 04 103 14.7063
FR831 1995 05 103 3.8593
FR831 1995 06 103 15.8544
FR831 1995 07 103 102.454
FR831 1995 08 103 18.6517
FR831 1995 09 103 0.834843
FR831 1995 10 3 0.32664
FR831 1996 03 3 1.66402
FR831 1996 04 3 15.9106
FR831 1996 05 2 0.373359
FR831 1996 06 2 47.4671
FR831 1996 07 2 389.635
FR831 1996 08 2 60.7017
FR831 1996 09 2 8.01898
FR831 1996 10 2 0.308635
FR831 1996 11 2 9.92088
FR831 1997 01 2 5.95805
FR831 1997 02 2 6.24423
FR831 1997 03 2 650.399
FR831 1997 04 2 43.5788
FR831 1997 05 2 8.93759
FR831 1997 06 2 8.23184
FR831 1997 07 2 17.9366
FR831 1997 08 2 50.7028
FR831 1997 09 2 48.5676
FR831 1997 10 2 106.969
FR831 1997 11 2 0.376976
FR831 1997 12 2 0.536653
FR831 1998 01 5 7.45968
FR831 1998 02 5 15.0818
FR831 1998 03 5 11.677
FR831 1998 04 5 3.77634
FR831 1998 05 5 0.28756
FR831 1998 06 5 24.425
FR831 1998 07 5 70.9012
FR831 1998 08 5 49.4626
FR831 1998 09 5 131.875
FR831 1998 10 5 2.54484
FR831 1998 11 4 0.545264
FR831 1999 01 3 0.0477269
FR831 1999 02 3 3.30752
FR831 1999 03 3 18.5547
FR831 1999 04 3 6.57684
FR831 1999 05 3 1.26983
FR831 1999 06 3 169.397
FR831 1999 07 98 656.207
FR831 1999 08 98 157.007
FR831 1999 09 98 14.9224
FR831 1999 10 98 6.96795
FR831 1999 11 5 0.417641
FR831 2000 01 3 0.143272
FR831 2000 02 3 14.9154
FR831 2000 03 3 18.0747
FR831 2000 04 5 1.6471
FR831 2000 05 5 3.07506
FR831 2000 06 5 35.6714
FR831 2000 07 82 152.729
FR831 2000 08 110 1774.85
FR831 2000 09 110 49.3764
FR831 2000 10 110 3.64868
FR831 2000 11 2 1.44213
FR831 2001 02 2 1.3238
FR831 2001 03 2 4.41708
FR831 2001 04 2 3.90627
FR831 2001 05 2 5.07756
FR831 2001 06 2 87.5953
FR831 2001 07 2 350.604
FR831 2001 08 2 206.298
FR831 2001 09 2 268.984
FR831 2001 10 2 7.27347
FR831 2001 11 2 6.70547
FR831 2001 12 4 11.6467
FR831 2002 01 4 90.4336
FR831 2002 03 4 71.8615
FR831 2002 04 4 6.30283
FR831 2002 05 4 0.223767
FR831 2002 06 4 19.7858
FR831 2002 07 4 29.7837
FR831 2002 08 4 300.588
FR831 2002 09 3 0.959008
FR831 2002 10 2 0.137829
FR831 2002 11 2 0.0921697
FR831 2002 12 2 0.0972863
FR831 2003 01 3 0.381415
FR831 2003 02 3 0.181021
FR831 2003 03 3 53.1178
FR831 2003 04 3 5.96669
FR831 2003 05 3 280.317
FR831 2003 06 3 47.9559
FR831 2003 07 3 4825.97
FR831 2003 08 3 2899.57
FR831 2003 09 3 6.28674
FR831 2003 10 3 15.1207
FR831 2003 11 5 0.112666
FR831 2004 01 5 0.258154
FR831 2004 02 5 1.31006
FR831 2004 03 5 2.35372
FR831 2004 04 5 0.216642
FR831 2004 05 3 0.179362
FR831 2004 06 3 4.8842
FR831 2004 07 3 67.9551
FR831 2004 08 3 10.4245
FR831 2004 09 3 7.49448
FR831 2004 10 3 22.3682
FR831 2005 01 3 0.00593962
FR831 2005 02 4 0.865892
FR831 2005 03 4 5.98225
FR831 2005 04 4 6.31694
FR831 2005 05 4 18.5701
FR831 2005 06 4 100.032
FR831 2005 07 4 81.2676
FR831 2005 08 4 22.5882
FR831 2005 09 4 19.1268
FR831 2005 10 4 3.60061
FR831 2005 11 4 0.06176
FR831 2006 01 4 0.865529
FR831 2006 02 4 3.36145
FR831 2006 03 4 0.846511
FR831 2006 04 4 17.527
FR831 2006 05 4 23.6379
FR831 2006 06 4 86.1798
FR831 2006 07 4 64.985
FR831 2006 08 4 53.2351
FR831 2006 09 4 4.03545
FR831 2006 10 4 21.0564
FR831 2006 11 4 0.118998
FR831 2006 12 5 0.219448
FR832 1985 03 5 19.9561
FR832 1985 04 5 383.581
FR832 1985 05 5 92.1942
FR832 1985 06 5 81.3854
FR832 1985 07 158 9570.23
FR832 1985 08 144 6078.82
FR832 1985 09 144 179.111
FR832 1986 03 144 28.8226
FR832 1986 04 3 6.73356
FR832 1986 06 5 65.4759
FR832 1986 07 5 187.912
FR832 1986 08 5 2726.94
FR832 1986 09 5 299.01
FR832 1986 10 5 60.8272
FR832 1986 11 5 8.35993
FR832 1986 12 5 817.164
FR832 1987 01 5 59.446
FR832 1987 03 5 373.603
FR832 1987 04 5 75.3703
FR832 1987 05 5 22.1038
FR832 1987 06 5 302.563
FR832 1987 07 5 273.566
FR832 1987 08 5 1521.03
FR832 1987 09 5 202.026
FR832 1987 10 5 56.5897
FR832 1987 11 5 33.9444
FR832 1987 12 2 0.780379
FR832 1988 01 3 14.7804
FR832 1988 02 3 138.358
FR832 1988 03 3 192.378
FR832 1988 07 3 11.2409
FR832 1988 08 3 948.119
FR832 1988 09 3 561.003
FR832 1988 10 3 585.577
FR832 1988 11 4 3.23034
FR832 1988 12 4 4.15999
FR832 1989 01 4 9.74505
FR832 1989 02 4 69.7426
FR832 1989 03 4 121.602
FR832 1989 04 4 12.2548
FR832 1989 05 4 5.95992
FR832 1989 06 4 829.692
FR832 1989 07 91 5015.72
FR832 1989 08 91 1520.11
FR832 1989 10 4 0.776748
FR832 1989 11 4 0.51106
FR832 1989 12 4 3.13621
FR832 1990 01 4 7.43346
FR832 1990 02 115 1993.18
FR832 1990 03 115 690.23
FR832 1990 04 115 0.945434
FR832 1990 05 115 4.60846
FR832 1990 06 115 124.937
FR832 1990 07 157 54.6568
FR832 1990 08 209 112.848
FR832 1990 09 265 2079.96
FR832 1990 10 265 4.78108
FR832 1990 11 265 9.8849
FR832 1990 12 265 0.525194
FR832 1991 01 265 4.78495
FR832 1991 02 265 6.43493
FR832 1991 03 265 21.4394
FR832 1991 04 265 2.25962
FR832 1991 05 265 0.571373
FR832 1991 06 265 27.7115
FR832 1991 07 189 176.156
FR832 1991 08 203 112.32
FR832 1991 09 203 3.20408
FR832 1991 10 203 8.94202
FR832 1991 11 3 0.197521
FR832 1991 12 3 39.6861
FR832 1992 01 3 2.28719
FR832 1992 02 3 29.7573
FR832 1992 03 117 26.7498
FR832 1992 04 117 18.8894
FR832 1992 05 117 4.1188
FR832 1992 06 117 57.8239
FR832 1992 07 117 27.9235
FR832 1992 08 387 298.756
FR832 1992 09 255 12327.1
FR832 1992 10 255 1.20229
FR832 1993 01 3 0.362743
FR832 1993 02 3 10.1052
FR832 1993 03 3 61.4885
FR832 1993 04 2 3.90577
FR832 1993 05 2 0.139131
FR832 1993 06 2 77.081
FR832 1993 07 242 820.288
FR832 1993 08 331 4245.08
FR832 1993 09 97 405.296
FR832 1993 12 97 6.82234
FR832 1994 01 97 9.20084
FR832 1994 02 3 0.132923
FR832 1994 03 3 38.8777
FR832 1994 04 3 33.047
FR832 1994 05 4 0.938302
FR832 1994 06 4 2.89029
FR832 1994 07 4 44.368
FR832 1994 08 264 2735.79
FR832 1994 09 264 565.102
FR832 1994 10 264 12.8015
FR832 1994 12 3 1.91515
FR832 1995 01 96 556.744
FR832 1995 02 93 615.901
FR832 1995 03 85 176.94
FR832 1995 04 85 29.1391
FR832 1995 06 85 6.75803
FR832 1995 07 85 77.4133
FR832 1995 08 85 14.9095
FR832 1995 09 85 1259.09
FR832 1995 10 85 36.3406
FR832 1995 11 85 43.8186
FR832 1996 02 3 0.198096
FR832 1996 03 3 0.78939
FR832 1996 04 3 23.0095
FR832 1996 05 4 5.40024
FR832 1996 06 4 21.8053
FR832 1996 07 4 256.365
FR832 1996 08 164 337.113
FR832 1996 09 164 10.7818
FR832 1997 02 164 116.103
FR832 1997 03 164 238.699
FR832 1997 04 164 71.0765
FR832 1997 05 164 43.9496
FR832 1997 06 4 6.83394
FR832 1997 07 4 39.2174
FR832 1997 08 89 77.1324
FR832 1997 09 133 395.613
FR832 1997 10 133 2045.87
FR832 1997 11 3 0.333411
FR832 1998 01 3 0.390654
FR832 1998 02 3 0.402883
FR832 1998 03 3 38.5029
