FR522 1997 05 2 4.16047
FR522 1997 06 2 13.7066
FR522 1997 07 2 4.7412
FR522 1997 08 2 1.28545
FR522 1997 09 2 6.55757
FR522 1997 10 2 1.25863
FR522 1997 11 2 0.570876
FR522 1998 02 5 0.945135
FR522 1998 03 5 6.93268
FR522 1998 05 5 3.86007
FR522 1998 06 5 3.34896
FR522 1998 07 2 0.315066
FR522 1998 08 2 11.0697
FR522 1999 04 2 7.56402
FR522 1999 06 2 11.7087
FR522 1999 07 2 4.6392
FR522 1999 08 5 4.14599
FR522 1999 09 5 3.89532
FR522 1999 11 3 0.23678
FR522 2001 06 3 1.34158
FR522 2001 07 3 5.58527
FR522 2001 08 3 1.43067
FR522 2001 09 3 3.52475
FR522 2006 06 2 248.522
FR523 1993 02 2 5.07962
FR523 1993 03 2 0.335649
FR523 1993 07 2 0.193619
FR523 1994 07 2 0.266948
FR523 1994 08 2 3.17429
FR523 1994 09 2 0.0659602
FR523 1995 05 2 4.22452
FR523 1995 06 3 23.0934
FR523 1995 07 3 11.4233
FR523 1995 08 2 0.0880514
FR523 1996 06 4 2.74121
FR523 1996 07 4 105.863
FR523 1996 08 3 17.6988
FR523 1996 09 2 1.01011
FR523 1997 01 4 0.391473
FR523 1997 03 4 15.1076
FR523 1997 04 4 81.4357
FR523 1997 05 4 1.88239
FR523 1997 07 4 1.14818
FR523 1997 08 3 1.94115
FR523 1997 09 4 0.544387
FR523 1998 03 2 0.0897957
FR523 1998 05 2 0.416996
FR523 1998 08 2 0.0804902
FR523 1998 09 3 1.01336
FR523 1999 06 2 0.178226
FR523 1999 07 2 4.23314
FR523 1999 08 4 0.265607
FR523 1999 09 4 0.273
FR523 2002 06 2 0.375864
FR523 2002 07 2 2.5242
FR523 2002 08 2 13.6423
FR523 2003 03 2 5.2391
FR523 2003 04 5 105.756
FR523 2003 06 5 26.6924
FR523 2003 07 5 28.1841
FR523 2003 08 5 40.962
FR523 2003 09 5 14.5074
FR523 2004 04 2 1.02141
FR523 2004 06 2 9.26908
FR523 2004 07 2 17.3654
FR523 2004 08 2 7.28857
FR523 2004 09 2 0.112011
FR523 2004 10 2 2.87506
FR523 2005 03 2 2.31518
FR523 2005 05 2 5.4239
FR523 2005 06 2 2.79369
FR523 2005 07 2 99.3864
FR523 2005 08 2 21.0706
FR523 2005 09 2 7.81201
FR523 2006 07 2 3.31989
FR524 1993 02 2 89.3995
FR524 1993 03 2 51.3337
FR524 1993 04 2 1.81887
FR524 1993 05 2 3.66854
FR524 1993 06 2 0.367354
FR524 1993 07 2 7.17769
FR524 1993 08 2 53.8194
FR524 1993 09 2 24.8393
FR524 1993 10 2 0.342734
FR524 1994 02 2 0.110848
FR524 1994 03 2 0.401655
FR524 1994 07 123 56.8501
FR524 1994 08 123 53.9952
FR524 1994 09 123 38.2835
FR524 1994 10 123 361.474
FR524 1995 03 123 5.8393
FR524 1995 04 123 20.4273
FR524 1995 05 123 29.6491
FR524 1995 06 123 20.0271
FR524 1995 07 123 57.0877
FR524 1995 08 88 64.855
FR524 1995 09 88 8.59306
FR524 1995 10 88 3.60889
FR524 1995 11 88 1.96808
FR524 1995 12 3 10.1502
FR524 1996 01 2 0.939718
FR524 1996 02 3 3.27638
FR524 1996 03 3 25.7435
FR524 1996 04 3 36.668
FR524 1996 05 4 1.52861
FR524 1996 06 4 12.2184
FR524 1996 07 132 100.629
FR524 1996 08 97 84.1084
FR524 1996 09 97 90.3078
FR524 1997 01 2 0.0953551
FR524 1997 02 2 0.75507
FR524 1997 03 2 67.5579
FR524 1997 04 100 45.348
FR524 1997 05 100 14.7138
FR524 1997 06 100 1.888
FR524 1997 07 100 14.2386
FR524 1997 08 100 7.37787
FR524 1997 09 100 12.1956
FR524 1997 10 100 6.15504
FR524 1997 11 4 2.27039
FR524 1998 01 4 4.28503
FR524 1998 02 4 3.29658
FR524 1998 03 4 28.6358
FR524 1998 04 4 0.519296
FR524 1998 05 4 31.7331
FR524 1998 06 4 0.546463
FR524 1998 07 4 15.6011
FR524 1998 08 4 9.40074
FR524 1999 02 4 1.5382
FR524 1999 03 4 19.0548
FR524 1999 04 4 2.88086
FR524 1999 05 4 1.7494
FR524 1999 06 4 2.08524
FR524 1999 07 108 66.8848
FR524 1999 08 3 0.180848
FR524 2001 02 3 7.12968
FR524 2001 04 4 1.2504
FR524 2001 05 4 1.81913
FR524 2001 06 4 6.05526
FR524 2001 07 4 166.621
FR524 2001 08 4 1.41352
FR524 2001 09 4 2.76724
FR524 2002 03 4 1.78568
FR524 2002 04 4 9.2673
FR524 2002 05 5 0.850962
FR524 2002 06 5 2.77059
FR524 2002 07 5 1.36689
FR524 2002 08 5 3.2602
FR524 2002 09 5 11.1563
FR524 2002 10 2 0.287536
FR524 2003 03 2 76.5401
FR524 2003 04 2 140.262
FR524 2003 05 2 3.43199
FR524 2003 06 2 78.5292
FR524 2003 07 2 8.21779
FR524 2003 09 2 7.18007
FR524 2003 10 5 1.31715
FR524 2004 02 5 26.4875
FR524 2004 03 5 5.86485
FR524 2004 04 5 5.36914
FR524 2004 05 5 15.5435
FR524 2004 06 5 3.99928
FR524 2004 07 3 0.429272
FR524 2004 08 3 7.7919
FR524 2004 09 3 11.8471
FR524 2004 10 2 0.24087
FR524 2005 02 3 4.20976
FR524 2005 03 4 2.28521
FR524 2005 04 4 2.02804
FR524 2005 05 4 15.3201
FR524 2005 06 4 17.4516
FR524 2005 07 4 64.6039
FR524 2005 08 4 226.561
FR524 2005 09 2 2.49796
FR524 2005 10 2 4.05644
FR524 2006 03 3 5.8519
FR524 2006 06 2 2.14338
FR524 2006 07 2 34.6379
FR524 2006 08 2 10.0198
FR524 2006 09 2 1.55313
FR531 1993 02 3 2.01128
FR531 1993 03 3 45.1446
FR531 1993 08 5 8.16076
FR531 1994 03 5 1.67257
FR531 1994 04 5 3.47892
FR531 1994 05 2 1.067
FR531 1994 06 2 1.68377
FR531 1994 07 2 15.7356
FR531 1994 08 2 17.3999
FR531 1994 09 2 0.948339
FR531 1995 03 4 2.94977
FR531 1995 04 4 13.7851
FR531 1995 05 4 1.15267
FR531 1995 06 4 4.28096
FR531 1995 07 4 81.5195
FR531 1995 08 4 102.244
FR531 1995 09 4 47.5788
FR531 1996 03 4 52.3817
FR531 1996 04 4 21.6829
FR531 1996 05 3 0.556141
FR531 1996 06 3 11.6459
FR531 1996 07 3 12.4062
FR531 1996 08 3 3.24801
FR531 1996 09 3 3.59519
FR531 1996 10 2 0.124999
FR531 1997 02 2 0.124104
FR531 1997 03 2 28.2209
FR531 1997 04 2 27.1963
FR531 1997 06 3 0.22153
FR531 1997 07 3 2.10853
FR531 1997 08 5 0.370574
FR531 1997 09 5 7.34234
FR531 1997 10 4 11.5828
FR531 1998 02 2 0.835653
FR531 1998 03 2 3.97658
FR531 1998 05 2 3.83751
FR531 1998 06 2 1.88598
FR531 1998 07 2 10.852
FR531 1998 08 2 24.5346
FR531 1998 09 4 4.36934
FR531 1999 03 3 3.86492
FR531 1999 04 2 0.0606625
FR531 1999 06 2 1.16437
FR531 1999 07 4 0.210105
FR531 1999 08 2 0.00801594
FR531 2001 05 2 0.365936
FR531 2001 06 4 1.39442
FR531 2001 07 3 7.5924
FR531 2001 08 2 0.145462
FR531 2001 09 2 0.261095
FR531 2002 06 2 0.106003
FR531 2002 07 2 0.805536
FR531 2002 08 2 0.00649828
FR531 2003 02 2 16.2019
FR531 2003 03 2 15.2547
FR531 2003 04 2 26.6034
FR531 2003 05 3 1.93278
FR531 2003 07 3 6.15272
FR531 2003 08 3 7.83127
FR531 2004 02 3 1.33457
FR531 2004 03 4 12.8342
FR531 2004 04 2 4.07331
FR531 2004 05 2 1.90302
FR531 2004 06 3 0.403707
FR531 2004 07 3 0.0147223
FR531 2004 08 3 1.43487
FR531 2004 09 2 3.12976
FR531 2005 03 2 20.9364
FR531 2005 04 2 14.3758
FR531 2005 05 2 0.0301209
FR531 2005 06 2 11.5794
FR531 2005 07 5 1.57101
FR531 2005 08 5 14.7824
FR531 2005 09 4 3.16868
FR531 2005 10 4 5.79954
FR531 2006 02 3 1.37525
FR531 2006 03 5 1.4379
FR531 2006 04 5 2.18656
FR531 2006 05 2 0.180188
FR531 2006 06 2 40.6456
FR531 2006 07 2 92.3034
FR531 2006 08 2 2.08912
FR532 1993 03 2 0.33923
FR532 1993 09 3 0.806076
FR532 1994 04 2 0.149407
FR532 1994 06 2 0.659215
FR532 1994 07 2 7.78363
FR532 1994 08 2 2.0141
FR532 1995 03 3 11.3651
FR532 1995 04 3 13.2106
FR532 1995 05 4 5.7863
FR532 1995 06 2 1.12023
FR532 1995 07 2 3.78887
FR532 1995 08 2 0.228479
FR532 1996 03 2 21.2629
FR532 1996 04 4 3.50258
FR532 1996 05 5 3.8243
FR532 1996 06 5 6.01861
FR532 1996 07 5 0.950292
FR532 1996 08 3 0.122391
FR532 1996 09 2 0.0135644
FR532 1997 03 5 11.2215
FR532 1997 04 5 91.9973
FR532 1997 06 5 2.55559
FR532 1997 07 5 1.57477
FR532 1997 08 5 0.808861
FR532 1997 09 3 1.31439
FR532 1998 05 3 1.72583
FR532 1998 06 2 0.274726
FR532 1998 07 3 0.536576
FR532 1998 08 3 9.40814
FR532 1999 03 2 2.30635
FR532 1999 04 4 0.359266
FR532 1999 05 2 1.25758
FR532 1999 06 2 2.39693
FR532 1999 07 2 2.7324
FR532 1999 08 5 2.06984
FR532 1999 09 4 4.97254
FR532 2000 03 4 10.6246
FR532 2000 04 4 5.41611
FR532 2000 06 5 2.22993
FR532 2000 07 5 5.95062
FR532 2000 08 5 1.39362
FR532 2000 09 5 8.22785
FR532 2001 04 5 14.7927
FR532 2001 05 5 0.63586
FR532 2001 06 5 3.39058
FR532 2001 07 5 3.01213
FR532 2001 08 5 1.2788
FR532 2001 09 5 4.83237
FR532 2002 02 3 0.0226645
FR532 2002 03 4 2.90155
FR532 2002 04 5 65.3368
FR532 2002 05 2 0.154023
FR532 2002 06 2 1.01023
FR532 2002 07 2 24.6823
FR532 2002 08 2 0.412183
FR532 2002 09 2 0.73868
FR532 2002 10 2 0.368277
FR532 2003 02 2 4.12587
FR532 2003 03 2 82.9296
FR532 2003 04 2 16.1184
FR532 2003 06 4 5.18583
FR532 2003 07 2 0.121177
FR532 2003 08 2 5.41545
FR532 2003 09 2 10.2783
FR532 2003 10 3 8.60905
FR532 2004 02 4 5.14359
FR532 2004 04 2 1.09609
FR532 2004 05 2 0.65589
FR532 2004 06 2 12.5296
FR532 2004 07 2 3.79417
FR532 2004 08 5 2.21545
FR532 2005 02 2 0.0153922
FR532 2005 03 2 14.4699
FR532 2005 04 2 0.676547
FR532 2005 05 2 17.5159
FR532 2005 06 2 14.0639
FR532 2005 07 2 13.0206
FR532 2005 08 2 39.1674
FR532 2005 09 2 0.0622675
FR532 2005 10 2 10.3617
FR532 2006 02 3 1.06594
FR532 2006 03 4 7.27212
FR532 2006 04 3 1.15586
FR532 2006 06 3 14.2353
FR532 2006 07 3 47.9829
FR532 2006 08 3 26.717
FR532 2006 09 4 1.04149
FR533 1993 03 2 7.2953
FR533 1994 03 2 0.734282
FR533 1994 07 2 18.9957
FR533 1995 06 3 1.89877
FR533 1995 07 2 42.1518
FR533 1995 08 2 10.5308
FR533 1996 04 2 4.24539
FR533 1996 07 2 5.43916
FR533 1996 08 3 3.54865
FR533 1996 09 2 25.6342
FR533 1996 10 2 2.23352
FR533 1997 03 3 1.82299
FR533 1997 04 3 7.61484
FR533 1997 09 3 9.97639
FR533 1998 09 2 3.28415
FR533 2002 07 2 0.876273
FR534 1993 02 2 1.24729
FR534 1993 03 2 34.4396
FR534 1993 07 3 2.3612
FR534 1993 08 3 25.4201
FR534 1994 06 5 0.271688
FR534 1994 07 5 124.815
FR534 1994 08 5 10.966
FR534 1995 03 2 2.13526
FR534 1995 04 2 3.3078
FR534 1995 05 2 4.18972
FR534 1995 06 2 13.6134
FR534 1995 07 2 95.2528
FR534 1995 08 2 130.475
FR534 1995 09 2 16.3095
FR534 1995 10 2 48.9442
FR534 1996 02 2 0.465718
FR534 1996 03 2 20.1661
FR534 1996 04 2 57.0114
FR534 1996 05 2 0.182524
FR534 1996 06 2 11.0006
FR534 1996 07 2 200.046
FR534 1996 08 2 56.1092
FR534 1996 09 2 7.0508
FR534 1997 02 3 0.231973
FR534 1997 03 3 4.66219
FR534 1997 04 3 23.1553
FR534 1997 05 2 1.79991
FR534 1997 07 2 0.355869
FR534 1997 08 5 14.8779
FR534 1997 09 3 0.716706
FR534 1997 10 4 131.206
FR534 1998 02 2 1.44109
FR534 1998 03 3 0.733192
FR534 1998 05 2 0.400674
FR534 1998 06 3 6.0785
FR534 1998 07 3 17.5777
FR534 1998 08 3 17.7598
FR534 1998 09 4 1.44808
FR534 1999 03 3 18.7084
FR534 1999 04 2 0.141935
FR534 1999 05 3 0.204617
FR534 1999 06 3 5.27121
FR534 1999 07 3 111.065
FR534 1999 08 4 3.61958
FR534 1999 09 5 0.923594
FR534 2000 03 4 9.09865
FR534 2000 04 4 52.0013
FR534 2000 06 4 8.65209
FR534 2000 07 4 2.19042
FR534 2000 08 4 13.9828
FR534 2000 09 4 6.4582
FR534 2001 05 3 0.81178
FR534 2001 06 4 7.92434
FR534 2001 07 4 8.4067
FR534 2001 08 2 12.5986
FR534 2001 09 5 2.48093
FR534 2001 10 3 0.0453976
FR534 2002 03 2 0.375846
FR534 2002 04 2 3.51509
FR534 2002 06 2 0.500743
FR534 2002 07 2 1.97701
FR534 2003 02 2 0.0802163
FR534 2003 03 2 9.78105
FR534 2003 04 4 6.6652
FR534 2003 06 3 10.6617
FR534 2003 08 5 52.8724
FR534 2003 09 5 34.1577
FR534 2004 03 2 2.56216
FR534 2004 06 2 40.7802
FR534 2004 07 4 5.79619
FR534 2004 09 2 4.18698
FR534 2005 03 2 7.55644
FR534 2005 04 2 18.2266
FR534 2005 07 3 2.84379
FR534 2005 08 3 154.648
FR534 2005 09 4 4.00539
FR534 2005 10 5 11.3742
FR534 2006 04 2 6.13093
FR534 2006 05 2 0.156874
FR534 2006 06 2 6.3198
FR534 2006 07 4 20.6106
FR611 1993 01 4 3.10502
FR611 1993 02 2 33.153
FR611 1993 03 89 135.904
FR611 1993 04 89 4.20019
FR611 1993 05 89 3.51442
FR611 1993 06 89 2.93795
FR611 1993 07 89 7.42543
FR611 1993 08 89 8.98657
FR611 1993 09 89 2.73837
FR611 1994 02 3 0.2312
FR611 1994 03 3 3.18808
FR611 1994 04 3 4.81471
FR611 1994 05 3 0.876092
FR611 1994 06 3 26.9539
FR611 1994 08 3 5.73602
FR611 1994 09 3 1.57298
FR611 1995 02 5 0.950803
FR611 1995 03 5 53.959
FR611 1995 04 5 105.344
FR611 1995 05 5 26.6999
FR611 1995 06 5 41.2673
FR611 1995 07 88 116.759
FR611 1995 08 112 141.71
FR611 1995 09 112 34.1811
FR611 1996 01 3 0.325098
FR611 1996 02 5 0.285911
FR611 1996 03 5 52.3459
FR611 1996 04 5 32.3255
FR611 1996 05 5 5.8221
FR611 1996 06 5 20.9264
FR611 1996 07 5 35.3209
FR611 1996 08 5 10.4062
FR611 1996 09 5 6.43578
FR611 1997 01 5 4.0863
FR611 1997 02 5 24.1035
FR611 1997 03 94 120.111
FR611 1997 04 97 170.972
FR611 1997 05 97 17.7568
FR611 1997 06 97 0.562206
FR611 1997 07 97 2.6371
FR611 1997 08 97 1.65924
FR611 1997 09 97 20.586
FR611 1997 10 97 10.3713
FR611 1997 11 5 1.45444
FR611 1997 12 2 0.0797236
FR611 1998 02 2 51.7924
FR611 1998 03 2 57.708
FR611 1998 05 2 21.8643
FR611 1998 06 2 3.56883
FR611 1998 07 2 28.6404
FR611 1998 08 127 143.086
FR611 1998 09 127 6.80184
FR611 1998 10 4 0.179065
FR611 1998 11 4 0.394698
FR611 1999 02 2 1.54615
FR611 1999 03 2 29.0989
FR611 1999 04 3 0.201706
FR611 1999 05 2 0.120088
FR611 1999 06 2 3.0339
FR611 1999 07 2 15.869
FR611 1999 08 2 4.57271
FR611 1999 09 2 6.53845
FR611 2000 01 5 1.57035
FR611 2000 02 5 10.8637
FR611 2000 03 5 34.3832
FR611 2000 04 5 10.0314
FR611 2000 05 5 0.655271
FR611 2000 06 5 6.60852
FR611 2000 07 5 0.655731
FR611 2000 08 5 8.60553
FR611 2000 09 5 5.82184
FR611 2001 02 3 0.169055
FR611 2001 03 3 54.248
FR611 2001 04 3 9.7966
FR611 2001 05 3 122.086
FR611 2001 06 3 3.36835
FR611 2001 07 3 9.14804
FR611 2001 08 3 8.45458
FR611 2001 09 5 1.58085
FR611 2002 01 5 2.68484
FR611 2002 02 5 20.2734
FR611 2002 03 5 60.4418
FR611 2002 04 5 20.5659
FR611 2002 05 5 0.981852
FR611 2002 06 5 14.1437
FR611 2002 07 5 13.6581
FR611 2002 08 5 21.5262
FR611 2002 09 5 7.13183
FR611 2002 10 5 7.23819
FR611 2003 01 3 0.714035
FR611 2003 02 3 37.6536
FR611 2003 03 3 154.77
FR611 2003 04 3 113.618
FR611 2003 05 4 1.25819
FR611 2003 06 4 0.452152
FR611 2003 07 4 45.3444
FR611 2003 08 4 46.854
FR611 2003 09 4 8.30545
FR611 2004 02 4 8.17699
FR611 2004 03 4 54.4883
FR611 2004 04 5 2.81247
FR611 2004 05 4 5.1589
FR611 2004 06 4 7.7062
FR611 2004 07 4 15.99
FR611 2004 08 4 7.38038
FR611 2005 01 2 1.51062
FR611 2005 02 2 16.0221
FR611 2005 03 2 75.0968
FR611 2005 04 2 32.78
FR611 2005 05 2 42.7098
FR611 2005 06 2 21.4486
FR611 2005 07 2 50.8009
FR611 2005 08 2 84.089
FR611 2005 09 2 11.3621
FR611 2006 01 4 6.12429
FR611 2006 02 4 2.01486
FR611 2006 03 4 11.123
FR611 2006 04 4 20.8028
FR611 2006 05 4 5.04844
FR611 2006 06 4 17.0112
FR611 2006 07 4 21.072
FR611 2006 08 4 5.7688
FR611 2006 09 4 2.62492
FR611 2006 10 2 0.0252102
FR611 2006 11 2 0.012646
FR612 1993 01 3 0.803776
FR612 1993 02 3 21.6562
FR612 1993 03 3 87.8761
FR612 1993 04 3 374.29
FR612 1993 05 3 10.7501
FR612 1993 06 3 2.8175
FR612 1993 07 3 19.9508
FR612 1993 08 3 29.3676
FR612 1993 09 3 12.7358
FR612 1994 01 2 0.844335
FR612 1994 02 4 1.0406
FR612 1994 03 4 19.1982
FR612 1994 04 4 87.529
FR612 1994 05 4 4.80007
FR612 1994 06 4 26.404
FR612 1994 07 140 76.482
FR612 1994 08 99 23.4691
FR612 1994 09 99 6.0773
FR612 1994 10 99 2.66192
FR612 1995 01 3 0.192496
FR612 1995 02 3 1.54687
FR612 1995 03 3 17.3742
FR612 1995 04 3 945.426
FR612 1995 05 83 51.4733
FR612 1995 06 132 50.5851
FR612 1995 07 250 100.787
FR612 1995 08 321 106.913
FR612 1995 09 96 79.3958
FR612 1995 10 96 25.4923
FR612 1995 11 96 3.83188
FR612 1995 12 2 0.192189
FR612 1996 01 2 0.14245
FR612 1996 02 4 0.72973
FR612 1996 03 98 86.8671
FR612 1996 04 99 47.5994
FR612 1996 05 99 18.58
FR612 1996 06 149 29.7626
FR612 1996 07 123 22.5483
FR612 1996 08 105 43.2535
FR612 1996 09 140 46.1161
FR612 1996 10 140 4.63562
FR612 1996 11 140 0.728556
FR612 1996 12 3 1.26822
FR612 1997 01 4 4.40779
FR612 1997 02 4 18.0427
FR612 1997 03 127 154.499
FR612 1997 04 317 1342.99
FR612 1997 05 317 16.2999
FR612 1997 06 317 7.62858
FR612 1997 07 317 9.30225
FR612 1997 08 317 19.7223
FR612 1997 09 85 32.4624
FR612 1997 10 94 28.1853
FR612 1997 11 94 10.8285
FR612 1998 01 94 2.50429
FR612 1998 02 94 36.6447
FR612 1998 03 86 65.4034
FR612 1998 04 4 2.47883
FR612 1998 05 4 23.6036
FR612 1998 06 4 8.54645
FR612 1998 07 112 28.7283
FR612 1998 08 270 77.8356
FR612 1998 09 270 18.4503
FR612 1998 10 3 0.18974
FR612 1998 11 3 0.011106
FR612 1999 01 3 1.66918
FR612 1999 02 3 1.66159
FR612 1999 03 3 17.4784
FR612 1999 04 3 7.91545
FR612 1999 05 3 11.1254
FR612 1999 06 85 32.7744
FR612 1999 07 179 44.3971
FR612 1999 08 83 16.0756
FR612 1999 09 102 50.3201
FR612 1999 10 102 6.1668
FR612 1999 11 3 1.56021
FR612 2000 01 4 3.91258
FR612 2000 02 4 1.72259
FR612 2000 03 87 38.3136
FR612 2000 04 87 3.46778
FR612 2000 05 87 3.01007
FR612 2000 06 87 10.2958
FR612 2000 07 87 26.5782
FR612 2000 08 168 170.309
FR612 2000 09 172 114.636
FR612 2001 02 172 53.3874
FR612 2001 03 172 9.61127
FR612 2001 04 172 25.275
FR612 2001 05 172 11.5152
FR612 2001 06 118 35.913
FR612 2001 07 118 62.9218
FR612 2001 08 118 15.6348
FR612 2001 09 93 30.2336
FR612 2001 10 93 7.93333
FR612 2001 11 93 4.12479
FR612 2001 12 93 1.33789
FR612 2002 01 93 7.98202
FR612 2002 02 93 92.2893
FR612 2002 03 96 396.596
FR612 2002 04 123 1672
FR612 2002 05 123 73.0786
FR612 2002 06 123 29.0528
FR612 2002 07 122 43.14
FR612 2002 08 122 20.2997
FR612 2002 09 122 19.2414
FR612 2002 10 122 11.3647
FR612 2002 11 2 0.01047
FR612 2003 02 2 71.2995
FR612 2003 03 111 571.911
FR612 2003 04 82 44.761
FR612 2003 05 82 75.2236
FR612 2003 06 82 14.6094
FR612 2003 07 98 123.392
FR612 2003 08 116 654.558
FR612 2003 09 116 19.9533
FR612 2003 10 116 8.70242
FR612 2003 11 4 1.46211
FR612 2003 12 3 0.0584064
FR612 2004 02 3 11.4749
FR612 2004 03 3 23.8805
FR612 2004 04 3 39.5635
FR612 2004 05 3 22.5046
FR612 2004 06 82 100.671
FR612 2004 07 84 61.4471
FR612 2004 08 89 676.372
FR612 2004 09 89 17.9835
FR612 2004 10 89 1.0603
FR612 2004 11 2 0.0127403
FR612 2005 01 4 0.858891
FR612 2005 02 4 25.7821
FR612 2005 03 95 25.6095
FR612 2005 04 95 59.9917
FR612 2005 05 95 16.9418
FR612 2005 06 177 117.021
FR612 2005 07 186 206.072
FR612 2005 08 257 494.349
FR612 2005 09 81 55.9169
FR612 2005 10 81 42.5852
FR612 2005 11 2 0.0758606
FR612 2006 02 2 2.71834
FR612 2006 03 2 12.0691
FR612 2006 04 2 31.8969
FR612 2006 05 2 22.0618
FR612 2006 06 112 30.4087
FR612 2006 07 185 98.9525
FR612 2006 08 185 8.95748
FR612 2006 09 185 17.7871
FR612 2006 10 3 2.29997
FR612 2006 11 3 4.03257
FR613 1993 01 3 11.5036
FR613 1993 02 3 23.0319
FR613 1993 03 3 24.5044
FR613 1993 04 3 8.01536
FR613 1993 05 3 13.6033
FR613 1993 06 3 0.57363
FR613 1993 07 3 22.0549
FR613 1993 08 3 18.4554
FR613 1993 09 3 15.279
FR613 1994 02 2 0.70207
FR613 1994 03 2 4.80632
FR613 1994 04 2 1.70499
FR613 1994 05 2 11.7928
FR613 1994 06 2 13.2472
FR613 1994 07 92 64.175
FR613 1994 08 87 19.6423
FR613 1995 01 87 0.839398
FR613 1995 02 87 0.88242
FR613 1995 03 87 20.8282
FR613 1995 04 87 65.4971
FR613 1995 05 87 11.1755
FR613 1995 06 87 78.8862
FR613 1995 07 87 155.455
FR613 1995 08 83 564.135
FR613 1995 09 83 377.653
FR613 1995 10 83 4.12033
FR613 1995 11 83 2.71171
FR613 1996 01 4 0.335349
FR613 1996 02 5 0.975792
FR613 1996 03 5 15.5312
FR613 1996 04 5 14.8297
FR613 1996 05 5 12.8367
FR613 1996 06 5 152.324
FR613 1996 07 5 30.4996
FR613 1996 08 5 33.6776
FR613 1996 09 5 3.71791
FR613 1996 10 5 1.73235
FR613 1997 02 5 10.8016
FR613 1997 03 5 28.2479
FR613 1997 04 129 541.015
FR613 1997 05 129 8.01451
FR613 1997 06 129 16.9247
FR613 1997 07 129 9.68519
FR613 1997 08 129 1.59766
FR613 1997 09 129 1.62063
FR613 1997 10 129 1.15594
FR613 1998 01 2 0.149266
FR613 1998 02 2 7.69574
FR613 1998 03 2 30.0755
FR613 1998 04 2 6.92465
FR613 1998 05 2 9.61019
FR613 1998 06 2 1.68289
FR613 1998 07 2 20.2904
FR613 1998 08 2 35.5693
FR613 1998 09 2 17.9128
FR613 1998 11 4 0.61503
FR613 1999 01 3 1.01646
FR613 1999 02 3 0.238682
FR613 1999 03 3 7.57968
FR613 1999 04 3 4.6258
FR613 1999 05 3 2.81814
FR613 1999 06 3 17.7766
FR613 1999 07 3 21.6813
FR613 1999 08 3 23.0277
FR613 1999 09 3 17.0823
FR613 2000 01 4 2.6222
FR613 2000 02 3 1.56557
FR613 2000 03 3 9.15121
FR613 2000 04 3 7.47436
FR613 2000 05 3 2.9777
FR613 2000 06 3 8.44271
FR613 2000 07 3 14.9873
FR613 2000 08 110 74.2068
FR613 2000 09 110 26.1034
FR613 2000 10 3 1.2675
FR613 2001 02 3 23.6257
FR613 2001 03 3 17.0926
FR613 2001 04 3 7.38625
FR613 2001 05 3 13.6084
FR613 2001 06 3 35.7258
FR613 2001 07 3 57.9089
FR613 2001 08 3 14.5951
FR613 2001 09 3 25.8393
FR613 2001 10 3 0.139144
FR613 2001 11 3 0.318742
FR613 2001 12 2 0.313152
FR613 2002 01 2 0.962811
FR613 2002 02 2 5.67729
FR613 2002 03 2 35.2418
FR613 2002 04 2 15.4396
FR613 2002 05 2 8.76729
FR613 2002 06 2 67.7542
FR613 2002 07 2 119.474
FR613 2002 08 2 5.98887
FR613 2002 09 2 19.0807
FR613 2002 10 4 0.744566
FR613 2003 02 4 0.514843
FR613 2003 03 4 28.7902
FR613 2003 04 4 397.699
FR613 2003 05 4 4.19488
FR613 2003 06 4 22.9094
FR613 2003 07 4 408.179
FR613 2003 08 83 90.7842
FR613 2003 09 83 18.199
FR613 2003 10 83 2.03147
FR613 2004 02 5 2.87826
FR613 2004 03 5 68.8909
FR613 2004 04 5 1.87291
FR613 2004 05 5 17.3752
FR613 2004 06 5 19.6135
FR613 2004 07 5 29.9175
FR613 2004 08 5 61.744
FR613 2004 09 5 2.02823
FR613 2004 10 5 0.338169
FR613 2005 02 5 5.92078
FR613 2005 03 5 49.2469
FR613 2005 04 5 10.8081
FR613 2005 05 5 1.16961
FR613 2005 06 5 21.4096
FR613 2005 07 5 112.837
FR613 2005 08 5 85.7246
FR613 2005 09 5 39.979
FR613 2005 10 5 2.21911
FR613 2006 02 3 0.506503
FR613 2006 03 3 1.77287
FR613 2006 04 3 4.82985
FR613 2006 05 3 2.57363
FR613 2006 06 3 41.1375
FR613 2006 07 3 80.4819
FR613 2006 08 3 21.3379
FR613 2006 09 3 13.7966
FR613 2006 11 5 0.430046
FR614 1993 02 2 0.455056
FR614 1993 03 2 2.09457
FR614 1993 04 3 0.249522
FR614 1993 05 3 0.712506
FR614 1993 06 3 0.227496
FR614 1993 07 3 1.60478
FR614 1993 08 4 0.714327
FR614 1994 04 5 0.348092
FR614 1994 05 2 0.106318
FR614 1994 06 2 3.06065
FR614 1994 07 2 4.74369
FR614 1994 08 2 2.83786
FR614 1994 09 2 12.5867
FR614 1995 03 3 0.242382
FR614 1995 04 3 7.61088
FR614 1995 05 3 6.93114
FR614 1995 06 3 3.13072
FR614 1995 07 3 7.23944
FR614 1995 08 3 11.3183
FR614 1995 09 3 11.2834
FR614 1995 10 2 0.0865587
FR614 1996 03 3 0.109752
FR614 1996 04 3 25.4095
FR614 1996 05 2 0.139762
FR614 1996 06 2 1.06896
FR614 1996 07 5 0.834816
FR614 1996 08 2 0.0621329
FR614 1996 10 5 1.8169
FR614 1997 03 5 6.38071
FR614 1997 04 5 9.11854
FR614 1997 05 5 4.44324
FR614 1997 06 2 0.0572196
FR614 1997 07 2 0.0221516
FR614 1997 08 2 0.125094
FR614 1997 10 4 1.47721
FR614 1998 02 5 7.10685
FR614 1998 03 3 0.318019
FR614 1998 05 3 5.27284
FR614 1998 06 3 0.41021
FR614 1998 07 3 2.15712
FR614 1998 08 2 0.00955957
FR614 1998 09 2 0.0102821
FR614 1998 10 3 0.165802
FR614 1999 03 4 2.54306
FR614 1999 04 3 0.1789
FR614 1999 06 3 3.68854
FR614 1999 07 4 0.841741
FR614 1999 08 3 0.109277
FR614 1999 09 5 13.7537
FR614 1999 10 2 6.97175
FR614 2000 02 2 0.0488154
FR614 2000 03 2 23.2811
FR614 2000 04 4 1.21501
FR614 2000 07 4 1.29875
FR614 2000 08 4 7.90486
FR614 2000 09 4 3.1151
FR614 2001 03 3 0.645788
FR614 2001 04 3 2.15839
FR614 2001 05 5 0.637057
FR614 2001 06 5 0.441357
FR614 2001 07 2 0.149141
FR614 2001 08 2 4.91505
FR614 2001 09 3 0.752556
FR614 2002 02 4 0.0332185
FR614 2002 03 4 2.29884
FR614 2002 04 5 14.4235
FR614 2002 05 3 0.0324536
FR614 2002 06 5 0.101417
FR614 2002 07 5 2.06294
FR614 2002 08 5 1.31685
FR614 2002 09 3 2.7829
FR614 2003 02 3 2.68206
FR614 2003 03 4 1.18119
FR614 2003 04 4 36.6979
FR614 2003 06 4 11.5197
FR614 2003 07 4 3.9109
FR614 2003 08 4 3.95223
FR614 2003 09 4 5.0128
FR614 2003 10 4 0.133357
FR614 2003 11 2 0.053065
FR614 2004 02 3 0.0404742
FR614 2004 03 4 3.15047
FR614 2004 05 3 0.0359685
FR614 2004 06 3 3.63462
FR614 2004 07 3 8.85435
FR614 2004 08 5 0.0468306
FR614 2004 09 5 3.2033
FR614 2004 10 4 6.55357
FR614 2005 02 3 0.237203
FR614 2005 03 3 9.0955
FR614 2005 04 2 0.0117646
FR614 2005 05 2 0.00504046
FR614 2005 06 2 5.88703
FR614 2005 07 2 3.85742
FR614 2005 08 2 5.47326
FR614 2005 09 2 2.71417
FR614 2006 02 2 1.95814
FR614 2006 03 4 1.32296
FR614 2006 04 2 0.570024
FR614 2006 05 3 0.0329174
FR614 2006 06 3 1.60918
FR614 2006 07 3 1.12474
FR614 2006 08 3 0.800136
FR614 2006 09 3 3.20578
FR615 1993 01 3 165.365
FR615 1993 02 3 36.4974
FR615 1993 03 3 371.423
FR615 1993 04 2 15.7466
FR615 1993 08 4 4.41907
FR615 1993 09 4 1.44969
FR615 1993 11 2 3.55125
FR615 1994 01 3 6.07566
FR615 1994 02 3 206.697
FR615 1994 03 3 50.6277
FR615 1994 04 3 9.98747
FR615 1994 06 3 1.45909
FR615 1994 07 3 28.8167
FR615 1994 08 3 14.1263
FR615 1994 09 2 0.0771241
FR615 1994 11 2 1.07499
FR615 1995 01 2 116.574
FR615 1995 02 2 139.377
FR615 1995 03 2 233.39
FR615 1995 04 2 328.79
FR615 1995 05 2 18.0419
FR615 1995 06 2 0.470616
FR615 1995 07 5 8.8448
FR615 1995 08 5 49.442
FR615 1995 09 5 34.5025
FR615 1995 10 5 5.85385
FR615 1996 01 5 305.357
FR615 1996 03 5 1028.72
FR615 1996 04 5 78.723
FR615 1996 05 2 0.435876
FR615 1996 06 3 3.53358
FR615 1996 07 4 1.3864
FR615 1997 01 2 0.137816
FR615 1997 02 2 78.6223
FR615 1997 03 2 128.86
FR615 1997 04 2 160.105
FR615 1997 05 2 4.52852
FR615 1997 06 2 1.11387
FR615 1997 08 2 1.35035
FR615 1998 01 2 704.424
FR615 1998 02 2 630.661
FR615 1998 03 2 321.434
FR615 1998 05 2 0.70811
FR615 1998 06 2 0.670915
