ITD58 1991 08 4 30.5695
ITD58 1991 09 5 7.09726
ITD58 1991 12 3 7.80229
ITD58 1992 02 3 3.62601
ITD58 1992 03 3 70.6562
ITD58 1992 04 3 9.49059
ITD58 1992 05 2 1.07776
ITD58 1992 07 2 11.8946
ITD58 1992 08 2 16.4006
ITD58 1992 09 2 36.2878
ITD58 1993 02 2 54.3346
ITD58 1993 03 2 10.969
ITD58 1993 04 4 12.3531
ITD58 1993 07 4 11.5089
ITD58 1993 08 4 102.617
ITD58 1993 09 3 12.7611
ITD58 1994 01 3 11.4788
ITD58 1994 02 2 4.20012
ITD58 1994 03 2 58.1095
ITD58 1994 04 2 3.45357
ITD58 1994 06 2 0.66241
ITD58 1994 07 2 1.80444
ITD58 1994 08 2 15.4555
ITD58 1995 01 5 11.7814
ITD58 1995 02 5 3.64495
ITD58 1995 03 5 17.343
ITD58 1995 04 3 3.07756
ITD58 1995 05 2 0.535364
ITD58 1995 07 2 2.65926
ITD58 1995 10 3 0.429437
ITD58 1996 02 4 13.6877
ITD58 1996 03 5 8.31541
ITD58 1996 04 5 7.02407
ITD58 1996 07 5 3.32965
ITD58 1996 08 3 0.62687
ITD58 1997 01 2 0.0198191
ITD58 1997 02 2 12.717
ITD58 1997 03 2 33.0967
ITD58 1997 04 3 6.44505
ITD58 1997 05 3 0.443112
ITD58 1997 07 3 5.87206
ITD58 1997 08 3 7.99315
ITD58 1997 09 3 9.9388
ITD58 1998 02 2 1.30098
ITD58 1998 03 2 70.3026
ITD58 1998 04 3 3.01999
ITD58 1998 07 3 13.0053
ITD58 1998 08 3 40.217
ITD58 1998 09 5 6.73438
ITD58 1998 10 2 0.23915
ITD58 1999 02 2 0.374179
ITD58 2000 02 5 4.63031
ITD58 2000 04 2 1.4211
ITD58 2000 05 2 2.11105
ITD58 2000 07 5 37.5184
ITD58 2000 08 5 12.9236
ITD58 2000 09 3 5.26392
ITD58 2001 07 3 13.4882
ITD58 2001 08 3 6.01846
ITD58 2002 03 5 6.47348
ITD58 2002 04 2 5.14241
ITD58 2002 07 2 1.7901
ITD58 2003 03 2 10.253
ITD58 2003 06 2 0.360944
ITD58 2003 07 2 115.26
ITD58 2003 08 2 24.2711
ITD58 2003 09 4 1.44409
ITD58 2004 07 3 12.703
ITD58 2004 08 2 1.02577
ITD58 2004 09 5 3.20476
ITD58 2005 04 2 0.9051
ITD58 2005 05 2 0.916321
ITD58 2005 07 2 5.43091
ITD58 2005 08 2 0.640508
ITD58 2006 04 2 4.35964
ITD58 2006 07 2 2.01711
ITD59 1990 01 2 22.0236
ITD59 1990 02 3 22.0841
ITD59 1990 05 2 2.16159
ITD59 1990 08 3 15.0355
ITD59 1990 09 2 2.07414
ITD59 1991 03 5 7.20091
ITD59 1992 03 2 8.29213
ITD59 1992 08 3 9.58939
ITD59 1992 09 2 9.17559
ITD59 1993 02 2 3.34572
ITD59 1993 03 5 12.5361
ITD59 1993 04 2 3.82742
ITD59 1993 07 3 2.48113
ITD59 1993 08 3 8.946
ITD59 1996 07 2 5.98234
ITD59 1997 04 2 4.29496
ITD59 1997 05 2 0.78841
ITD59 1997 08 2 5.32754
ITD59 1997 09 3 2.5276
ITD59 1998 03 2 13.184
ITD59 1998 08 4 15.735
ITD59 2000 03 2 1.14622
ITD59 2001 08 4 7.0089
ITD59 2001 09 2 0.241946
ITD59 2002 04 2 0.131924
ITD59 2002 07 2 22.165
ITD59 2003 07 2 3.07896
ITD59 2003 08 4 6.71144
ITD59 2003 09 3 0.677947
ITD59 2004 04 2 0.505065
ITD59 2004 07 3 2.75893
ITD59 2004 08 4 10.3872
ITD59 2004 09 2 0.536708
ITD59 2005 04 2 12.1075
ITD59 2006 02 2 14.9263
ITE11 1985 01 2 2.30422
ITE11 1985 02 2 93.6845
ITE11 1985 03 2 31.4658
ITE11 1985 04 2 83.5869
ITE11 1985 05 5 7.74718
ITE11 1985 07 5 48.6773
ITE11 1985 08 5 57.9883
ITE11 1985 09 5 61.4809
ITE11 1985 10 5 92.557
ITE11 1985 12 5 518.414
ITE11 1986 01 5 19.0736
ITE11 1986 02 5 27.6528
ITE11 1986 03 5 96.1872
ITE11 1986 04 5 16.312
ITE11 1986 05 5 22.7502
ITE11 1986 07 5 14.9645
ITE11 1986 08 5 64.4037
ITE11 1986 09 5 55.9611
ITE11 1986 10 5 38.1988
ITE11 1986 11 3 2.94138
ITE11 1986 12 3 32.3988
ITE11 1987 01 4 2.74394
ITE11 1987 02 4 19.9192
ITE11 1987 03 4 204.115
ITE11 1987 04 4 86.2225
ITE11 1987 05 4 44.2749
ITE11 1987 07 2 220.849
ITE11 1987 08 2 4.04653
ITE11 1987 09 4 4.93672
ITE11 1987 10 4 13.7058
ITE11 1988 02 4 11.5757
ITE11 1988 03 4 172.216
ITE11 1988 04 2 2.50888
ITE11 1988 07 2 3.86352
ITE11 1988 08 2 39.8696
ITE11 1988 09 2 22.9685
ITE11 1988 10 5 7.66409
ITE11 1988 11 5 39.0722
ITE11 1988 12 5 850.126
ITE11 1989 01 5 871.534
ITE11 1989 02 5 1218.57
ITE11 1989 03 5 665.936
ITE11 1989 04 2 0.708183
ITE11 1989 05 5 11.0881
ITE11 1989 06 3 6.0621
ITE11 1989 07 3 9.33885
ITE11 1989 08 3 9.37704
ITE11 1989 10 3 29.5926
ITE11 1989 11 3 77.7558
ITE11 1989 12 3 204.07
ITE11 1990 01 3 74.4042
ITE11 1990 02 3 32.8614
ITE11 1990 03 3 905.959
ITE11 1990 04 4 47.2545
ITE11 1990 05 4 17.1673
ITE11 1990 06 2 2.21428
ITE11 1990 07 2 7.11517
ITE11 1990 08 2 264.941
ITE11 1990 09 5 9.00804
ITE11 1990 12 4 15.2616
ITE11 1991 01 4 219.899
ITE11 1991 02 4 51.1831
ITE11 1991 03 4 133.072
ITE11 1991 04 4 97.7699
ITE11 1991 05 2 23.0348
ITE11 1991 06 2 2.55614
ITE11 1991 07 2 16.8166
ITE11 1991 08 2 22.9887
ITE11 1991 09 2 425.686
ITE11 1991 12 2 104.74
ITE11 1992 01 2 229.622
ITE11 1992 02 2 91.6631
ITE11 1992 03 2 404.026
ITE11 1992 04 2 24.8117
ITE11 1992 05 2 19.2901
ITE11 1992 08 2 1.63192
ITE11 1992 09 2 1.03773
ITE11 1992 12 2 3.15732
ITE11 1993 01 2 76.6664
ITE11 1993 02 2 363.028
ITE11 1993 03 2 85.718
ITE11 1993 04 5 48.4937
ITE11 1993 06 2 2.79086
ITE11 1993 07 2 161.893
ITE11 1993 08 2 103.053
ITE11 1994 01 2 59.396
ITE11 1994 02 2 42.0165
ITE11 1994 03 2 36.7744
ITE11 1994 04 3 7.41624
ITE11 1994 06 2 3.62511
ITE11 1994 07 2 65.7454
ITE11 1994 08 2 67.8381
ITE11 1994 09 2 0.758822
ITE11 1995 01 2 169.524
ITE11 1995 02 2 1.18719
ITE11 1995 03 2 54.5956
ITE11 1995 04 2 76.6719
ITE11 1995 07 4 7.29968
ITE11 1995 08 3 2.95075
ITE11 1996 01 3 4.45086
ITE11 1996 02 4 3.74859
ITE11 1996 03 4 125.869
ITE11 1996 04 4 64.286
ITE11 1996 05 2 2.4673
ITE11 1996 06 2 0.612424
ITE11 1996 08 3 3.28243
ITE11 1996 12 4 7.46772
ITE11 1997 02 4 23.0646
ITE11 1997 03 4 582.838
ITE11 1997 04 4 104.181
ITE11 1997 05 3 3.09912
ITE11 1997 07 4 38.0049
ITE11 1997 08 4 24.8445
ITE11 1997 09 3 15.0032
ITE11 1997 10 3 4.2627
ITE11 1998 02 3 287.831
ITE11 1998 03 3 108.64
ITE11 1998 04 4 19.2672
ITE11 1998 05 3 2.45896
ITE11 1998 06 2 0.863706
ITE11 1998 07 2 235.912
ITE11 1998 08 2 536.2
ITE11 1998 09 4 12.0074
ITE11 1998 11 2 9.62303
ITE11 1998 12 2 43.1997
ITE11 1999 01 5 44.1227
ITE11 1999 02 5 65.0567
ITE11 1999 03 5 60.2328
ITE11 1999 04 5 12.9288
ITE11 1999 06 3 7.56586
ITE11 1999 07 5 9.09729
ITE11 1999 08 2 4.23471
ITE11 1999 09 4 10.5398
ITE11 1999 11 2 2.97426
ITE11 2000 01 4 18.537
ITE11 2000 02 4 182.105
ITE11 2000 03 4 117.009
ITE11 2000 04 2 3.7605
ITE11 2000 06 4 2.56257
ITE11 2000 07 4 7.25209
ITE11 2000 08 4 11.0159
ITE11 2000 09 3 6.56439
ITE11 2001 02 4 7.65591
ITE11 2001 07 2 1.945
ITE11 2001 08 2 38.5717
ITE11 2001 09 2 9.81426
ITE11 2001 10 4 2.96145
ITE11 2001 11 5 1.91362
ITE11 2001 12 5 7.99344
ITE11 2002 01 5 20.7566
ITE11 2002 02 3 6.28935
ITE11 2002 03 3 280.851
ITE11 2002 04 3 71.8443
ITE11 2002 05 3 2.51989
ITE11 2002 06 4 1.23146
ITE11 2002 07 2 0.906957
ITE11 2002 09 4 4.74372
ITE11 2003 01 4 10.1439
ITE11 2003 02 4 171.702
ITE11 2003 03 4 74.0957
ITE11 2003 04 3 1.68497
ITE11 2003 05 3 6.55268
ITE11 2003 06 3 13.7665
ITE11 2003 07 3 6.39309
ITE11 2003 08 3 99.5023
ITE11 2003 09 3 61.7758
ITE11 2004 03 3 2.70239
ITE11 2004 04 3 0.999674
ITE11 2004 05 5 12.1135
ITE11 2004 06 3 0.206606
ITE11 2004 07 3 41.3647
ITE11 2004 08 3 15.6724
ITE11 2004 09 3 75.4967
ITE11 2004 12 2 0.549006
ITE11 2005 01 2 11.7609
ITE11 2005 02 2 145.555
ITE11 2005 03 2 16.6808
ITE11 2005 04 4 18.9484
ITE11 2005 05 3 0.335041
ITE11 2005 06 2 0.718284
ITE11 2005 07 2 3.40775
ITE11 2005 08 2 32.8575
ITE11 2005 09 2 0.148666
ITE11 2005 11 2 2.69486
ITE11 2005 12 2 0.539384
ITE11 2006 01 2 5.87347
ITE11 2006 02 5 20.6662
ITE11 2006 04 5 4.74327
ITE11 2006 05 5 10.5918
ITE11 2006 06 4 0.869348
ITE11 2006 07 4 10.8514
ITE11 2006 08 2 0.0181627
ITE11 2006 09 2 8.65387
ITE11 2006 11 2 14.1716
ITE11 2006 12 5 23.1267
ITE12 1985 02 3 5.4936
ITE12 1985 03 4 5.07331
ITE12 1985 04 4 19.0778
ITE12 1985 05 3 7.26594
ITE12 1985 07 3 37.1697
ITE12 1985 08 3 736.702
ITE12 1985 09 3 381.539
ITE12 1985 10 3 449.262
ITE12 1985 12 2 28.2034
ITE12 1986 01 2 3.73922
ITE12 1986 03 2 62.3892
ITE12 1986 05 2 55.488
ITE12 1986 07 2 51.2501
ITE12 1986 08 2 13.6832
ITE12 1986 09 5 20.7269
ITE12 1986 10 5 41.3927
ITE12 1986 11 2 9.62622
ITE12 1986 12 2 57.3709
ITE12 1987 02 2 14.7967
ITE12 1987 03 2 65.2996
ITE12 1987 04 2 90.9981
ITE12 1987 05 4 7.83412
ITE12 1987 07 4 8.8711
ITE12 1987 08 4 19.7556
ITE12 1987 09 4 10.4059
ITE12 1987 10 4 45.6417
ITE12 1988 02 3 5.74167
ITE12 1988 03 3 69.011
ITE12 1988 04 2 13.2058
ITE12 1988 05 2 1.099
ITE12 1988 07 4 5.3542
ITE12 1988 08 4 32.8083
ITE12 1988 09 5 8.44608
ITE12 1988 10 3 3.6453
ITE12 1988 11 4 23.5525
ITE12 1988 12 4 733.226
ITE12 1989 01 4 865.542
ITE12 1989 02 4 440.164
ITE12 1989 03 4 261.809
ITE12 1989 04 3 13.8481
ITE12 1989 05 3 27.2969
ITE12 1989 06 5 4.87534
ITE12 1989 07 4 2.7234
ITE12 1989 08 4 49.2167
ITE12 1989 09 4 3.02937
ITE12 1989 10 4 31.0944
ITE12 1989 11 4 239.602
ITE12 1989 12 4 16.6076
ITE12 1990 01 4 298.964
ITE12 1990 02 4 96.1236
ITE12 1990 03 4 309.234
ITE12 1990 04 5 9.93355
ITE12 1990 05 5 34.1508
ITE12 1990 06 5 25.773
ITE12 1990 07 5 81.6647
ITE12 1990 08 5 1835.76
ITE12 1990 09 5 9.98714
ITE12 1990 10 2 2.5505
ITE12 1990 11 2 0.623354
ITE12 1990 12 2 6.4932
ITE12 1991 01 2 881.864
ITE12 1991 02 2 50.2389
ITE12 1991 03 2 35.067
ITE12 1991 04 2 30.8732
ITE12 1991 05 3 3.86151
ITE12 1991 06 2 0.688905
ITE12 1991 07 2 27.4788
ITE12 1991 08 2 41.4171
ITE12 1991 09 2 111.513
ITE12 1991 12 2 166.985
ITE12 1992 01 2 187.565
ITE12 1992 02 2 189.076
ITE12 1992 03 2 398.749
ITE12 1992 04 2 102.019
ITE12 1992 05 2 5.94883
ITE12 1992 07 3 0.954143
ITE12 1992 08 3 9.34005
ITE12 1992 09 4 2.83944
ITE12 1992 12 4 43.9361
ITE12 1993 01 4 362.944
ITE12 1993 02 4 820.31
ITE12 1993 03 4 278.377
ITE12 1993 04 4 39.8643
ITE12 1993 05 4 0.934921
ITE12 1993 06 4 7.5061
ITE12 1993 07 4 13.1183
ITE12 1993 08 4 274.862
ITE12 1993 11 2 0.68508
ITE12 1994 01 2 80.1314
ITE12 1994 02 2 91.3202
ITE12 1994 03 2 67.908
ITE12 1994 04 4 7.02377
ITE12 1994 05 5 37.0507
ITE12 1994 06 5 30.5116
ITE12 1994 07 5 283.424
ITE12 1994 08 5 566.211
ITE12 1994 09 3 2.49782
ITE12 1994 10 3 8.52299
ITE12 1994 11 2 0.370343
ITE12 1995 01 2 234.91
ITE12 1995 02 2 11.1748
ITE12 1995 03 2 88.3568
ITE12 1995 04 2 81.6555
ITE12 1995 05 2 9.81241
ITE12 1995 07 2 4.904
ITE12 1995 08 2 1.63266
ITE12 1995 09 3 1.4979
ITE12 1995 10 4 2.40604
ITE12 1995 11 5 3.5763
ITE12 1995 12 2 1.15518
ITE12 1996 01 3 149.7
ITE12 1996 02 4 4.46982
ITE12 1996 03 4 81.6993
ITE12 1996 04 4 35.8103
ITE12 1996 05 2 2.72007
ITE12 1996 06 4 2.73249
ITE12 1996 07 4 6.6046
ITE12 1996 08 4 25.1441
ITE12 1996 09 4 23.2288
ITE12 1996 12 4 3.59915
ITE12 1997 01 4 41.3707
ITE12 1997 02 4 109.148
ITE12 1997 03 4 2615.86
ITE12 1997 04 4 260.673
ITE12 1997 07 5 13.6485
ITE12 1997 08 5 103.484
ITE12 1997 09 5 112.326
ITE12 1997 10 5 32.4787
ITE12 1998 01 4 137.446
ITE12 1998 02 4 236.988
ITE12 1998 03 4 146.929
ITE12 1998 04 4 44.1592
ITE12 1998 05 5 19.243
ITE12 1998 06 4 4.89182
ITE12 1998 07 4 102.112
ITE12 1998 08 4 539.46
ITE12 1998 09 4 9.0338
ITE12 1998 11 5 46.8573
ITE12 1998 12 3 40.439
ITE12 1999 01 2 17.653
ITE12 1999 02 2 42.0239
ITE12 1999 03 2 13.5716
ITE12 1999 04 2 22.5736
ITE12 1999 06 4 9.27392
ITE12 1999 07 4 10.9772
ITE12 1999 08 4 11.6795
ITE12 1999 09 4 5.04999
ITE12 2000 01 3 5.85943
ITE12 2000 02 3 94.369
ITE12 2000 03 3 70.2476
ITE12 2000 04 2 6.2988
ITE12 2000 05 4 20.6183
ITE12 2000 06 4 4.83023
ITE12 2000 07 5 3.12094
ITE12 2000 08 5 364.582
ITE12 2000 09 2 0.201592
ITE12 2000 10 2 0.47392
ITE12 2001 02 4 82.1076
ITE12 2001 04 2 3.70605
ITE12 2001 07 2 35.5239
ITE12 2001 08 2 124.762
ITE12 2001 09 2 17.359
ITE12 2001 11 3 0.663279
ITE12 2001 12 4 21.6322
ITE12 2002 01 4 34.873
ITE12 2002 02 3 29.6441
ITE12 2002 03 3 195.86
ITE12 2002 04 2 74.7406
ITE12 2002 05 3 3.29282
ITE12 2002 06 3 0.378648
ITE12 2002 07 3 7.58336
ITE12 2002 08 3 3.09962
ITE12 2002 09 3 2.39135
ITE12 2002 10 2 0.0775525
ITE12 2003 01 2 163.464
ITE12 2003 02 2 502.381
ITE12 2003 03 2 459.803
ITE12 2003 04 2 29.1792
ITE12 2003 05 2 30.7583
ITE12 2003 06 2 55.4652
ITE12 2003 07 2 419.115
ITE12 2003 08 2 912.631
ITE12 2003 09 2 259.579
ITE12 2003 10 2 3.35375
ITE12 2003 12 2 22.6048
ITE12 2004 03 4 26.3475
ITE12 2004 05 2 0.293889
ITE12 2004 06 4 2.89971
ITE12 2004 07 4 26.2112
ITE12 2004 08 4 13.4692
ITE12 2004 09 4 13.8842
ITE12 2004 12 4 34.0682
ITE12 2005 01 4 61.1715
ITE12 2005 02 4 202.117
ITE12 2005 03 4 23.504
ITE12 2005 04 4 20.955
ITE12 2005 05 4 2.1815
ITE12 2005 06 4 2.5451
ITE12 2005 07 4 6.7611
ITE12 2005 08 4 13.0599
ITE12 2005 09 4 0.645494
ITE12 2005 11 3 7.31037
ITE12 2006 01 3 20.7762
ITE12 2006 02 4 29.1978
ITE12 2006 04 4 12.9251
ITE12 2006 05 3 0.489688
ITE12 2006 06 3 16.1836
ITE12 2006 07 3 47.1972
ITE12 2006 08 3 16.4623
ITE12 2006 09 3 7.66534
ITE12 2006 10 5 2.1039
ITE12 2006 11 2 8.9876
ITE12 2006 12 4 8.45647
ITE13 1985 02 5 9.94367
ITE13 1985 03 4 2.74706
ITE13 1985 04 2 0.513466
ITE13 1985 05 4 3.27934
ITE13 1985 06 4 4.38875
ITE13 1985 07 4 171.665
ITE13 1985 08 4 471.579
ITE13 1985 09 4 129.744
ITE13 1985 10 4 64.4601
ITE13 1986 03 4 10.4968
ITE13 1986 04 3 6.89666
ITE13 1986 05 5 7.5651
ITE13 1986 07 5 3.59869
ITE13 1986 08 5 11.0874
ITE13 1986 09 5 4.79844
ITE13 1986 10 5 64.5054
ITE13 1986 12 5 7.87314
ITE13 1987 01 2 2.61738
ITE13 1987 02 2 0.152289
ITE13 1987 03 2 34.3436
ITE13 1987 04 2 31.3459
ITE13 1987 05 2 1.11764
ITE13 1987 07 2 3.68958
ITE13 1987 08 4 0.838544
ITE13 1987 09 5 4.82915
ITE13 1987 10 2 1.11882
ITE13 1988 02 3 1.9282
ITE13 1988 03 3 14.2459
ITE13 1988 08 3 27.504
ITE13 1988 09 4 2.29496
ITE13 1988 12 4 2.44284
ITE13 1989 01 4 243.32
ITE13 1989 02 4 160.317
ITE13 1989 03 4 32.9584
ITE13 1989 05 4 45.0421
ITE13 1989 06 3 4.83948
ITE13 1989 07 2 0.413699
ITE13 1989 08 3 1.64728
ITE13 1989 09 2 2.11017
ITE13 1989 10 5 7.35828
ITE13 1989 12 3 1.56424
ITE13 1990 01 3 41.8164
ITE13 1990 02 3 15.8328
ITE13 1990 03 3 62.6663
ITE13 1990 04 2 1.55296
ITE13 1990 05 2 12.0226
ITE13 1990 06 5 4.03528
ITE13 1990 07 5 42.7608
ITE13 1990 08 5 115.236
ITE13 1990 09 5 7.66858
ITE13 1990 10 2 11.5753
ITE13 1991 01 2 18.0807
ITE13 1991 02 2 4.89538
ITE13 1991 03 2 19.1712
ITE13 1991 04 2 10.183
ITE13 1991 05 4 4.70077
ITE13 1991 07 4 15.2609
ITE13 1991 08 4 16.6433
ITE13 1991 09 4 214.754
ITE13 1991 12 4 25.7838
ITE13 1992 01 4 93.7307
ITE13 1992 02 4 15.6697
ITE13 1992 03 4 48.24
ITE13 1992 04 4 118.706
ITE13 1992 05 5 0.90507
ITE13 1992 07 2 0.0218344
ITE13 1992 08 2 0.437434
ITE13 1992 09 2 4.68992
ITE13 1992 12 3 1.54809
ITE13 1993 01 5 0.925127
ITE13 1993 02 5 81.412
ITE13 1993 03 5 17.7934
ITE13 1993 04 5 4.25082
ITE13 1993 05 5 1.71763
ITE13 1993 06 5 4.74573
ITE13 1993 07 5 4.8264
ITE13 1993 08 5 110.518
ITE13 1993 09 5 2.48075
ITE13 1993 12 2 0.0946178
ITE13 1994 02 2 0.450589
ITE13 1994 03 2 36.1308
ITE13 1994 04 2 0.0222916
ITE13 1994 05 3 2.64264
ITE13 1994 06 3 1.24533
ITE13 1994 07 3 22.269
ITE13 1994 08 3 44.9128
ITE13 1994 09 4 0.0601962
ITE13 1994 10 2 0.565346
ITE13 1995 01 2 12.3508
ITE13 1995 03 3 1.66736
ITE13 1995 04 3 6.90936
ITE13 1995 05 3 0.39273
ITE13 1995 06 2 0.155594
ITE13 1995 07 2 3.57474
ITE13 1995 08 2 6.4689
ITE13 1995 09 3 1.3071
ITE13 1995 10 5 2.67744
ITE13 1995 11 2 0.337205
ITE13 1995 12 2 1.05869
ITE13 1996 02 5 5.99126
ITE13 1996 03 5 44.845
ITE13 1996 04 5 17.7578
ITE13 1996 05 2 1.32667
ITE13 1996 06 5 1.51794
ITE13 1996 07 5 2.78684
ITE13 1996 08 5 4.95418
ITE13 1996 09 2 0.273494
ITE13 1996 12 2 0.169926
ITE13 1997 02 4 2.42655
ITE13 1997 03 4 125.736
ITE13 1997 04 4 22.6825
ITE13 1997 05 2 0.069175
ITE13 1997 07 5 0.5717
ITE13 1997 08 5 8.76679
ITE13 1997 09 5 1.59976
ITE13 1997 10 5 10.1374
ITE13 1998 02 3 1.45187
ITE13 1998 03 5 3.4673
ITE13 1998 04 2 0.424351
ITE13 1998 07 2 13.9507
ITE13 1998 08 2 200.587
ITE13 1998 09 4 2.27046
ITE13 1998 12 2 0.0540545
ITE13 1999 01 3 0.532663
ITE13 1999 02 2 0.551648
ITE13 1999 03 4 5.14327
ITE13 1999 04 2 18.2317
ITE13 1999 05 2 0.205933
ITE13 1999 07 2 5.60562
ITE13 1999 08 2 19.0988
ITE13 1999 09 2 7.38937
ITE13 2000 01 2 0.0515416
ITE13 2000 02 3 3.68455
ITE13 2000 03 3 20.3642
ITE13 2000 04 2 8.40737
ITE13 2000 05 3 32.2353
ITE13 2000 06 3 1.81305
ITE13 2000 07 3 3.35363
ITE13 2000 08 3 12.2994
ITE13 2000 09 2 0.360415
ITE13 2000 10 2 0.196365
ITE13 2001 02 3 3.76953
ITE13 2001 04 3 6.66754
ITE13 2001 06 4 2.93189
ITE13 2001 07 5 0.518189
ITE13 2001 08 5 16.9097
ITE13 2001 09 5 1.89868
ITE13 2001 10 4 5.85996
ITE13 2001 12 2 0.521416
ITE13 2002 02 2 0.242748
ITE13 2002 03 2 74.0983
ITE13 2002 04 5 9.51057
ITE13 2002 07 5 1.76124
ITE13 2002 08 2 0.116718
ITE13 2003 01 3 1.16241
ITE13 2003 02 5 2.12237
ITE13 2003 03 5 11.245
ITE13 2003 04 4 12.9203
ITE13 2003 05 4 1.22437
ITE13 2003 06 4 6.06224
ITE13 2003 07 4 9.95278
ITE13 2003 08 4 62.1401
ITE13 2003 09 4 6.37668
ITE13 2003 10 2 1.01185
ITE13 2003 11 3 5.92519
ITE13 2003 12 4 4.68533
ITE13 2004 03 2 0.784984
ITE13 2004 04 2 0.111755
ITE13 2004 05 2 0.706441
ITE13 2004 06 2 2.01902
ITE13 2004 07 2 9.83137
ITE13 2004 08 4 24.0191
ITE13 2004 09 4 11.7318
ITE13 2005 01 2 1.42266
ITE13 2005 02 5 0.79707
ITE13 2005 04 2 1.93599
ITE13 2005 05 4 26.3947
ITE13 2005 06 2 0.232166
ITE13 2005 07 4 2.90489
ITE13 2006 02 2 0.283749
ITE13 2006 04 4 0.594021
ITE13 2006 05 2 0.0026136
ITE13 2006 06 4 0.433772
ITE13 2006 07 4 4.11827
ITE13 2006 08 5 4.08322
ITE13 2006 09 5 0.822106
ITE13 2006 10 3 0.153347
ITE13 2006 12 4 1.78924
ITE14 1985 02 5 2.66633
ITE14 1985 04 5 34.6077
ITE14 1985 05 3 17.5472
ITE14 1985 06 4 3.84335
ITE14 1985 07 4 364.548
ITE14 1985 08 4 137.622
ITE14 1985 09 4 164.562
ITE14 1985 10 4 369.713
ITE14 1986 03 3 2.80563
ITE14 1986 04 3 37.1164
ITE14 1986 05 3 3.15338
ITE14 1986 06 4 1.40314
ITE14 1986 07 4 5.4262
ITE14 1986 08 4 82.7307
ITE14 1986 09 4 13.8409
ITE14 1986 10 4 17.7163
ITE14 1986 12 4 17.4352
ITE14 1987 02 4 12.2454
ITE14 1987 03 4 129.931
ITE14 1987 04 4 72.9658
ITE14 1987 05 4 7.18222
ITE14 1987 06 2 4.20282
ITE14 1987 07 2 16.2353
ITE14 1987 08 2 23.7723
ITE14 1987 09 2 37.9131
ITE14 1987 10 3 2.00344
ITE14 1988 02 2 1.75044
ITE14 1988 07 2 11.0495
ITE14 1988 08 2 70.194
ITE14 1988 09 2 15.5669
ITE14 1988 10 2 21.7766
ITE14 1988 11 2 1.0334
ITE14 1988 12 2 231.52
ITE14 1989 01 2 541.196
ITE14 1989 02 2 509.69
ITE14 1989 03 2 87.549
ITE14 1989 04 5 3.863
ITE14 1989 05 5 9.16369
ITE14 1989 06 5 4.7724
ITE14 1989 07 5 4.36404
ITE14 1989 08 5 16.9818
ITE14 1989 09 2 0.447604
ITE14 1989 10 2 0.628682
ITE14 1989 11 2 0.365172
ITE14 1989 12 5 2.14402
ITE14 1990 01 5 42.5611
ITE14 1990 02 5 15.4884
ITE14 1990 03 5 45.6892
ITE14 1990 05 5 15.4304
ITE14 1990 06 5 44.3015
ITE14 1990 07 5 221.056
ITE14 1990 08 5 246.78
ITE14 1990 09 5 17.7396
ITE14 1990 10 2 3.75222
ITE14 1990 12 2 0.11462
ITE14 1991 01 5 6.7101
ITE14 1991 02 5 20.0663
ITE14 1991 03 3 2.99377
ITE14 1991 04 3 7.47207
ITE14 1991 05 2 0.751838
ITE14 1991 07 2 64.8298
ITE14 1991 08 2 65.8142
ITE14 1991 09 2 38.0986
ITE14 1991 12 4 6.13229
ITE14 1992 01 2 0.663737
ITE14 1992 02 2 30.7513
ITE14 1992 03 2 19.7562
ITE14 1992 04 2 7.83989
ITE14 1992 05 2 16.5931
ITE14 1992 07 2 0.847937
ITE14 1992 08 2 15.9905
ITE14 1992 09 2 4.42186
ITE14 1993 01 4 5.9202
ITE14 1993 02 4 17.1509
ITE14 1993 03 4 67.9695
ITE14 1993 04 4 4.26385
ITE14 1993 05 3 1.55017
ITE14 1993 06 3 1.39971
ITE14 1993 07 3 93.9422
ITE14 1993 08 3 90.2176
ITE14 1993 09 3 6.41649
ITE14 1994 01 2 1.73001
ITE14 1994 02 5 16.6036
ITE14 1994 03 5 15.5814
ITE14 1994 05 4 1.30923
ITE14 1994 06 4 0.513676
ITE14 1994 07 4 20.647
ITE14 1994 08 4 226.981
ITE14 1994 09 4 2.78473
ITE14 1994 12 2 0.52556
ITE14 1995 03 5 17.4122
ITE14 1995 04 5 5.59816
ITE14 1995 05 4 0.478053
ITE14 1995 06 5 9.25149
ITE14 1995 07 5 22.1746
ITE14 1995 08 5 40.8264
ITE14 1995 09 5 17.7923
ITE14 1995 10 5 1.5509
ITE14 1995 11 2 0.0454564
ITE14 1996 01 2 0.354141
ITE14 1996 02 2 18.5317
ITE14 1996 03 2 26.3164
ITE14 1996 04 2 6.73388
ITE14 1996 05 4 5.19692
ITE14 1996 06 3 0.466871
ITE14 1996 07 3 16.4523
ITE14 1996 08 3 30.2581
ITE14 1996 09 2 0.126434
ITE14 1996 11 2 0.661644
ITE14 1997 01 5 13.4653
ITE14 1997 03 5 15.314
ITE14 1997 04 5 14.233
ITE14 1997 05 3 0.8007
ITE14 1997 06 3 0.332526
ITE14 1997 07 3 10.4543
ITE14 1997 08 3 25.0518
ITE14 1997 09 3 8.79914
ITE14 1997 10 4 1.58878
ITE14 1998 01 2 0.0721469
ITE14 1998 02 2 6.87781
ITE14 1998 03 2 4.98895
ITE14 1998 04 3 3.88589
ITE14 1998 05 2 0.0989775
ITE14 1998 06 2 0.461142
ITE14 1998 07 2 13.0684
ITE14 1998 08 2 142.976
ITE14 1998 09 2 15.7772
ITE14 1999 02 3 1.68676
ITE14 1999 03 3 24.1147
ITE14 1999 04 2 2.31342
ITE14 1999 06 4 0.321111
ITE14 1999 07 4 4.3031
ITE14 1999 08 4 10.1095
ITE14 1999 09 4 13.8541
ITE14 2000 02 3 0.862008
ITE14 2000 03 2 0.0367104
ITE14 2000 06 4 1.49634
ITE14 2000 07 4 12.7337
ITE14 2000 08 4 26.6267
ITE14 2000 09 4 46.0755
ITE14 2001 06 3 0.232231
ITE14 2001 07 3 4.01928
ITE14 2001 08 3 10.8599
ITE14 2001 09 4 0.230289
ITE14 2001 10 2 0.064308
ITE14 2001 12 2 0.447912
ITE14 2002 01 2 0.0470062
ITE14 2002 02 2 0.0756282
ITE14 2002 03 2 2.28019
ITE14 2002 04 2 4.25349
ITE14 2002 07 2 8.24262
ITE14 2002 08 4 0.14505
ITE14 2003 02 4 3.75461
ITE14 2003 03 4 4.67036
ITE14 2003 04 2 0.00675759
ITE14 2003 05 3 0.0801332
ITE14 2003 06 3 231.148
ITE14 2003 07 3 187.828
ITE14 2003 08 3 529.674
ITE14 2003 09 3 124.259
ITE14 2004 05 3 0.169524
ITE14 2004 06 5 1.44777
ITE14 2004 07 5 19.0726
ITE14 2004 08 5 10.1616
ITE14 2004 09 5 27.9435
ITE14 2004 11 2 0.0149402
ITE14 2005 01 3 0.218289
ITE14 2005 02 3 0.757426
ITE14 2005 04 3 4.73327
ITE14 2005 05 3 0.24761
ITE14 2005 06 3 12.2542
ITE14 2005 07 3 8.56556
ITE14 2005 08 3 3.97244
ITE14 2005 09 2 0.0989713
ITE14 2006 02 3 0.475136
ITE14 2006 03 3 0.571776
ITE14 2006 04 4 1.94103
ITE14 2006 05 4 0.485373
ITE14 2006 06 4 2.96003
ITE14 2006 07 4 16.8422
ITE14 2006 08 4 4.69363
ITE14 2006 09 4 15.0504
ITE14 2006 10 4 1.5253
ITE15 1990 01 4 5.96073
ITE15 1990 02 5 6.29671
ITE15 1990 03 5 3.98557
ITE15 1990 06 2 0.200333
ITE15 1990 07 2 31.9019
ITE15 1990 08 2 61.4994
ITE15 1990 10 2 1.46462
ITE15 1990 12 2 2.39164
ITE15 1991 01 5 4.55837
ITE15 1991 02 5 2.25386
ITE15 1991 03 3 1.81328
ITE15 1991 07 3 2.36892
ITE15 1991 08 3 2.9761
ITE15 1991 09 3 3.29145
ITE15 1992 01 2 0.375981
ITE15 1992 02 3 3.51702
ITE15 1992 03 3 5.37599
ITE15 1992 05 3 1.84648
ITE15 1992 06 3 5.82327
ITE15 1992 07 4 1.90954
ITE15 1992 08 4 5.73615
ITE15 1992 09 2 0.269731
ITE15 1993 01 2 2.88666
ITE15 1993 02 4 10.806
ITE15 1993 04 2 0.0650638
ITE15 1993 07 5 10.3539
ITE15 1993 08 5 3.15696
ITE15 1996 02 2 0.00657165
ITE15 1996 03 5 17.2927
ITE15 1996 04 3 2.99555
ITE15 1996 07 3 19.02
ITE15 1996 08 3 16.4283
ITE15 1997 02 3 1.57369
ITE15 1997 03 3 19.578
ITE15 1997 07 2 0.00559856
ITE15 1997 08 3 0.144554
ITE15 1997 09 3 0.0415007
ITE15 1997 10 2 0.0516342
ITE15 1998 02 4 0.0216535
ITE15 1998 03 3 2.58975
ITE15 1998 07 3 0.15519
ITE15 1998 08 3 72.2688
ITE15 1998 09 3 0.607574
ITE15 1999 02 3 0.801706
ITE15 1999 04 3 5.53707
ITE15 1999 06 2 0.0979584
ITE15 1999 07 2 0.436686
ITE15 1999 08 2 26.5101
ITE15 1999 09 2 0.0299256
ITE15 2000 02 4 0.231856
ITE15 2000 03 3 2.24469
ITE15 2000 04 2 0.0131249
ITE15 2000 05 3 0.865224
ITE15 2000 06 3 0.270832
ITE15 2000 07 2 0.0299862
ITE15 2000 08 3 0.0468324
ITE15 2001 06 3 0.317385
ITE15 2001 07 3 2.25245
ITE15 2001 08 5 18.7889
ITE15 2001 09 4 2.57609
ITE15 2001 12 2 0.0361574
ITE15 2002 03 3 1.14115
ITE15 2002 04 2 0.115164
ITE15 2002 06 3 0.0578662
ITE15 2002 07 3 6.99744
ITE15 2003 02 4 2.46555
ITE15 2003 03 3 2.60772
ITE15 2003 04 2 0.365797
ITE15 2003 06 4 0.120817
ITE15 2003 07 4 10.2777
ITE15 2003 08 4 370.457
ITE15 2003 09 4 1.51709
ITE15 2004 03 2 0.506125
ITE15 2004 05 3 0.507859
ITE15 2004 07 3 0.999709
ITE15 2004 08 2 0.00110732
ITE15 2004 09 3 0.00461952
ITE15 2005 03 2 0.121891
ITE15 2005 05 2 0.946378
ITE15 2005 06 3 0.15196
ITE15 2005 07 3 0.433411
ITE15 2005 08 2 19.0887
ITE15 2005 09 2 0.367822
ITE15 2006 02 3 1.01154
ITE15 2006 03 2 0.187899
ITE15 2006 06 4 0.60899
ITE15 2006 07 4 3.39285
ITE15 2006 08 2 0.121701
ITE15 2006 09 3 0.692661
ITE16 1985 02 3 30.7111
ITE16 1985 03 2 3.72482
ITE16 1985 04 5 7.76481
ITE16 1985 06 2 1.64812
ITE16 1985 07 2 88.993
ITE16 1985 08 2 1653.26
ITE16 1985 09 2 58.1226
ITE16 1985 10 2 39.0894
ITE16 1986 04 2 0.139012
ITE16 1986 06 2 0.172034
ITE16 1986 07 2 5.9302
ITE16 1986 08 2 144.211
ITE16 1986 09 2 13.6661
ITE16 1986 10 2 46.1059
ITE16 1987 04 3 3.26186
ITE16 1987 06 2 2.32679
ITE16 1987 07 2 9.41409
ITE16 1987 08 2 56.4819
ITE16 1987 09 2 65.401
ITE16 1987 10 5 106.422
ITE16 1988 03 3 2.59068
