GR124 1995 04 2 3.28017
GR124 1995 06 2 2.18968
GR124 1995 07 2 189.249
GR124 1996 06 3 9.97656
GR124 1996 07 3 44.2507
GR124 1996 08 3 127.264
GR124 1997 01 2 5.61355
GR124 1997 02 3 14.5937
GR124 1997 05 5 23.4454
GR124 1997 06 4 681.194
GR124 1997 07 4 934.574
GR124 1997 08 4 16.3534
GR124 1997 09 4 63.0918
GR124 1997 10 3 3.9501
GR124 1999 06 2 0.092377
GR124 1999 08 2 2.36532
GR124 2000 02 2 1.32851
GR124 2000 03 5 2.9516
GR124 2000 04 2 0.650395
GR124 2000 08 2 24.4258
GR124 2000 09 4 8.53229
GR124 2001 01 2 0.315649
GR124 2001 02 3 0.878676
GR124 2001 03 3 1.80642
GR124 2001 06 3 0.635225
GR124 2001 07 4 4.15386
GR124 2001 08 4 30.9549
GR124 2001 09 3 4.07083
GR124 2001 10 3 47.219
GR124 2001 12 2 0.115408
GR124 2002 04 2 0.132012
GR124 2002 06 2 0.443196
GR124 2002 08 3 4.36909
GR124 2002 09 2 0.119919
GR124 2002 11 3 4.40443
GR124 2003 04 2 0.0562481
GR124 2003 07 2 0.0989428
GR124 2003 10 3 396.346
GR124 2004 08 2 6.61884
GR124 2004 09 3 0.829338
GR124 2004 10 2 0.0510006
GR125 1983 03 3 0.285604
GR125 1983 04 4 3.32928
GR125 1983 08 4 0.511612
GR125 1983 09 5 1.94227
GR125 1983 10 5 2.62913
GR125 1983 11 2 0.25572
GR125 1984 07 2 4.60678
GR125 1984 08 3 11.5896
GR125 1984 09 3 0.899341
GR125 1984 10 3 1.03443
GR125 1984 12 2 0.435872
GR125 1985 02 3 4.69189
GR125 1985 04 5 402.379
GR125 1985 06 2 0.590603
GR125 1985 07 5 13.4419
GR125 1985 08 5 420.173
GR125 1985 09 5 139.801
GR125 1985 10 5 55.043
GR125 1986 07 2 14.2662
GR125 1986 08 2 3.27296
GR125 1986 09 4 10.9241
GR125 1987 07 2 1.46929
GR125 1987 08 2 4.32423
GR125 1987 09 2 17.1474
GR125 1988 04 2 11.2894
GR125 1988 06 2 4.07167
GR125 1988 07 2 1136.33
GR125 1988 08 5 17.6197
GR125 1988 09 5 3.34036
GR125 1988 10 2 0.301832
GR125 1989 02 4 2.56204
GR125 1989 03 3 2.03169
GR125 1989 04 2 0.362149
GR125 1989 07 3 1.74766
GR125 1989 08 2 0.503018
GR125 1989 09 2 0.65986
GR125 1990 02 2 1.11523
GR125 1990 03 2 39.7135
GR125 1990 06 2 0.204632
GR125 1990 07 2 2.1114
GR125 1990 10 2 1.51378
GR125 1991 08 2 0.185963
GR125 1991 09 2 22.8089
GR125 1991 10 3 1.78785
GR125 1992 01 3 13.3973
GR125 1992 02 2 2.30977
GR125 1992 03 2 10.1456
GR125 1992 08 3 1.16985
GR125 1993 02 2 0.922488
GR125 1993 06 2 2.41572
GR125 1993 07 5 18.3022
GR125 1993 08 5 333.832
GR125 1993 09 5 37.9867
GR125 1993 10 2 269.738
GR125 1994 03 2 10.97
GR125 1994 08 2 29.618
GR125 1994 09 2 17.3084
GR125 1994 10 3 24.5867
GR125 1995 06 2 1.80471
GR125 1995 08 2 2.18715
GR125 1995 09 2 11.9718
GR125 1996 08 2 32.3735
GR125 1997 02 3 2.46643
GR125 1997 03 2 2.04488
GR125 1997 05 2 2.64861
GR125 1997 07 5 13.7554
GR125 1997 08 4 52.2168
GR125 1997 09 2 2.5712
GR125 1997 10 2 0.953505
GR125 1998 04 3 59.9325
GR125 1998 07 5 310.014
GR125 1998 08 2 0.139981
GR125 1998 11 3 4.06601
GR125 1999 04 3 5.95655
GR125 1999 05 2 4.5683
GR125 1999 07 2 0.50004
GR125 2000 12 2 52.0339
GR125 2001 06 2 1.55295
GR125 2001 08 2 0.478567
GR125 2001 10 2 11.5946
GR125 2004 09 2 2.31261
GR126 1983 03 2 32.4092
GR126 1984 01 2 5.1877
GR126 1984 09 2 17.6689
GR126 1984 10 4 96.5892
GR126 1984 11 2 6.62272
GR126 1985 02 3 53.1654
GR126 1985 04 2 3.2757
GR126 1985 06 3 27.5445
GR126 1985 07 3 8.26904
GR126 1985 08 3 12.2347
GR126 1985 09 3 24.5338
GR126 1985 10 3 43.5984
GR126 1986 07 3 0.657137
GR126 1986 08 4 2.77113
GR126 1986 10 2 1.08126
GR126 1986 11 2 0.0829589
GR126 1987 04 2 1.24891
GR126 1987 05 2 0.652325
GR126 1987 07 3 4.7478
GR126 1987 08 2 8.54822
GR126 1987 09 4 167.653
GR126 1988 07 4 932.644
GR126 1988 08 5 42.2851
GR126 1988 09 3 8.85882
GR126 1988 10 4 40.698
GR126 1989 01 3 3.47015
GR126 1989 02 4 23.6393
GR126 1989 04 4 35.1913
GR126 1989 09 2 9.47916
GR126 1990 03 2 62.6482
GR126 1990 06 2 0.465812
GR126 1990 08 2 77.5904
GR126 1991 08 2 2.05596
GR126 1991 09 2 252.214
GR126 1991 10 2 0.0950587
GR126 1992 02 3 18.9428
GR126 1992 03 3 74.4212
GR126 1992 05 2 5.53965
GR126 1992 08 5 29.7119
GR126 1992 09 5 502.073
GR126 1992 10 4 94.2496
GR126 1992 11 2 0.254494
GR126 1993 02 2 1.50056
GR126 1993 04 3 1.33285
GR126 1993 06 4 30.0171
GR126 1993 07 4 550.495
GR126 1993 08 4 84.176
GR126 1993 09 5 24.7162
GR126 1993 10 3 0.651815
GR126 1994 04 2 0.189925
GR126 1994 06 5 269.478
GR126 1994 07 5 331.993
GR126 1994 08 5 193.991
GR126 1994 09 5 286.87
GR126 1995 04 2 3.82798
GR126 1995 05 2 0.796782
GR126 1995 06 2 2.1924
GR126 1995 07 2 36.4918
GR126 1995 08 2 0.103336
GR126 1995 10 3 5.50129
GR126 1996 04 2 0.153393
GR126 1996 06 2 6.01689
GR126 1996 07 2 0.197433
GR126 1996 08 2 41.4858
GR126 1996 10 2 5.06056
GR126 1997 02 2 0.122538
GR126 1997 05 2 120.723
GR126 1997 06 2 1.75476
GR126 1997 07 2 112.451
GR126 1997 09 4 13.276
GR126 1997 10 2 0.260428
GR126 1998 04 2 5.14752
GR126 1999 09 2 1.78788
GR126 2000 03 3 6.9759
GR126 2000 06 3 1.38977
GR126 2000 07 3 313.273
GR126 2000 08 3 117.802
GR126 2000 09 3 94.5631
GR126 2000 10 2 1.92036
GR126 2001 03 2 0.0809812
GR126 2001 05 2 0.0962137
GR126 2001 06 2 0.135795
GR126 2001 07 2 17.5957
GR126 2001 08 2 47.4506
GR126 2001 09 2 0.105339
GR126 2001 10 4 2.34017
GR126 2001 11 5 17.9296
GR126 2002 03 3 1.36696
GR126 2002 04 2 0.0577007
GR126 2002 06 3 0.769154
GR126 2002 07 5 0.79929
GR126 2003 06 2 0.0780067
GR126 2003 07 2 0.237444
GR126 2003 09 2 0.291202
GR126 2003 10 2 0.0586825
GR126 2003 11 3 0.780367
GR126 2004 05 2 0.0694029
GR126 2004 07 3 4.46402
GR126 2004 08 2 1.15511
GR126 2004 09 4 1.07213
GR127 1983 03 4 0.905452
GR127 1983 05 2 5.14685
GR127 1983 07 3 0.228312
GR127 1983 08 2 0.193679
GR127 1983 09 2 0.074087
GR127 1984 07 3 231.456
GR127 1984 08 4 2.86533
GR127 1984 09 5 10.5524
GR127 1984 10 5 51.2102
GR127 1984 11 2 11.7111
GR127 1984 12 2 3.9852
GR127 1985 04 2 4.79052
GR127 1985 05 3 1.28546
GR127 1985 06 3 865.181
GR127 1985 07 4 31.8534
GR127 1985 08 4 3877.38
GR127 1985 09 3 45.1034
GR127 1985 12 2 0.329506
GR127 1986 07 2 0.314433
GR127 1986 08 2 169.156
GR127 1986 09 2 0.390636
GR127 1986 10 2 167.095
GR127 1987 05 2 0.387181
GR127 1987 06 2 27.3679
GR127 1987 07 3 136.33
GR127 1987 09 3 6.15727
GR127 1988 03 2 21.1138
GR127 1988 05 2 44.091
GR127 1988 06 5 20.4664
GR127 1988 07 3 3.28583
GR127 1988 08 5 10.1216
GR127 1988 09 2 1.17173
GR127 1989 02 3 12.7827
GR127 1989 04 2 8.13802
GR127 1989 05 2 200.109
GR127 1989 07 4 31.5503
GR127 1989 08 4 888.754
GR127 1989 09 2 0.15271
GR127 1990 03 2 1317.78
GR127 1990 05 4 89.564
GR127 1990 06 4 25.8327
GR127 1990 07 2 1617.48
GR127 1990 08 4 3137.66
GR127 1990 09 4 1.38021
GR127 1991 01 2 0.144116
GR127 1991 05 2 0.975541
GR127 1991 07 4 416.571
GR127 1991 08 4 59.7046
GR127 1991 09 5 7.93785
GR127 1991 10 4 6.92289
GR127 1992 01 3 9.67535
GR127 1992 02 3 20.7653
GR127 1992 03 4 9.6452
GR127 1992 04 3 5.29278
GR127 1992 05 2 1.0543
GR127 1992 06 2 0.0609348
GR127 1992 07 2 13.8512
GR127 1992 08 2 7.30444
GR127 1992 09 2 734.854
GR127 1992 10 5 16.3634
GR127 1993 03 2 3.31689
GR127 1993 04 2 2.72875
GR127 1993 05 3 0.177937
GR127 1993 06 3 16.3248
GR127 1993 07 3 128.954
GR127 1993 08 4 0.598733
GR127 1993 09 4 16.9137
GR127 1993 10 4 17.2006
GR127 1993 12 2 1.15922
GR127 1994 04 3 0.210216
GR127 1994 05 3 0.907264
GR127 1994 06 3 158.805
GR127 1994 07 3 149.328
GR127 1994 08 3 46.3406
GR127 1994 09 3 81.4009
GR127 1994 10 4 10.9932
GR127 1995 02 2 6.17368
GR127 1995 04 2 0.900312
GR127 1995 05 3 3.63545
GR127 1995 06 3 1.9127
GR127 1995 07 3 13.4602
GR127 1995 08 3 0.870888
GR127 1995 09 3 43.3616
GR127 1995 10 4 3.88961
GR127 1995 11 2 2.21083
GR127 1996 04 3 3.69291
GR127 1996 07 3 8.46651
GR127 1996 08 4 6.86268
GR127 1996 09 4 17.0544
GR127 1996 10 3 10.6306
GR127 1997 02 3 1.04533
GR127 1997 06 2 39.3577
GR127 1997 07 4 96.4012
GR127 1997 08 2 6.20302
GR127 1997 09 4 34.8949
GR127 1997 10 5 3.30197
GR127 1998 01 2 0.910301
GR127 1998 02 3 4.48115
GR127 1998 03 2 2.02626
GR127 1998 04 3 1.41269
GR131 1983 04 4 1.55195
GR131 1983 08 3 5.48688
GR131 1983 09 3 0.231732
GR131 1983 10 2 0.231642
GR131 1984 07 4 47.1536
GR131 1984 09 2 6.19027
GR131 1984 10 3 10.0151
GR131 1985 04 3 103.953
GR131 1985 07 2 76.2366
GR131 1985 08 4 1.6773
GR131 1985 09 4 107.036
GR131 1985 10 4 61.2866
GR131 1986 09 4 130.452
GR131 1986 10 2 4.56617
GR131 1987 04 2 0.368723
GR131 1987 06 2 0.87844
GR131 1987 07 2 1.16526
GR131 1987 08 4 40.7997
GR131 1987 09 4 196.972
GR131 1988 07 4 778.872
GR131 1988 08 4 7.07405
GR131 1988 09 4 273.881
GR131 1988 10 4 256.702
GR131 1989 09 4 5.27792
GR131 1990 03 4 16.2271
GR131 1990 04 2 14.5714
GR131 1990 07 3 17.4898
GR131 1990 08 4 8.16125
GR131 1990 09 3 33.7766
GR131 1990 10 3 11.1358
GR131 1991 09 4 3.53824
GR131 1992 03 2 11.3911
GR131 1992 08 2 32.3504
GR131 1992 09 2 245.128
GR131 1992 10 5 14.4124
GR131 1993 03 3 8.21151
GR131 1993 04 3 22.0051
GR131 1993 05 3 0.572876
GR131 1993 06 4 16.0564
GR131 1993 07 4 203.563
GR131 1993 08 4 1152.75
GR131 1993 09 4 176.063
GR131 1993 10 4 29.0657
GR131 1994 03 4 12.9144
GR131 1994 04 3 11.5251
GR131 1994 06 3 8.15182
GR131 1994 07 3 0.447679
GR131 1994 08 3 131.696
GR131 1994 09 3 112.026
GR131 1994 10 2 21.7826
GR131 1995 06 2 0.336376
GR131 1995 07 3 3.58651
GR131 1996 04 2 1.58355
GR131 1996 06 4 79.444
GR131 1996 07 3 1.1824
GR131 1996 08 3 26.7647
GR131 1996 09 2 28.9339
GR131 1997 02 4 11.7809
GR131 1997 05 3 3.11116
GR131 1997 06 3 15.6072
GR131 1997 07 3 2279.38
GR131 1997 08 3 204.898
GR131 1997 09 3 137.25
GR131 1997 10 3 18.3564
GR131 1998 08 3 32.4594
GR131 1998 09 2 1.10852
GR131 1999 06 5 0.684457
GR131 1999 07 3 0.143679
GR131 1999 08 3 221.367
GR131 1999 09 4 0.425358
GR131 2000 03 4 13.5494
GR131 2000 04 4 5.37453
GR131 2000 05 3 0.267892
GR131 2000 06 3 3.96024
GR131 2000 07 3 784.711
GR131 2000 08 3 97.2719
GR131 2000 09 3 780.928
GR131 2000 10 3 0.278816
GR131 2000 11 2 0.208614
GR131 2000 12 2 3.44169
GR131 2001 02 2 1.00488
GR131 2001 03 2 51.6318
GR131 2001 04 3 0.552133
GR131 2001 05 3 0.146047
GR131 2001 06 3 3.66027
GR131 2001 07 3 5.07152
GR131 2001 08 3 21.9536
GR131 2001 09 3 297.384
GR131 2001 10 3 97.2988
GR131 2001 11 5 14.733
GR131 2002 02 5 2.47749
GR131 2002 03 5 0.972498
GR131 2002 05 2 0.053211
GR131 2002 06 3 0.227562
GR131 2002 07 3 5.3326
GR131 2002 08 3 0.558851
GR131 2002 09 2 0.0538256
GR131 2002 11 3 0.112089
GR131 2003 03 2 0.419912
GR131 2003 05 4 2.66089
GR131 2003 07 4 0.846276
GR131 2003 08 4 0.774489
GR131 2003 09 4 0.999593
GR131 2003 10 3 1.1175
GR131 2004 02 2 0.821208
GR131 2004 04 4 0.30707
GR131 2004 05 2 0.140043
GR131 2004 06 2 0.744336
GR131 2004 07 2 1.1487
GR131 2004 08 2 1.08209
GR131 2004 09 2 4.49645
GR131 2004 10 2 0.133106
GR131 2004 11 3 0.294346
GR132 1983 03 4 18.6914
GR132 1983 04 2 0.146961
GR132 1983 05 2 10.9708
GR132 1983 10 2 0.248301
GR132 1984 04 2 0.949988
GR132 1984 05 2 1.24724
GR132 1984 07 5 22.1201
GR132 1984 08 3 22.3026
GR132 1984 09 3 20.6334
GR132 1984 10 3 6.30722
GR132 1984 11 3 7.33334
GR132 1984 12 2 0.749756
GR132 1985 03 2 2.32245
GR132 1985 04 4 4.22786
GR132 1985 08 2 559.92
GR132 1985 09 2 615.966
GR132 1985 10 2 70.359
GR132 1985 11 2 20.7621
GR132 1985 12 2 1.36952
GR132 1986 04 2 5.57086
GR132 1986 09 3 3.82883
GR132 1986 10 3 22.085
GR132 1987 04 2 7.20989
GR132 1987 05 4 175.277
GR132 1987 07 3 56.9345
GR132 1987 08 3 142.198
GR132 1987 09 3 215.049
GR132 1988 06 3 1.50519
GR132 1988 07 3 789.677
GR132 1988 08 3 572.455
GR132 1988 09 3 391.095
GR132 1988 10 5 65.1547
GR132 1989 04 2 1.55523
GR132 1989 05 2 0.100785
GR132 1989 07 2 2.03771
GR132 1990 03 3 10.9072
GR132 1990 05 2 0.0649239
GR132 1990 07 2 1.66262
GR132 1990 08 2 10.9624
GR132 1990 09 2 132.548
GR132 1990 10 2 65.9605
GR132 1991 07 3 54.8569
GR132 1991 09 2 1.47081
GR132 1992 03 3 13.7322
GR132 1992 06 2 5.65765
GR132 1992 08 2 81.0547
GR132 1992 09 2 56.0377
GR132 1993 03 5 31.9657
GR132 1993 04 5 88.8343
GR132 1993 05 2 14.9087
GR132 1993 06 2 1.40133
GR132 1993 07 2 107.881
GR132 1993 08 2 255.527
GR132 1993 09 2 484.151
GR132 1993 10 2 110.454
GR132 1994 03 5 4.04697
GR132 1994 04 2 0.62471
GR132 1994 05 2 12.1768
GR132 1994 06 2 11.2884
GR132 1994 07 2 1.03987
GR132 1994 08 2 11.1828
GR132 1994 09 2 281.388
GR132 1994 10 4 52.406
GR132 1994 12 2 27.0964
GR132 1995 02 2 1.61754
GR132 1995 03 3 31.0665
GR132 1995 04 5 104.999
GR132 1995 05 2 23.7495
GR132 1995 06 2 0.919379
GR132 1995 07 2 1.13436
GR132 1995 08 3 0.949419
GR132 1996 04 2 14.1823
GR132 1996 05 3 11.7847
GR132 1996 06 2 1.15314
GR132 1996 07 4 1.72127
GR132 1996 08 4 5.84941
GR132 1996 09 2 3.81998
GR132 1997 02 2 33.6165
GR132 1997 03 3 12.9846
GR132 1997 05 5 123.448
GR132 1997 06 5 44.5163
GR132 1997 07 5 687.749
GR132 1997 08 5 41.4545
GR132 1997 09 5 318.163
GR132 1998 04 4 36.3783
GR133 1984 07 4 27.703
GR133 1984 08 3 3.91275
GR133 1984 09 3 39.935
GR133 1985 08 3 368.893
GR133 1985 09 3 112.923
GR133 1985 10 2 2.52607
GR133 1986 08 3 1.7285
GR133 1986 09 3 62.2343
GR133 1987 08 4 50.8385
GR133 1987 09 4 661.835
GR133 1988 05 2 1.23541
GR133 1988 06 3 12.4124
GR133 1988 07 3 5405.15
GR133 1988 08 3 315.788
GR133 1988 09 3 618.045
GR133 1988 10 3 245.602
GR133 1989 01 2 0.159094
GR133 1989 04 2 0.11618
GR133 1989 09 4 11.5758
GR133 1990 03 2 0.82901
GR133 1990 07 3 17.4623
GR133 1990 08 3 1.81009
GR133 1990 09 2 12.2282
GR133 1990 10 3 23.8527
GR133 1991 09 3 44.445
GR133 1992 03 4 332.52
GR133 1992 04 2 1.50154
GR133 1992 05 2 0.591487
GR133 1992 06 2 0.447846
GR133 1992 08 2 140.826
GR133 1992 09 2 461.135
GR133 1992 10 2 0.753156
GR133 1992 11 2 1.09247
GR133 1993 03 2 0.941462
GR133 1993 06 3 24.2501
GR133 1993 07 3 557.607
GR133 1993 08 3 2156.81
GR133 1993 09 3 817.143
GR133 1993 10 3 170.162
GR133 1994 01 2 0.529739
GR133 1994 04 2 9.71932
GR133 1994 06 4 1.57258
GR133 1994 07 4 10.399
GR133 1994 08 4 21.3639
GR133 1994 09 4 547.267
GR133 1994 10 2 14.4518
GR133 1995 03 2 5.83175
GR133 1995 05 4 13.7413
GR133 1995 06 2 0.0719422
GR133 1995 07 3 0.382591
GR133 1995 08 3 0.464964
GR133 1995 09 2 0.220766
GR133 1995 10 2 0.0616342
GR133 1996 06 3 7.02472
GR133 1996 07 3 2.79808
GR133 1996 08 3 58.9836
GR133 1996 11 2 0.359467
GR133 1997 01 2 0.519776
GR133 1997 02 2 9.16019
GR133 1997 03 3 1.07207
GR133 1997 04 3 2.22134
GR133 1997 05 5 18.2174
GR133 1997 06 5 2.91513
GR133 1997 07 5 1251.37
GR133 1997 08 5 36.4839
GR133 1997 09 5 106.116
GR133 1997 10 5 56.3801
GR133 1998 03 5 9.22619
GR133 1998 04 5 16.8598
GR133 1998 05 2 3.43242
GR133 1998 07 2 6.46482
GR133 1998 08 2 3.05041
GR133 1999 08 5 70.9787
GR133 2000 03 5 10.5399
GR133 2000 04 5 7.46601
GR133 2000 05 2 0.134534
GR133 2000 06 4 3.11972
GR133 2000 07 4 450.945
GR133 2000 08 4 40.3529
GR133 2000 09 5 193.111
GR133 2001 03 5 19.7806
GR133 2001 05 2 0.698385
GR133 2001 06 2 11.9999
GR133 2001 07 2 18.8145
GR133 2001 08 2 109.292
GR133 2001 09 2 177.97
GR133 2001 10 5 17.6789
GR133 2001 11 2 2.5019
GR133 2002 02 3 5.94275
GR133 2002 03 3 2.41152
GR133 2002 07 5 8.89761
GR133 2003 08 2 9.27973
GR133 2003 10 3 12.336
GR133 2004 03 4 5.74302
GR133 2004 04 2 0.122783
GR133 2004 07 3 0.16406
GR133 2004 08 3 188.507
GR133 2004 09 3 69.4367
GR133 2004 10 3 20.5167
GR134 1983 05 2 0.0761621
GR134 1984 09 2 0.356868
GR134 1984 11 2 2.98957
GR134 1984 12 2 8.60503
GR134 1985 04 2 0.523996
GR134 1985 07 2 17.6408
GR134 1985 08 2 0.65355
GR134 1985 09 5 3.14347
GR134 1985 10 5 152.488
GR134 1985 11 2 7.45115
GR134 1986 04 2 3.1223
GR134 1986 10 2 2.3698
GR134 1987 08 3 9.40894
GR134 1987 09 2 13.5494
GR134 1988 04 2 14.4526
GR134 1988 07 2 1953.46
GR134 1988 08 2 27.7368
GR134 1988 09 2 344.467
GR134 1988 10 4 30.0485
GR134 1989 03 3 0.159776
GR134 1989 07 2 0.0812403
GR134 1990 02 2 1.5908
GR134 1990 03 4 27.41
GR134 1990 06 2 0.422884
GR134 1990 07 3 8.19265
GR134 1990 08 2 5.09125
GR134 1991 08 3 15.8673
GR134 1991 09 2 4.55046
GR134 1992 03 3 14.88
GR134 1992 05 5 200.29
GR134 1992 08 3 128.787
GR134 1992 09 5 141.584
GR134 1993 01 2 0.879832
GR134 1993 02 2 10.5661
GR134 1993 03 3 0.794055
GR134 1993 04 3 194.844
GR134 1993 05 3 2.6858
GR134 1993 06 2 21.4191
GR134 1993 07 2 246.4
GR134 1993 08 2 344.365
GR134 1993 09 2 314.988
GR134 1993 10 2 18.2444
GR134 1994 03 5 37.7431
GR134 1994 06 3 9.0726
GR134 1994 07 4 22.0131
GR134 1994 08 4 1744.66
GR134 1994 09 4 836.62
GR134 1994 10 2 8.80908
GR134 1994 11 3 2.59506
GR134 1994 12 2 3.52261
GR134 1995 04 5 70.1812
GR134 1995 05 5 46.4439
GR134 1995 07 2 0.58424
GR134 1995 09 3 27.1498
GR134 1995 10 4 6.18842
GR134 1996 03 2 4.55646
GR134 1996 04 4 44.6183
GR134 1996 05 3 15.5305
GR134 1996 07 3 57.7823
GR134 1996 08 3 177.389
GR134 1996 10 2 3.66528
GR134 1996 11 2 11.7441
GR134 1997 02 2 12.6036
GR134 1997 03 2 26.7387
GR134 1997 04 2 30.3642
GR134 1997 05 2 98.9234
GR134 1997 06 5 27.6496
GR134 1997 07 5 273.712
GR134 1997 08 5 115.516
GR134 1997 09 5 398.058
GR134 1997 10 4 24.5788
GR134 1998 02 3 9.80515
GR134 1998 03 3 26.2425
GR134 1998 04 3 130.536
GR134 1998 06 2 5.58352
GR134 1998 07 5 85.1631
GR134 1998 08 5 26.8436
GR134 1998 09 3 5.75608
GR134 1999 05 2 6.7739
GR134 1999 08 5 24.3154
GR134 1999 09 3 17.4526
GR134 1999 12 2 6.54145
GR134 2000 03 4 5.46449
GR134 2000 04 4 23.0812
GR134 2000 05 3 4.22882
GR134 2000 07 3 53.6785
GR134 2000 08 3 20.5549
GR134 2000 09 3 507.474
GR134 2000 11 3 423.741
GR134 2000 12 2 0.0701793
GR134 2001 02 2 0.0924088
GR134 2001 03 4 15.1522
GR134 2001 05 4 1.24297
GR134 2001 06 3 0.520986
GR134 2001 07 5 20.8006
GR134 2001 08 5 23.9742
GR134 2001 09 5 70.1039
GR134 2001 10 5 16.24
GR134 2001 11 5 94.019
GR134 2002 02 2 0.667628
GR134 2002 03 5 6.52383
GR134 2002 05 2 0.0709895
GR134 2002 07 2 2.13259
GR134 2002 11 2 5.5159
GR134 2003 03 3 1.38024
GR134 2003 04 2 2.16212
GR134 2003 07 2 7.3734
GR134 2003 08 2 1.00873
GR134 2004 03 4 5.34558
GR134 2004 04 2 0.0943001
GR134 2004 07 3 15.4318
GR134 2004 08 3 48.9831
GR134 2004 09 3 4.79054
GR134 2004 10 3 3.22693
GR134 2004 11 2 13.4149
GR141 1983 04 2 0.157279
GR141 1983 09 3 187.113
GR141 1983 10 2 3.20565
GR141 1984 07 2 61.4477
GR141 1984 08 4 406.436
GR141 1984 09 2 20.9908
GR141 1985 07 2 54.7208
GR141 1985 08 2 251.806
GR141 1985 09 2 5.46304
GR141 1985 10 2 46.8077
GR141 1985 11 2 4.04427
GR141 1986 08 4 57.7194
GR141 1986 09 2 235.348
GR141 1987 07 5 114.875
GR141 1987 08 3 0.246477
GR141 1987 09 4 181.096
GR141 1988 06 2 29.4598
GR141 1988 07 2 53.9686
GR141 1988 08 2 134.249
GR141 1988 09 4 1468.08
GR141 1988 10 4 43.5033
GR141 1989 07 4 49.9472
GR141 1989 08 3 1.748
GR141 1990 02 2 0.211414
GR141 1990 10 3 48.1123
GR141 1991 07 2 18.3456
GR141 1991 08 2 38.603
GR141 1991 09 3 662.382
GR141 1991 10 3 187.721
GR141 1992 09 3 56.1756
GR141 1993 03 2 3.07557
GR141 1993 07 2 0.122893
GR141 1993 08 2 17.1078
GR141 1993 09 3 21.0058
GR141 1993 10 4 9.81031
GR141 1994 07 4 32.8611
GR141 1994 08 5 371.125
GR141 1994 09 5 500.971
GR141 1994 10 4 18.8228
GR141 1995 07 5 296.004
GR141 1995 09 5 6.10629
GR141 1996 06 2 0.447357
GR141 1996 07 4 981.428
GR141 1996 08 3 197.066
GR141 1997 07 3 357.355
GR141 1997 08 2 0.0992931
GR141 1997 09 2 10.5413
GR141 1997 10 4 41.8852
GR141 1998 08 2 24.0994
GR141 2000 03 2 0.215356
GR141 2000 05 2 0.128764
GR141 2000 07 2 4.45411
GR141 2000 08 4 7.29511
GR141 2000 09 4 21.9263
GR141 2001 03 2 0.295735
GR141 2001 06 3 0.499228
GR141 2001 07 4 13.6173
GR141 2001 08 2 0.17528
GR141 2001 09 4 1.50899
GR141 2001 10 5 11.8497
GR141 2002 02 2 0.157908
GR141 2002 03 5 1.82019
GR141 2002 05 2 0.289054
GR141 2002 07 2 0.0731671
GR141 2003 04 2 0.437779
GR141 2004 08 2 0.115742
GR142 1983 01 2 0.0850582
GR142 1983 03 2 0.148304
GR142 1983 04 4 4.00666
GR142 1983 06 2 0.363408
GR142 1983 07 2 54.3503
GR142 1983 08 2 46.7693
GR142 1983 09 5 131.095
GR142 1983 10 5 94.2725
GR142 1984 07 5 1665.02
GR142 1984 08 5 369.056
GR142 1984 09 5 694.238
GR142 1984 10 5 236.245
GR142 1985 04 3 13.1074
GR142 1985 07 3 128.557
GR142 1985 08 3 1744.87
GR142 1985 09 3 1269.51
GR142 1985 10 2 2.64548
GR142 1986 06 2 215.476
GR142 1986 07 2 6.52399
GR142 1986 08 4 30.351
GR142 1986 09 4 447.626
GR142 1986 10 5 66.1911
GR142 1987 07 5 757.237
GR142 1987 08 5 202.948
GR142 1987 09 5 1051.44
GR142 1988 01 2 204.781
GR142 1988 06 2 89.0051
GR142 1988 07 2 11850.2
GR142 1988 08 2 4330.72
GR142 1988 09 2 398.736
GR142 1988 10 3 8.95219
GR142 1989 02 2 6.032
GR142 1989 06 2 3.02525
GR142 1989 08 3 9.58681
GR142 1989 09 2 5.13051
GR142 1990 01 2 2.12672
GR142 1990 02 2 16.7877
GR142 1990 03 3 71.7839
GR142 1990 05 2 4.40461
GR142 1990 07 2 4.04337
GR142 1990 08 3 13.1095
GR142 1991 06 2 242.54
GR142 1991 07 2 186.302
GR142 1991 08 2 478.437
GR142 1991 09 2 2468.68
GR142 1991 10 2 913.887
GR142 1992 02 3 14.4867
GR142 1992 05 2 2.56614
GR142 1992 06 2 12.2558
GR142 1992 07 2 8.72134
GR142 1992 08 2 1154.11
GR142 1992 09 2 381.721
GR142 1992 10 2 587.911
GR142 1993 03 5 10.2307
GR142 1993 04 3 0.509416
GR142 1993 05 2 0.114387
GR142 1993 06 5 45.7415
GR142 1993 07 5 1075.75
GR142 1993 08 5 746.526
GR142 1993 09 5 635.616
GR142 1993 10 5 214.822
GR142 1994 05 2 0.11447
GR142 1994 06 2 440.768
GR142 1994 07 2 1960.3
GR142 1994 08 2 1979.16
GR142 1994 09 2 1278.52
GR142 1994 10 2 985.488
GR142 1995 05 4 101.584
GR142 1995 06 4 1285.99
GR142 1995 07 4 522.727
GR142 1995 08 4 1139.26
GR142 1995 09 4 539.672
GR142 1996 05 4 11.1559
GR142 1996 06 4 519.939
GR142 1996 07 4 331.337
GR142 1996 08 4 1438.33
GR142 1996 09 5 86.1546
GR142 1997 06 5 99.3306
GR142 1997 07 5 1670.14
GR142 1997 08 5 270.271
GR142 1997 09 5 683.733
GR142 1997 10 5 99.141
GR142 2000 06 3 40.2664
GR142 2000 07 5 4.03044
GR142 2000 08 5 8.1432
GR142 2000 09 5 2.5966
GR142 2001 03 2 0.383648
GR142 2001 06 2 3.80589
GR142 2001 07 5 1.15741
GR142 2001 08 5 1.59138
GR142 2001 09 5 251.907
GR142 2001 10 5 92.5972
GR142 2001 11 2 2.50732
GR142 2002 01 2 2.72813
GR142 2002 06 3 0.401994
GR142 2002 07 3 4.63247
GR142 2002 10 4 0.260705
GR142 2003 07 2 0.952027
GR142 2003 10 2 0.154617
GR142 2004 07 4 36.7322
GR142 2004 09 2 0.87684
GR143 1983 01 2 0.168464
GR143 1983 03 5 1.31151
GR143 1983 04 3 8.23639
GR143 1983 05 2 0.710774
GR143 1983 06 3 17.0036
GR143 1983 07 3 2.16312
GR143 1983 08 5 64.1188
GR143 1983 09 5 146.693
GR143 1983 10 5 17.7332
GR143 1984 06 3 1.52048
GR143 1984 07 3 68.814
GR143 1984 08 2 3.06018
GR143 1984 09 2 295.23
GR143 1984 10 5 14.5634
GR143 1985 02 3 0.990405
GR143 1985 04 2 29.241
GR143 1985 06 3 44.9117
GR143 1985 07 4 286.182
GR143 1985 08 4 611.18
GR143 1985 09 5 65.9024
GR143 1985 11 2 21.6672
GR143 1986 01 3 5.77383
GR143 1986 03 2 2.05772
GR143 1986 05 2 0.134712
GR143 1986 06 2 54.736
GR143 1986 07 5 779.02
GR143 1986 08 5 729.156
GR143 1986 09 4 341.11
GR143 1986 10 4 53.8904
GR143 1986 12 2 3.61036
GR143 1987 04 3 92.0632
GR143 1987 05 3 0.955808
GR143 1987 06 3 99.6072
GR143 1987 07 2 10.9206
GR143 1987 08 2 77.6224
GR143 1987 09 2 626.332
GR143 1988 05 4 51.283
GR143 1988 06 3 108.69
GR143 1988 07 3 1454.13
GR143 1988 08 3 1390.15
GR143 1988 09 3 3373.76
GR143 1988 10 5 40.4201
GR143 1988 11 2 0.48829
GR143 1989 01 4 4.15364
GR143 1989 02 2 0.140499
GR143 1989 03 4 15.7432
GR143 1989 04 5 36.7998
GR143 1989 05 2 0.145428
GR143 1989 06 3 5.29773
GR143 1989 07 3 152.932
GR143 1989 08 3 137.986
GR143 1989 09 3 11.1646
GR143 1989 10 3 13.1645
GR143 1990 01 3 2.28722
GR143 1990 02 3 27.9225
GR143 1990 03 3 7.52095
GR143 1990 04 2 0.0723001
GR143 1990 05 2 3.40886
GR143 1990 06 2 14.1994
GR143 1990 07 2 28.1847
GR143 1990 08 4 26.6002
GR143 1990 10 3 6.5767
GR143 1990 11 2 1.25744
GR143 1991 07 3 69.0657
GR143 1991 08 3 84.3535
GR143 1991 09 3 1018.14
GR143 1991 10 5 1189.48
GR143 1992 04 2 22.6885
GR143 1992 07 3 17.1687
GR143 1992 08 3 490.775
GR143 1992 09 3 2333.52
GR143 1992 10 3 2107.65
GR143 1992 11 3 0.821674
GR143 1992 12 2 1.30125
GR143 1993 02 3 12.6275
GR143 1993 03 3 1.01619
GR143 1993 04 4 128.111
GR143 1993 05 3 0.947583
GR143 1993 06 3 6.93826
GR143 1993 07 3 24.2503
GR143 1993 08 3 198.018
GR143 1993 09 3 70.6809
GR143 1993 10 2 0.116491
GR143 1994 04 3 10.9585
GR143 1994 05 2 1.03498
GR143 1994 06 3 8.11247
GR143 1994 07 3 32.3827
GR143 1994 08 3 786.934
GR143 1994 09 3 1311.06
GR143 1994 10 5 138.477
GR143 1995 02 2 0.128947
GR143 1995 05 4 22.4198
GR143 1995 06 5 9.48633
GR143 1995 07 5 200.642
GR143 1995 08 5 1233.2
GR143 1995 09 5 484.82
GR143 1996 05 2 3.62848
GR143 1996 06 5 60.6414
GR143 1996 07 5 293.068
