DE425 2002 05 4 0.610213
DE425 2002 06 2 0.0226161
DE425 2002 07 2 1.622
DE425 2002 09 2 0.177274
DE425 2003 03 4 1.41995
DE425 2003 04 4 2.90136
DE425 2003 05 4 1.56508
DE425 2003 06 4 6.63876
DE425 2003 07 4 5.3205
DE425 2003 08 4 2.95781
DE425 2003 09 4 1.64831
DE425 2003 10 2 0.000947863
DE425 2004 03 3 0.628583
DE425 2004 04 3 7.37622
DE425 2004 05 3 0.297372
DE425 2004 06 3 0.204926
DE425 2004 07 3 0.136811
DE425 2004 08 5 0.246608
DE425 2005 04 4 0.323318
DE425 2005 05 2 0.00756484
DE425 2005 06 2 0.590655
DE425 2005 09 2 0.0599025
DE425 2006 05 2 0.722113
DE425 2006 06 4 0.130167
DE425 2006 07 4 4.78489
DE425 2006 08 3 0.0125518
DE425 2006 09 3 0.131541
DE425 2006 10 2 0.0291844
DE425 2006 11 2 0.00746725
DE426 1998 02 2 0.0711024
DE426 1998 03 2 0.852621
DE426 1998 04 2 1.86555
DE426 1998 05 2 0.829057
DE426 1998 06 2 0.710773
DE426 1998 08 2 0.730691
DE426 1999 04 3 1.14032
DE426 1999 05 3 0.115368
DE426 1999 06 2 0.641133
DE426 1999 07 2 0.642983
DE426 1999 08 4 0.101702
DE426 1999 09 4 6.31983
DE426 2000 04 5 0.569721
DE426 2000 05 5 1.02056
DE426 2000 06 5 3.1332
DE426 2001 01 2 0.00995766
DE426 2001 05 2 1.86222
DE426 2001 06 3 0.0734195
DE426 2001 07 3 0.081044
DE426 2001 08 2 0.0739194
DE426 2001 09 2 0.0719289
DE426 2002 07 2 0.105511
DE426 2003 03 2 0.0172517
DE426 2003 04 3 1.33794
DE426 2003 05 5 0.693475
DE426 2003 06 5 6.26506
DE426 2003 07 4 0.30387
DE426 2003 08 4 2.57565
DE426 2004 04 2 0.040431
DE426 2004 05 2 0.0671252
DE426 2004 06 2 0.0490172
DE426 2004 08 3 2.35436
DE426 2005 04 3 0.461008
DE426 2005 06 2 0.527308
DE426 2005 07 4 0.324878
DE426 2006 05 4 0.60808
DE426 2006 06 2 2.69247
DE426 2006 07 2 2.24617
DE427 1998 03 3 0.0504355
DE427 1998 04 3 0.348898
DE427 1998 05 3 3.43433
DE427 1998 06 3 0.64027
DE427 1998 07 2 0.013838
DE427 1998 08 2 1.88972
DE427 1999 03 4 0.137776
DE427 1999 04 4 1.6028
DE427 1999 05 4 2.43511
DE427 1999 07 4 3.05868
DE427 1999 08 4 0.573489
DE427 1999 09 4 2.00196
DE427 1999 10 2 0.0109581
DE427 2000 04 2 1.31599
DE427 2000 05 2 2.71027
DE427 2000 06 2 2.82291
DE427 2000 07 2 1.70337
DE427 2000 08 2 4.54888
DE427 2000 09 4 0.470705
DE427 2000 10 2 0.107693
DE427 2001 04 2 5.11236
DE427 2001 05 2 3.81262
DE427 2001 06 2 1.68291
DE427 2001 07 2 1.07423
DE427 2001 08 4 0.107209
DE427 2002 03 4 0.104071
DE427 2002 04 3 0.691902
DE427 2002 05 3 0.451178
DE427 2002 06 3 0.0372769
DE427 2002 07 5 0.940758
DE427 2002 08 4 0.0414534
DE427 2002 09 2 0.00763478
DE427 2003 03 2 1.20813
DE427 2003 04 2 38.148
DE427 2003 05 2 1.64391
DE427 2003 06 2 10.1933
DE427 2003 07 2 0.958531
DE427 2003 08 2 2.09292
DE427 2003 09 4 0.0257663
DE427 2003 10 2 0.0142668
DE427 2004 03 4 3.09942
DE427 2004 04 2 7.58433
DE427 2004 05 2 0.0293454
DE427 2004 07 3 0.372728
DE427 2004 08 3 1.58081
DE427 2005 04 3 0.178174
DE427 2005 06 4 0.241294
DE427 2005 07 2 0.0460442
DE427 2006 05 4 0.259107
DE427 2006 07 4 21.0566
DE427 2006 08 3 0.0258755
DE427 2006 09 2 0.00100905
DE428 1998 02 2 0.344928
DE428 1998 03 2 0.797963
DE428 1998 04 3 0.432423
DE428 1998 05 3 3.16523
DE428 1998 06 4 0.438733
DE428 1998 07 2 0.116057
DE428 1998 08 2 10.8807
DE428 1999 05 2 0.819082
DE428 1999 06 2 0.00833796
DE428 1999 07 2 3.62165
DE428 1999 08 2 1.01191
DE428 1999 09 2 2.59921
DE428 1999 10 2 0.521829
DE428 2000 04 2 0.0936869
DE428 2000 05 2 3.22168
DE428 2000 06 2 9.67354
DE428 2000 07 2 0.0136321
DE428 2000 08 5 0.425109
DE428 2001 05 3 0.0951064
DE428 2001 06 3 0.13455
DE428 2001 07 3 0.444385
DE428 2002 04 2 0.028739
DE428 2002 05 2 0.0107576
DE428 2002 06 3 0.0268625
DE428 2002 07 2 0.0167916
DE428 2002 08 3 0.429905
DE428 2003 03 2 0.21475
DE428 2003 04 2 3.48203
DE428 2003 05 2 0.83351
DE428 2003 06 2 2.87105
DE428 2003 07 2 6.14581
DE428 2003 08 2 1.0173
DE428 2003 09 2 0.291832
DE428 2004 04 3 0.513649
DE428 2004 05 3 0.103684
DE428 2004 08 3 3.96433
DE428 2004 09 4 0.0292622
DE428 2005 04 3 0.468838
DE428 2005 05 3 0.577066
DE428 2005 06 4 0.0253658
DE428 2006 06 5 0.197697
DE428 2006 07 5 0.377766
DE428 2006 08 2 0.0517864
DE428 2006 09 4 1.61901
DE429 1998 03 3 0.101114
DE429 1998 05 3 1.52365
DE429 1998 06 3 0.754216
DE429 1998 07 5 1.26199
DE429 1998 08 5 0.560755
DE429 1999 03 2 0.00965758
DE429 1999 04 3 0.240959
DE429 1999 05 3 0.696886
DE429 1999 07 5 0.118238
DE429 1999 08 5 4.20178
DE429 1999 09 5 2.54837
DE429 2000 04 2 0.389487
DE429 2000 05 2 1.05807
DE429 2000 06 3 0.0208244
DE429 2000 08 4 0.705389
DE429 2000 09 2 0.00679371
DE429 2001 05 4 0.769247
DE429 2001 06 3 0.190288
DE429 2001 07 3 1.07967
DE429 2001 08 5 1.21434
DE429 2002 02 2 0.170089
DE429 2002 04 3 3.35611
DE429 2002 05 2 0.05921
DE429 2002 06 5 0.4189
DE429 2002 07 2 4.15158
DE429 2002 08 2 0.891187
DE429 2002 09 3 0.145131
DE429 2003 04 3 0.986288
DE429 2003 05 3 1.1921
DE429 2003 06 3 2.23348
DE429 2003 07 4 0.482602
DE429 2003 08 4 0.301539
DE429 2003 09 5 0.596557
DE429 2004 04 5 1.57954
DE429 2004 05 3 0.212632
DE429 2004 06 2 0.393848
DE429 2004 08 2 0.562657
DE429 2004 09 3 0.116296
DE429 2004 10 2 0.00344961
DE429 2005 04 2 0.706241
DE429 2005 05 4 0.0695084
DE429 2005 06 3 0.0577495
DE429 2006 05 5 0.570421
DE429 2006 06 3 0.0266454
DE429 2006 07 3 4.4466
DE429 2006 08 4 0.0576774
DE429 2006 09 5 0.0740666
DE429 2006 10 3 0.00996729
DE42A 1998 02 2 0.0113474
DE42A 1998 03 3 4.6957
DE42A 1998 04 3 0.584827
DE42A 1998 05 3 3.17441
DE42A 1998 06 5 0.60406
DE42A 1998 07 3 0.323681
DE42A 1998 08 3 4.90165
DE42A 1999 05 3 1.96884
DE42A 1999 06 4 0.374669
DE42A 1999 07 4 3.44554
DE42A 1999 08 4 7.25884
DE42A 1999 09 4 1.80507
DE42A 2000 04 4 0.103008
DE42A 2000 05 4 8.84669
DE42A 2000 06 4 9.95015
DE42A 2000 07 4 0.992033
DE42A 2000 08 3 0.313455
DE42A 2000 09 2 0.300627
DE42A 2001 05 2 0.413832
DE42A 2001 06 2 0.222751
DE42A 2001 07 2 0.589476
DE42A 2001 08 2 2.41778
DE42A 2001 09 2 0.0231618
DE42A 2002 04 4 0.505365
DE42A 2002 06 2 0.00752887
DE42A 2002 07 5 0.345044
DE42A 2002 08 2 0.0147485
DE42A 2002 09 3 1.09364
DE42A 2003 03 5 14.8593
DE42A 2003 04 5 64.9016
DE42A 2003 05 5 21.9679
DE42A 2003 06 5 2.40438
DE42A 2003 07 5 1.65652
DE42A 2003 08 5 124.158
DE42A 2003 09 5 1.2083
DE42A 2004 03 2 0.00181564
DE42A 2004 04 2 47.6716
DE42A 2004 05 4 0.221128
DE42A 2004 08 4 13.1885
DE42A 2005 04 4 2.48898
DE42A 2005 05 4 1.00022
DE42A 2005 06 4 13.7255
DE42A 2005 07 4 3.41236
DE42A 2005 09 3 0.132884
DE42A 2006 04 2 0.529421
DE42A 2006 05 2 1.43798
DE42A 2006 06 2 0.464651
DE42A 2006 07 2 71.6176
DE42A 2006 10 4 0.226662
DE711 1997 06 2 0.0872856
DE711 1998 05 2 0.037123
DE711 1999 07 3 0.56277
DE711 2003 04 3 0.199957
DE711 2003 08 3 0.0380369
DE711 2004 06 2 0.00765196
DE713 2002 09 2 0.0168887
DE713 2003 04 2 0.00749715
DE713 2003 06 2 0.331495
DE713 2006 07 2 0.238739
DE715 1997 03 2 1.01431
DE715 1997 06 2 0.00897178
DE715 1997 09 2 0.119071
DE715 1999 05 2 0.40987
DE715 1999 08 2 0.0581792
DE715 1999 09 2 0.144519
DE715 2002 05 3 0.12011
DE715 2003 04 3 1.76793
DE715 2003 05 2 1.44092
DE715 2003 07 2 0.0711595
DE715 2003 08 2 1.37348
DE715 2006 05 2 0.0108234
DE715 2006 06 2 1.58068
DE715 2006 07 2 0.253726
DE716 1997 08 4 1.03142
DE716 1997 09 3 0.0209612
DE716 1997 10 2 0.086721
DE716 1998 03 2 0.147132
DE716 2001 04 2 0.0630105
DE716 2001 05 2 0.0672278
DE716 2001 08 3 0.245539
DE716 2003 03 2 0.549173
DE716 2003 04 2 0.132447
DE716 2003 08 3 4.54735
DE716 2003 09 2 9.4549
DE716 2005 03 2 0.025956
DE716 2005 08 2 0.0191179
DE716 2006 08 2 0.0142775
DE717 1997 06 3 0.102096
DE717 1997 08 2 0.0342877
DE717 1997 10 2 0.00832038
DE717 1998 04 2 0.349544
DE717 1998 05 5 0.442944
DE717 1998 08 5 1.07913
DE717 1999 08 3 0.0483568
DE717 2000 01 2 0.936008
DE717 2000 04 2 0.169961
DE717 2000 07 2 0.0309356
DE717 2003 03 5 0.709837
DE717 2003 07 2 0.211943
DE717 2003 08 2 0.250327
DE717 2004 05 2 0.0148506
DE717 2005 03 2 0.917378
DE717 2005 04 2 0.106761
DE717 2005 08 2 0.00654803
DE717 2006 04 2 0.0106138
DE717 2006 05 3 0.0559007
DE718 1997 04 3 0.942474
DE718 1997 08 2 0.0416164
DE718 1998 08 4 0.0392956
DE718 1999 05 4 0.150723
DE718 1999 09 3 0.0809795
DE718 2000 06 2 0.618412
DE718 2003 03 2 0.128378
DE718 2003 04 5 0.680948
DE718 2003 05 4 0.014666
DE718 2003 06 3 0.00377111
DE718 2003 07 2 0.006691
DE718 2003 08 2 0.193087
DE718 2004 05 2 0.00947829
DE718 2005 05 2 0.189451
DE718 2005 06 2 0.463943
DE718 2005 09 2 0.0153071
DE718 2006 05 3 0.056494
DE718 2006 06 3 0.0401625
DE718 2006 07 2 0.0116176
DE718 2006 09 2 0.014815
DE71A 2006 07 2 0.0143598
DE71C 1997 04 2 1.10493
DE71C 1997 06 5 1.33311
DE71C 1997 07 2 0.129536
DE71C 1997 08 3 0.754137
DE71C 1997 09 2 0.0868728
DE71C 1997 10 2 0.0474168
DE71C 1998 02 2 0.253551
DE71C 1998 03 4 6.17588
DE71C 1998 05 3 0.153007
DE71C 1998 06 3 0.214782
DE71C 1998 07 3 0.0684172
DE71C 1999 05 3 0.126021
DE71C 1999 06 2 0.335718
DE71C 1999 08 2 0.71582
DE71C 1999 09 2 0.537077
DE71C 2000 04 2 0.779226
DE71C 2001 04 2 0.0670797
DE71C 2001 07 3 0.782863
DE71C 2001 08 5 1.71664
DE71C 2003 02 2 0.467768
DE71C 2003 03 4 0.513338
DE71C 2003 04 4 3.82932
DE71C 2003 05 3 0.223396
DE71C 2003 07 2 0.129762
DE71C 2003 08 2 0.117866
DE71C 2004 05 2 0.690796
DE71C 2006 07 2 0.0474376
DE804 2003 04 2 0.237989
DE809 1998 05 3 0.027235
DE809 1999 06 2 0.0214134
DE809 1999 08 2 0.0245604
DE809 2000 06 2 0.346776
DE809 2001 04 2 0.19713
DE809 2002 10 2 0.0118954
DE809 2003 05 2 0.122341
DE809 2003 08 5 0.186773
DE809 2003 09 2 0.0546872
DE809 2004 06 2 0.425454
DE809 2005 03 2 0.966067
DE809 2005 04 4 1.03794
DE809 2005 07 2 0.00701962
DE809 2006 07 3 0.0329232
DE80A 1998 04 2 0.077304
DE80A 1998 05 2 0.221074
DE80A 1999 05 2 0.0233346
DE80A 1999 06 2 0.0129475
DE80A 1999 07 2 0.875468
DE80A 1999 08 5 0.660458
DE80A 1999 09 4 0.858009
DE80A 2000 05 4 0.186188
DE80A 2000 06 4 0.189465
DE80A 2000 07 2 0.0362703
DE80A 2002 04 2 0.0628326
DE80A 2002 07 2 0.0230122
DE80A 2002 09 3 0.245359
DE80A 2003 03 4 5.20754
DE80A 2003 04 2 0.197839
DE80A 2003 05 3 0.297987
DE80A 2003 06 3 1.02586
DE80A 2003 07 5 0.0778141
DE80A 2003 08 5 2.53704
DE80A 2004 03 2 0.152356
DE80A 2004 04 3 5.71757
DE80A 2004 08 3 1.40449
DE80A 2005 04 3 1.61208
DE80A 2005 05 2 0.0118685
DE80A 2005 07 2 0.0265942
DE80A 2005 08 2 0.0038328
DE80A 2006 06 2 0.479608
DE80A 2006 07 2 4.46203
DE80A 2006 09 2 0.0357555
DE80A 2006 12 2 0.00129629
DE80B 1998 04 2 0.0122205
DE80B 1998 05 4 6.1691
DE80B 1998 06 2 0.0108829
DE80B 1998 08 2 0.186051
DE80B 1999 05 3 0.699003
DE80B 1999 07 3 1.28459
DE80B 1999 08 4 0.278282
DE80B 1999 09 2 0.114283
DE80B 2000 05 4 0.340082
DE80B 2000 06 4 6.52678
DE80B 2001 07 2 0.366248
DE80B 2002 09 2 1.0475
DE80B 2002 10 2 0.0138757
DE80B 2003 03 3 1.72783
DE80B 2003 04 3 0.697889
DE80B 2003 05 5 0.861286
DE80B 2003 06 5 6.17959
DE80B 2003 07 3 0.0903816
DE80B 2003 08 3 3.55768
DE80B 2004 05 2 0.064241
DE80B 2004 06 2 0.0342194
DE80B 2005 04 2 0.234832
DE80B 2005 06 3 0.0270552
DE80B 2005 07 4 26.4083
DE80B 2006 07 4 1.34584
DE80C 1999 05 2 0.246646
DE80C 1999 08 2 0.610115
DE80C 2000 05 2 0.0585376
DE80C 2000 06 2 0.138162
DE80C 2001 05 2 0.0433701
DE80C 2001 07 2 0.00507987
DE80C 2003 04 2 0.0212985
DE80C 2003 05 2 0.516515
DE80C 2006 07 2 0.195911
DE80E 2006 07 2 0.0546862
DE80F 1998 02 3 0.0115634
DE80F 1998 03 3 0.356959
DE80F 2000 06 2 0.0494708
DE80F 2003 04 2 0.438969
DE80F 2005 04 2 0.0124384
DE80F 2006 05 2 0.7044
DE80G 1998 05 2 0.0810525
DE80G 1998 06 2 0.0124936
DE80G 1999 05 2 0.454048
DE80G 1999 06 2 0.0144718
DE80G 1999 07 2 0.0491058
DE80G 1999 08 2 0.218262
DE80G 2000 06 2 4.57853
DE80G 2001 07 2 0.00994532
DE80G 2003 03 4 0.218563
DE80G 2003 04 2 0.0530992
DE80G 2003 08 2 0.082021
DE80G 2004 04 2 3.7687
DE80G 2006 07 2 0.595487
DE80H 2006 05 2 0.00275206
DE80I 1998 03 4 1.75521
DE80I 1998 05 2 0.32385
DE80I 1998 06 2 1.81842
DE80I 1998 07 2 0.0137361
DE80I 1999 05 2 0.111423
DE80I 1999 07 5 7.14531
DE80I 1999 09 2 0.0626575
DE80I 2000 04 2 2.10194
DE80I 2000 05 5 0.674004
DE80I 2000 06 3 0.0870637
DE80I 2001 06 2 0.101152
DE80I 2001 07 2 0.36813
DE80I 2001 08 2 0.0274864
DE80I 2002 05 2 0.333726
DE80I 2002 06 2 0.056328
DE80I 2002 07 2 0.0598985
DE80I 2002 08 2 0.373947
DE80I 2003 04 2 1.75364
DE80I 2003 05 4 0.0815032
DE80I 2003 06 2 0.657489
DE80I 2003 07 2 0.000826836
DE80I 2003 08 3 0.0399417
DE80I 2004 06 2 0.0633558
DE80I 2005 04 3 0.109054
DE80I 2005 07 2 0.0724066
DE80I 2006 05 2 0.00664149
DE80I 2006 07 4 0.898445
DE914 1997 03 3 1.12507
DE914 1997 04 2 1.45505
DE914 1997 06 2 2.70526
DE914 1997 08 2 0.0144279
DE914 1997 09 2 0.0775638
DE914 1997 10 2 0.0236429
DE914 1998 05 2 0.26486
DE914 1998 08 2 0.0590055
DE914 1999 06 2 0.114355
DE914 1999 07 2 7.68877
DE914 1999 08 2 71.1464
DE914 2000 04 3 0.070028
DE914 2000 05 3 0.634925
DE914 2000 06 3 1.61238
DE914 2001 05 2 0.237401
DE914 2001 06 2 0.0136104
DE914 2001 07 2 0.0575684
DE914 2006 05 2 1.4171
DE914 2006 07 2 0.394719
DE914 2006 08 3 0.0419915
DE929 1999 08 2 0.134372
DE931 1997 06 2 1.60323
DE931 1997 08 3 1.3058
DE931 1998 05 2 0.0625338
DE931 1999 05 3 0.348091
DE931 1999 07 3 19.3027
DE931 1999 08 3 2.99612
DE931 1999 09 2 0.00922925
DE931 2000 01 2 0.0133317
DE931 2000 03 2 0.24831
DE931 2000 04 3 0.449486
DE931 2000 05 3 2.40449
DE931 2000 06 3 6.57306
DE931 2000 07 3 0.0212722
DE931 2000 08 4 2.23982
DE931 2001 04 2 0.0122931
DE931 2001 05 4 0.0440292
DE931 2001 07 2 0.0680228
DE931 2001 08 2 4.95695
DE931 2003 02 2 0.0127625
DE931 2003 03 2 0.133336
DE931 2003 04 2 1.05994
DE931 2003 05 2 0.011478
DE931 2003 06 4 0.157364
DE931 2003 07 4 0.255526
DE931 2003 08 4 44.8629
DE931 2003 09 2 0.0325665
DE931 2004 04 4 1.79196
DE931 2004 05 4 4.33451
DE931 2004 08 2 0.0253236
DE931 2006 07 3 0.0982011
DE931 2006 09 2 0.0590709
DE934 1997 02 2 0.053488
DE934 1997 04 3 0.0122629
DE934 1997 07 2 0.00854085
DE934 1997 08 4 11.679
DE934 1998 08 3 0.0186057
DE934 1999 05 4 1.13223
DE934 1999 07 3 3.0427
DE934 1999 08 3 1.19919
DE934 2000 05 2 0.14201
DE934 2000 06 2 6.77506
DE934 2001 05 2 0.48071
DE934 2001 07 3 0.750113
DE934 2002 04 3 2.33416
DE934 2002 08 2 0.481334
DE934 2003 03 2 0.0181092
DE934 2003 04 2 0.0412503
DE934 2003 08 2 24.2343
DE934 2004 03 2 0.0258076
DE934 2004 04 2 0.0873437
DE934 2004 08 3 0.650876
DE934 2005 04 3 2.54042
DE934 2005 05 2 0.103177
DE934 2005 06 2 0.0466162
DE934 2006 03 2 0.0625698
DE934 2006 05 4 0.233363
DE934 2006 07 4 10.4623
DE934 2006 08 4 1.22632
DE934 2006 09 4 0.112346
DE935 1997 08 2 0.0374174
DE935 1999 04 2 0.132748
DE935 1999 06 2 0.590921
DE935 1999 08 3 0.480582
DE935 2000 06 2 0.581111
DE935 2001 05 2 0.398454
DE935 2003 04 2 8.24594
DE935 2003 06 2 1.80451
DE935 2003 08 2 0.216407
DE935 2004 06 2 0.0549052
DE935 2005 04 3 0.0238666
DE935 2005 05 2 0.0188617
DE935 2006 05 2 0.0286927
DE935 2006 07 2 9.30116
DE938 1997 03 2 0.0103758
DE938 1997 04 5 1.31202
DE938 1997 05 2 0.0149123
DE938 1997 06 2 3.33438
DE938 1997 08 2 0.251811
DE938 1998 03 2 0.0277528
DE938 1998 05 4 0.516757
DE938 1998 08 4 0.208314
DE938 1999 05 2 0.280065
DE938 1999 06 2 0.383454
DE938 1999 07 2 0.191854
DE938 1999 08 3 0.654685
DE938 1999 09 3 0.317629
DE938 2000 06 5 2.81433
DE938 2001 07 2 0.00670705
DE938 2002 05 2 0.123305
DE938 2003 04 4 0.280185
DE938 2003 08 4 6.74294
DE938 2006 05 3 0.0121939
DE938 2006 07 3 12.2488
DE93A 1997 08 2 0.702841
DE93A 1999 05 2 0.00540042
DE93A 1999 06 2 0.00653189
DE93A 1999 07 2 0.181309
DE93A 1999 08 5 0.256201
DE93A 2000 06 5 1.97055
DE93A 2001 05 2 0.017448
DE93A 2003 04 2 0.28726
DE93A 2003 07 2 0.474907
DE93A 2003 08 2 0.843261
DE93A 2005 04 3 0.304365
DE93A 2005 05 2 0.0339441
DED21 1997 08 2 0.253085
DED21 2000 04 2 0.114665
DED21 2003 04 2 0.258997
DED21 2003 08 2 4.46849
DED21 2004 03 2 3.29115
DED21 2004 04 3 5.13012
DED21 2005 04 2 0.536455
DED21 2006 05 2 0.005434
DED23 1997 08 3 0.30242
DED23 1998 03 2 0.388989
DED23 1998 05 4 0.43077
DED23 1998 06 2 0.504292
DED23 1999 05 2 0.160711
DED23 2000 04 3 3.01926
DED23 2000 06 4 0.319202
DED23 2001 05 3 10.3867
DED23 2001 10 2 0.0726843
DED23 2003 05 2 0.161491
DED23 2003 06 2 0.143094
DED23 2003 09 2 0.135463
DED23 2004 06 2 0.100591
DED23 2006 05 4 0.739174
DED23 2006 07 4 3.83439
DED23 2006 09 2 0.0137721
DED24 1997 06 2 0.252896
DED24 1998 05 2 0.100989
DED24 1998 06 2 0.382121
DED24 1999 09 2 0.126216
DED24 2000 05 2 0.242541
DED24 2003 04 3 0.570636
DED24 2003 09 2 1.84664
DED24 2004 04 2 0.307471
DED24 2004 09 2 0.145068
DED24 2006 06 2 0.104444
DED24 2006 07 5 0.321362
DED25 1998 04 2 0.115546
DED25 1998 05 2 0.312927
DED25 1999 05 2 0.111096
DED25 2003 06 2 0.0768261
DED25 2003 08 2 0.180272
DED25 2006 05 3 1.21904
DED25 2006 06 2 0.0945421
DED25 2006 07 5 0.705429
DED26 1997 03 2 3.99052
DED26 1997 08 2 0.73095
DED26 1998 04 3 0.374925
DED26 1998 05 3 0.205434
DED26 1998 06 2 0.5111
DED26 1999 04 3 0.214592
DED26 1999 05 2 0.194548
DED26 1999 07 3 0.806945
DED26 1999 08 5 2.82741
DED26 1999 09 2 0.262458
DED26 2000 04 2 0.60151
DED26 2000 05 2 0.142058
DED26 2000 06 2 6.84393
DED26 2000 08 2 0.214761
DED26 2001 04 3 11.2901
DED26 2001 05 2 0.189251
DED26 2001 06 3 0.906672
DED26 2002 04 2 0.221443
DED26 2002 06 2 0.14556
DED26 2002 08 2 0.228415
DED26 2003 03 2 0.114683
DED26 2003 04 3 1.34217
DED26 2003 05 2 0.0907367
DED26 2003 06 3 0.62783
DED26 2003 07 2 0.0771069
DED26 2004 09 2 0.129658
DED26 2005 05 2 5.21696
DED26 2006 05 2 0.0182579
DED26 2006 06 2 0.0963297
DED26 2006 07 2 2.0547
DED26 2006 08 2 3.82518
DED27 1997 08 2 2.86829
DED27 1998 06 3 1.88948
DED27 1998 08 4 0.41976
DED27 1999 09 4 0.595311
DED27 2000 05 2 0.149835
DED27 2000 06 2 1.72813
DED27 2000 08 2 0.259475
DED27 2001 05 2 0.557365
DED27 2002 07 2 0.220405
DED27 2003 04 2 0.446612
DED27 2003 06 4 1.10899
DED27 2003 08 3 0.541212
DED27 2005 10 2 0.58291
DED27 2006 07 5 1.23316
DED27 2006 09 3 0.323688
DED29 1997 04 2 0.20688
DED29 2000 04 2 0.24042
DED29 2000 05 3 2.19254
DED29 2000 06 3 1.82032
DED29 2001 05 2 0.0986487
DED29 2003 03 2 0.753096
DED29 2003 04 2 0.144701
DED29 2003 05 3 0.560856
DED29 2003 08 2 0.0770683
DED29 2003 11 2 0.142614
DED29 2004 04 4 1.01769
DED2B 1997 03 2 0.116037
DED2B 1997 04 2 0.169689
DED2B 1997 05 2 0.297139
DED2B 1997 06 4 0.493026
DED2B 1997 08 3 0.246718
DED2B 1998 02 3 0.630126
DED2B 1998 03 2 0.177402
DED2B 1998 04 2 5.46313
DED2B 1998 05 2 16.2896
DED2B 1998 06 5 2.0749
DED2B 1998 07 2 0.055965
DED2B 1998 08 2 0.517535
DED2B 1999 01 3 0.651836
DED2B 1999 05 5 1.97552
DED2B 1999 06 3 0.209322
DED2B 1999 08 4 0.668013
DED2B 1999 09 4 2.1701
DED2B 2000 04 4 0.713649
DED2B 2000 05 4 1.35749
DED2B 2000 06 5 3.2382
DED2B 2000 08 5 1.88483
DED2B 2000 09 2 0.610932
DED2B 2001 05 3 7.81618
DED2B 2001 06 2 0.115125
DED2B 2001 08 3 0.498082
DED2B 2002 04 2 0.148961
DED2B 2002 08 2 0.0888162
DED2B 2003 03 2 0.182493
DED2B 2003 04 2 5.22992
DED2B 2003 05 2 1.86919
DED2B 2003 06 4 1.32358
DED2B 2003 07 4 3.45575
DED2B 2003 08 4 1.49059
DED2B 2004 04 2 0.589548
DED2B 2004 08 2 0.232822
DED2B 2005 04 2 0.148086
DED2B 2005 05 2 0.386313
DED2B 2005 06 2 0.0743807
DED2B 2005 07 2 0.0906226
DED2B 2006 04 2 0.881046
DED2B 2006 05 4 1.25262
DED2B 2006 06 4 1.41982
DED2B 2006 07 4 8.96515
DED2B 2006 09 4 0.972114
DED32 1997 06 2 0.066724
DED32 1997 09 2 0.100952
DED32 1998 03 3 2.24013
DED32 1998 05 2 1.09135
DED32 1999 09 2 0.0837674
DED32 2000 04 2 0.136388
DED32 2002 09 2 5.26359
DED32 2003 05 2 0.4533
DED32 2003 07 4 1.0124
DED32 2003 08 3 0.117092
DED32 2006 06 3 0.334475
DED32 2006 07 2 0.109329
DED33 2003 04 3 0.191327
DED34 2006 07 2 0.533976
DED35 1998 08 2 0.312237
DED35 2003 04 2 0.141438
DED35 2003 07 2 0.121361
DED35 2003 08 2 0.284935
DED35 2004 03 2 0.0913461
DED35 2005 04 2 0.130941
DED36 1997 04 2 0.207522
DED36 1997 06 2 0.108787
DED36 1997 07 2 0.27671
DED36 1998 04 2 1.38171
DED36 1999 01 2 1.345
DED36 1999 05 3 0.585607
DED36 1999 09 4 3.27065
DED36 2000 06 4 6.63326
DED36 2000 08 3 0.154258
DED36 2003 04 2 0.456495
DED36 2003 06 2 0.388767
DED36 2003 08 2 0.512885
DED36 2004 06 2 0.127512
DED36 2005 07 2 0.121842
DED36 2006 05 2 0.119961
DED36 2006 06 2 0.0404087
DED36 2006 07 5 0.169903
DED36 2006 09 2 0.983754
DEE11 1998 04 2 0.223191
DEE11 1998 05 2 1.86674
DEE11 1998 08 2 0.0152543
DEE11 1999 01 2 0.0235164
DEE11 2000 06 2 2.89473
DEE11 2003 04 4 1.57731
DEE11 2006 07 2 0.117525
DEE12 1997 02 3 0.231001
DEE12 1997 03 3 0.604553
DEE12 1997 04 2 0.103617
DEE12 1997 05 2 0.0119643
DEE12 1997 07 3 4.12179
DEE12 1997 08 5 1.59166
DEE12 1997 10 2 0.0257824
DEE12 1998 02 2 0.144417
DEE12 1998 04 2 0.0818692
DEE12 1998 05 5 0.794997
DEE12 1998 06 2 0.0734727
DEE12 1998 07 4 0.388026
DEE12 1998 08 2 0.0907816
DEE12 1999 07 3 0.329947
DEE12 1999 08 2 0.35352
DEE12 2000 04 2 0.120786
DEE12 2000 05 2 2.14494
DEE12 2000 06 3 0.296314
DEE12 2000 07 2 0.129067
DEE12 2003 04 3 4.8146
DEE12 2003 06 3 1.38898
DEE12 2003 07 3 0.310361
DEE12 2003 08 3 5.52269
DEE12 2004 08 2 0.161956
DEE12 2005 03 2 0.240358
DEE12 2005 04 5 0.926897
DEE12 2005 07 2 0.311955
DEE12 2005 09 2 0.0149459
DEE12 2006 07 3 0.159899
DEE14 1998 05 2 1.11094
DEE14 1998 06 2 0.181003
DEE14 1999 08 3 0.689218
DEE14 1999 09 2 0.124317
DEE14 2000 04 4 3.02489
DEE14 2000 06 2 0.0107565
DEE14 2003 03 2 2.35514
DEE14 2006 07 2 0.115789
DEE15 1997 07 2 4.27953
DEE15 1998 05 2 0.0405324
DEE15 1999 08 2 0.120235
DEE15 2003 04 2 0.120802
DEE15 2006 07 2 0.0964115
DEE16 1997 03 2 0.105185
DEE16 1997 04 3 0.114523
DEE16 1997 05 2 0.0595656
DEE16 1997 06 5 0.933825
DEE16 1997 07 5 3.65591
DEE16 1997 08 5 0.830069
DEE16 1997 09 3 0.860564
DEE16 1998 03 2 0.0468267
DEE16 1998 05 2 2.86336
DEE16 1998 06 4 0.29809
DEE16 1998 07 2 0.01628
DEE16 1998 08 5 1.79385
DEE16 1999 04 3 0.0416982
DEE16 1999 05 2 0.0547796
DEE16 1999 06 2 0.271486
DEE16 1999 07 2 1.64186
DEE16 1999 08 2 6.18182
DEE16 1999 09 2 0.780338
DEE16 2000 03 3 0.191453
DEE16 2000 04 3 0.53359
DEE16 2000 05 3 2.00222
DEE16 2000 06 3 3.40116
DEE16 2000 07 3 0.266605
DEE16 2000 08 3 0.575968
DEE16 2000 09 4 0.0423111
DEE16 2000 11 2 0.0104104
DEE16 2001 05 3 0.170244
DEE16 2001 06 3 0.13566
DEE16 2001 07 2 0.156092
DEE16 2001 08 4 0.232879
DEE16 2002 04 3 0.219669
DEE16 2002 06 2 0.0256368
DEE16 2002 09 2 0.322578
DEE16 2003 03 2 0.191872
DEE16 2003 04 2 0.553233
DEE16 2003 06 2 0.0720545
DEE16 2003 07 2 1.0506
DEE16 2003 08 2 4.34185
DEE16 2003 09 5 0.532369
DEE16 2004 04 3 0.0647592
DEE16 2004 08 2 0.0679098
DEE16 2005 03 2 0.113437
DEE16 2005 05 2 0.0667368
DEE16 2005 06 5 0.167472
DEE16 2005 07 3 0.106248
DEE16 2005 09 2 0.0411956
DEE16 2006 04 2 0.0272986
DEE16 2006 05 3 0.108034
DEE16 2006 06 3 0.524558
DEE16 2006 07 3 4.54519
DEE16 2006 08 2 0.0180989
DEE21 2006 07 2 3.10481
DEE22 2006 07 3 0.246393
DEE23 2006 07 3 1.1976
DEE24 2003 04 2 11.1331
DEE25 2003 07 2 0.173179
DEE31 1998 05 2 0.109622
DEE34 1998 05 2 0.0115683
DEE34 2006 08 2 0.0113253
DEE35 1997 04 3 0.167918
DEE35 1997 05 2 0.0149403
DEE35 1997 06 2 2.44445
DEE35 1997 07 3 0.238979
DEE35 1997 08 3 0.712391
DEE35 1997 09 5 0.130796
DEE35 1997 10 2 0.00758527
DEE35 1998 01 2 0.127025
DEE35 1998 03 2 0.0506172
DEE35 1998 05 2 1.24227
DEE35 1998 06 3 1.04576
DEE35 1998 07 3 0.582074
DEE35 1998 08 3 0.930211
DEE35 1999 05 3 0.242172
DEE35 1999 06 3 0.241305
DEE35 1999 07 3 6.01954
DEE35 1999 08 3 27.4575
DEE35 1999 09 3 0.208208
DEE35 2000 04 3 0.264535
DEE35 2000 05 3 0.938722
DEE35 2000 06 3 9.6277
DEE35 2000 07 2 0.0214432
DEE35 2000 08 2 0.014036
DEE35 2001 04 3 0.060252
DEE35 2001 05 3 0.770362
DEE35 2001 06 3 0.207715
DEE35 2001 07 3 1.32583
DEE35 2001 08 3 0.484493
DEE35 2001 09 2 0.00527913
DEE35 2002 04 2 3.59771
DEE35 2002 06 2 0.0554321
DEE35 2002 08 3 0.132526
DEE35 2002 09 5 0.127329
DEE35 2003 03 5 0.408988
DEE35 2003 04 5 0.175652
DEE35 2003 05 5 0.272768
DEE35 2003 06 5 1.10635
DEE35 2003 07 5 0.380752
DEE35 2003 08 5 2.53609
DEE35 2003 09 3 0.270074
DEE35 2004 03 2 0.0633297
DEE35 2004 04 3 0.185134
DEE35 2004 05 3 0.14625
DEE35 2004 07 2 0.0833456
DEE35 2004 08 2 0.653561
DEE35 2004 09 2 0.22263
DEE35 2005 04 3 0.975154
DEE35 2005 06 5 0.354212
DEE35 2005 07 5 0.213559
DEE35 2005 09 5 1.15642
DEE35 2006 05 2 0.109244
DEE35 2006 06 2 0.133757
DEE35 2006 07 5 0.721473
DEE35 2006 09 2 0.36925
DEE36 1997 04 2 0.00841795
DEE36 1997 05 3 0.319145
DEE36 1997 06 3 2.11405
DEE36 1997 07 2 0.049228
DEE36 1998 02 2 0.0138559
DEE36 1998 06 2 0.00578301
DEE36 1999 07 3 1.31821
DEE36 1999 08 2 0.221082
DEE36 1999 09 2 0.0368969
DEE36 2000 04 2 0.0176756
DEE36 2000 05 2 0.0113079
DEE36 2001 06 2 0.0108583
DEE36 2002 06 3 0.0151493
DEE36 2003 03 2 0.0739944
DEE36 2003 04 3 0.0301578
DEE36 2003 06 5 0.304463
DEE36 2003 07 5 0.168137
DEE36 2004 04 2 0.115038
DEE36 2005 05 2 0.197742
DEE36 2005 06 4 2.019
DEE36 2006 06 3 3.30222
DEE36 2006 07 3 1.59515
DEE37 1997 06 4 1.04253
DEE37 1997 07 4 0.547806
DEE37 1997 08 2 0.00515987
DEE37 1997 09 4 0.0818133
DEE37 1998 03 2 2.22698
DEE37 1998 04 5 5.21646
DEE37 1998 05 3 0.298922
DEE37 1998 06 2 0.286365
DEE37 1998 08 3 0.0472616
DEE37 1998 09 2 0.0325542
DEE37 1999 04 2 0.0948218
DEE37 1999 05 3 0.0583151
DEE37 1999 07 3 0.35382
DEE37 1999 08 2 0.28186
DEE37 1999 09 4 0.315563
DEE37 2000 02 2 0.418523
