ITF65 1998 08 2 412.253
ITF65 1998 09 2 440.413
ITF65 1998 10 2 9.4068
ITF65 1998 11 3 10.8258
ITF65 1999 03 3 10.7212
ITF65 1999 05 3 13.744
ITF65 1999 06 3 156.654
ITF65 1999 07 3 209.601
ITF65 1999 08 104 1626.76
ITF65 1999 09 104 22.6397
ITF65 1999 10 104 472.942
ITF65 1999 11 3 28.2361
ITF65 2000 02 2 2.08302
ITF65 2000 03 2 35.382
ITF65 2000 04 2 29.859
ITF65 2000 06 2 52.7662
ITF65 2000 07 2 1056.65
ITF65 2000 08 102 1847.1
ITF65 2000 09 102 188.739
ITF65 2000 10 2 1.83298
ITF65 2000 11 2 29.135
ITF65 2000 12 2 1.86032
ITF65 2001 01 2 4.32452
ITF65 2001 03 2 23.1153
ITF65 2001 04 2 11.5146
ITF65 2001 05 2 2.09374
ITF65 2001 06 2 207.821
ITF65 2001 07 2 520.844
ITF65 2001 08 90 1367.25
ITF65 2001 09 90 125.639
ITF65 2001 10 90 966.722
ITF65 2001 11 90 41.9881
ITF65 2002 01 2 0.32631
ITF65 2002 02 2 37.1964
ITF65 2002 03 2 1639.91
ITF65 2002 04 5 6.63374
ITF65 2002 05 5 36.3165
ITF65 2002 06 5 361.356
ITF65 2002 07 101 566.43
ITF65 2002 08 101 409.672
ITF65 2002 09 101 71.75
ITF65 2002 10 3 1.67982
ITF65 2002 11 3 14.9745
ITF65 2003 05 3 33.1075
ITF65 2003 06 3 412.096
ITF65 2003 07 200 1362.91
ITF65 2003 08 116 818.058
ITF65 2003 09 116 115.661
ITF65 2003 10 116 85.2315
ITF65 2004 02 5 16.2538
ITF65 2004 03 4 6.7768
ITF65 2004 04 5 17.6472
ITF65 2004 05 5 5.16912
ITF65 2004 06 5 105.189
ITF65 2004 07 91 1103.33
ITF65 2004 08 157 2132.89
ITF65 2004 09 157 203.477
ITF65 2004 10 157 58.5888
ITF65 2004 11 157 28.2978
ITF65 2004 12 3 8.5658
ITF65 2005 01 2 0.759419
ITF65 2005 03 2 107.468
ITF65 2005 05 2 83.8019
ITF65 2005 06 2 75.3105
ITF65 2005 07 95 2192.85
ITF65 2005 08 95 829.166
ITF65 2005 09 95 202.316
ITF65 2005 11 3 4.08047
ITF65 2006 03 2 0.43364
ITF65 2006 04 2 36.6571
ITF65 2006 05 2 352.42
ITF65 2006 06 2 1911.24
ITF65 2006 07 2 315.667
ITF65 2006 08 93 2850.95
ITF65 2006 09 93 295.532
ITF65 2006 10 93 16.5229
ITG11 1986 06 2 64.6339
ITG11 1986 07 4 180.198
ITG11 1986 08 5 152.266
ITG11 1986 09 5 49.3115
ITG11 1987 04 2 6.17205
ITG11 1987 07 2 24.8695
ITG11 1987 08 2 26.8954
ITG11 1987 09 5 19.1464
ITG11 1987 10 4 56.533
ITG11 1988 05 2 2.13768
ITG11 1988 06 3 10.3698
ITG11 1988 07 3 827.871
ITG11 1988 08 5 14.5448
ITG11 1988 09 4 81.2922
ITG11 1988 10 3 1.08599
ITG11 1989 04 2 10.4256
ITG11 1989 06 3 16.0962
ITG11 1989 07 3 442.746
ITG11 1989 08 3 844.553
ITG11 1989 09 2 59.42
ITG11 1989 10 3 4.92827
ITG11 1990 06 3 1.72133
ITG11 1990 07 4 69.6497
ITG11 1990 08 4 111.198
ITG11 1990 09 3 246.416
ITG11 1990 10 3 253.64
ITG11 1990 11 2 2.96898
ITG11 1991 06 3 4.00024
ITG11 1991 07 5 48.0516
ITG11 1991 08 5 107.588
ITG11 1992 07 4 11.2365
ITG11 1992 08 4 220.012
ITG11 1992 09 4 45.4568
ITG11 1992 12 2 1.03329
ITG11 1993 04 2 0.0833515
ITG11 1993 05 2 1.38141
ITG11 1993 06 5 35.982
ITG11 1993 07 5 672.831
ITG11 1993 08 5 848.84
ITG11 1993 09 5 72.7474
ITG11 1993 10 3 17.1384
ITG11 1994 05 2 1.39499
ITG11 1994 06 4 29.2295
ITG11 1994 07 5 78.9558
ITG11 1994 08 5 161.555
ITG11 1994 09 5 273.908
ITG11 1994 10 5 164.165
ITG11 1995 05 2 14.0501
ITG11 1995 06 2 368.8
ITG11 1995 07 2 92.3144
ITG11 1995 08 2 232.624
ITG11 1995 09 3 8.88965
ITG11 1995 10 3 0.724443
ITG11 1995 11 2 1.11551
ITG11 1996 06 2 0.57447
ITG11 1996 07 2 2083.62
ITG11 1996 08 2 458.109
ITG11 1996 09 2 202.925
ITG11 1996 11 4 29.3619
ITG11 1997 05 4 49.5267
ITG11 1997 06 4 533.395
ITG11 1997 07 4 770.212
ITG11 1997 08 4 12.5447
ITG11 1997 09 2 6.54611
ITG11 1998 05 2 1.23604
ITG11 1998 06 2 481.451
ITG11 1998 07 2 237.174
ITG11 1998 08 2 319.352
ITG11 1998 09 2 24.8982
ITG11 1999 04 2 6.90808
ITG11 1999 05 5 6.47868
ITG11 1999 06 5 136.409
ITG11 1999 07 5 163.266
ITG11 1999 08 5 761.502
ITG11 1999 09 5 138.579
ITG11 1999 10 5 90.1846
ITG11 1999 11 2 0.327191
ITG11 2000 05 2 121.277
ITG11 2000 06 2 184.706
ITG11 2000 07 2 666.661
ITG11 2000 08 2 618.785
ITG11 2000 09 2 226.994
ITG11 2001 03 3 11.5299
ITG11 2001 05 3 52.5606
ITG11 2001 06 3 78.6415
ITG11 2001 07 3 374.644
ITG11 2001 08 3 537.312
ITG11 2001 09 3 115.157
ITG11 2001 10 3 216.913
ITG11 2001 11 3 31.5192
ITG11 2002 02 2 1.08592
ITG11 2002 03 2 37.8952
ITG11 2002 04 3 12.8461
ITG11 2002 05 3 22.3376
ITG11 2002 06 3 27.5237
ITG11 2002 07 3 95.6246
ITG11 2002 08 3 112.998
ITG11 2002 09 5 1.88472
ITG11 2002 10 4 3.14462
ITG11 2003 03 3 6.77511
ITG11 2003 05 2 0.767951
ITG11 2003 06 2 219.787
ITG11 2003 07 2 676.538
ITG11 2003 08 2 869.766
ITG11 2003 09 4 19.6332
ITG11 2003 10 2 0.200474
ITG11 2004 02 2 0.131
ITG11 2004 03 2 5.3516
ITG11 2004 04 2 0.2971
ITG11 2004 05 2 2.79358
ITG11 2004 06 2 85.4267
ITG11 2004 07 2 502.989
ITG11 2004 08 2 1611.13
ITG11 2004 09 2 134.079
ITG11 2004 10 3 3.28249
ITG11 2004 12 2 2.85791
ITG11 2005 03 4 1.77875
ITG11 2005 05 4 26.6312
ITG11 2005 06 4 10.4016
ITG11 2005 07 4 228.987
ITG11 2005 08 4 108.88
ITG11 2005 09 4 74.346
ITG11 2006 02 2 1.31257
ITG11 2006 04 2 1.15022
ITG11 2006 05 2 19.9399
ITG11 2006 06 2 865.912
ITG11 2006 07 2 204.597
ITG11 2006 08 2 858.452
ITG11 2006 09 2 129.409
ITG11 2006 10 2 3.83813
ITG12 1986 04 2 43.7595
ITG12 1986 05 2 16.1928
ITG12 1986 06 3 3.39076
ITG12 1986 07 3 477.182
ITG12 1986 08 3 974.272
ITG12 1986 09 3 106.748
ITG12 1986 10 4 3.50631
ITG12 1987 04 3 5.2355
ITG12 1987 07 3 1872.1
ITG12 1987 08 3 2005.32
ITG12 1987 09 3 1935.68
ITG12 1988 05 5 45.492
ITG12 1988 06 2 5.27651
ITG12 1988 07 2 671.539
ITG12 1988 08 2 394.893
ITG12 1988 09 2 259.7
ITG12 1988 10 2 2.066
ITG12 1989 03 2 5.09664
ITG12 1989 04 4 5.74548
ITG12 1989 05 2 0.784344
ITG12 1989 06 5 21.5928
ITG12 1989 07 5 98.6624
ITG12 1989 08 5 360.873
ITG12 1989 09 5 105.884
ITG12 1989 12 3 1.06109
ITG12 1990 04 3 3.64472
ITG12 1990 05 4 31.763
ITG12 1990 06 4 66.7921
ITG12 1990 07 4 1243.33
ITG12 1990 08 4 185.568
ITG12 1990 09 4 1178.61
ITG12 1990 10 4 18.095
ITG12 1991 03 2 128.686
ITG12 1991 06 2 1.38703
ITG12 1991 07 2 778.626
ITG12 1991 08 2 264.205
ITG12 1991 09 2 254.475
ITG12 1991 10 3 4.32977
ITG12 1992 02 3 1.80108
ITG12 1992 03 3 9.89676
ITG12 1992 04 3 103.068
ITG12 1992 05 3 2.04048
ITG12 1992 06 3 4.21833
ITG12 1992 07 3 87.9498
ITG12 1992 08 3 409.945
ITG12 1992 09 3 309.655
ITG12 1992 10 3 436.437
ITG12 1992 11 4 17.0155
ITG12 1993 02 2 2.75846
ITG12 1993 03 2 3.79953
ITG12 1993 04 2 2.61443
ITG12 1993 05 2 0.551252
ITG12 1993 06 2 149.789
ITG12 1993 07 2 1283.48
ITG12 1993 08 2 845.431
ITG12 1993 09 2 1335.5
ITG12 1993 10 2 630.39
ITG12 1994 03 3 4.32336
ITG12 1994 04 3 5.76106
ITG12 1994 05 3 32.1828
ITG12 1994 06 3 1093.86
ITG12 1994 07 3 905.778
ITG12 1994 08 3 5806.11
ITG12 1994 09 3 289.61
ITG12 1994 10 3 10.5788
ITG12 1994 11 2 0.443493
ITG12 1995 01 2 0.398841
ITG12 1995 03 4 2.28183
ITG12 1995 04 2 0.575955
ITG12 1995 05 2 16.5286
ITG12 1995 06 2 38.1777
ITG12 1995 07 2 145.05
ITG12 1995 08 2 161.422
ITG12 1995 09 2 105.72
ITG12 1996 03 2 0.746435
ITG12 1996 04 4 10.4389
ITG12 1996 06 4 11.4679
ITG12 1996 07 4 1900.83
ITG12 1996 08 4 395.834
ITG12 1996 09 4 75.3059
ITG12 1996 10 5 2.28882
ITG12 1996 11 5 6.40806
ITG12 1996 12 2 4.13817
ITG12 1997 01 2 0.0689445
ITG12 1997 02 2 2.21962
ITG12 1997 03 2 1.33295
ITG12 1997 04 5 5.48305
ITG12 1997 05 5 75.3936
ITG12 1997 06 5 2182.95
ITG12 1997 07 5 2995.34
ITG12 1997 08 5 342.583
ITG12 1997 09 5 20.0924
ITG12 1997 10 2 0.0374214
ITG12 1998 04 2 8.95085
ITG12 1998 05 2 31.9292
ITG12 1998 06 2 1157.17
ITG12 1998 07 2 8247.74
ITG12 1998 08 2 735.022
ITG12 1998 09 2 322.516
ITG12 1998 10 5 16.328
ITG12 1998 11 3 23.9968
ITG12 1999 01 2 57.7535
ITG12 1999 03 3 4.04312
ITG12 1999 04 3 12.4286
ITG12 1999 05 3 12.1548
ITG12 1999 06 3 331.818
ITG12 1999 07 3 863.341
ITG12 1999 08 3 2508.73
ITG12 1999 09 3 245.71
ITG12 1999 10 3 625.415
ITG12 1999 11 5 35.6441
ITG12 2000 02 4 2.71048
ITG12 2000 03 4 3.07613
ITG12 2000 04 4 7.87425
ITG12 2000 05 4 9.5053
ITG12 2000 06 4 56.2943
ITG12 2000 07 4 2402.93
ITG12 2000 08 4 3702.85
ITG12 2000 09 4 940.808
ITG12 2000 10 3 2.08617
ITG12 2000 11 2 13.1519
ITG12 2000 12 3 0.097902
ITG12 2001 01 5 16.4226
ITG12 2001 03 5 26.757
ITG12 2001 04 3 6.20331
ITG12 2001 05 4 13.2386
ITG12 2001 06 4 148.145
ITG12 2001 07 4 692.251
ITG12 2001 08 4 2118.2
ITG12 2001 09 4 60.8313
ITG12 2001 10 4 241.841
ITG12 2001 11 4 557.636
ITG12 2002 02 2 2.80044
ITG12 2002 03 2 117.868
ITG12 2002 04 4 1.7553
ITG12 2002 06 4 48.3875
ITG12 2002 07 4 70.4336
ITG12 2002 08 4 84.4735
ITG12 2002 09 2 1.41126
ITG12 2003 04 2 2.47754
ITG12 2003 05 2 0.554029
ITG12 2003 06 2 103.832
ITG12 2003 07 2 1515.98
ITG12 2003 08 2 162.808
ITG12 2003 09 2 4.25514
ITG12 2003 10 2 0.892356
ITG12 2004 02 2 2.7323
ITG12 2004 05 2 16.1508
ITG12 2004 06 2 6.91714
ITG12 2004 07 2 6568.98
ITG12 2004 08 2 1271.09
ITG12 2004 09 2 829.079
ITG12 2004 10 2 30.3995
ITG12 2004 11 2 0.328813
ITG12 2005 03 5 14.1687
ITG12 2005 05 5 39.6422
ITG12 2005 06 5 194.116
ITG12 2005 07 5 793.975
ITG12 2005 08 5 1156.79
ITG12 2005 09 5 529.887
ITG12 2005 10 3 4.92405
ITG12 2005 11 2 3.45556
ITG12 2006 01 2 1.85967
ITG12 2006 02 3 2.58409
ITG12 2006 04 3 102.033
ITG12 2006 05 3 27.6054
ITG12 2006 06 3 759.298
ITG12 2006 07 3 319.556
ITG12 2006 08 3 715.938
ITG12 2006 09 5 60.384
ITG12 2006 10 3 10.2541
ITG12 2006 11 4 28.1945
ITG13 1986 07 2 0.739869
ITG13 1986 08 2 330.346
ITG13 1986 09 5 55.0576
ITG13 1987 04 4 26.6187
ITG13 1987 05 3 5.92693
ITG13 1987 06 3 7.35146
ITG13 1987 07 3 2567.39
ITG13 1987 08 3 1179.12
ITG13 1987 09 3 835.016
ITG13 1988 07 3 476.323
ITG13 1988 08 3 1315.19
ITG13 1988 09 3 188.969
ITG13 1988 10 2 4.23472
ITG13 1989 04 2 3.50076
ITG13 1989 06 3 2.40412
ITG13 1989 07 3 64.7073
ITG13 1989 08 3 123.483
ITG13 1989 09 3 124.646
ITG13 1989 12 3 46.1617
ITG13 1990 03 3 4.16536
ITG13 1990 04 2 4.01893
ITG13 1990 05 4 119.419
ITG13 1990 06 4 57.8495
ITG13 1990 07 4 700.611
ITG13 1990 08 4 149.124
ITG13 1990 09 4 629.323
ITG13 1990 10 4 145.876
ITG13 1991 03 3 36.4846
ITG13 1991 07 3 137.568
ITG13 1991 08 3 91.5159
ITG13 1991 09 3 682.533
ITG13 1991 10 3 212.12
ITG13 1992 03 2 3.76492
ITG13 1992 04 3 10.0941
ITG13 1992 06 3 14.0305
ITG13 1992 07 3 30.0359
ITG13 1992 08 3 174.979
ITG13 1992 09 3 416.427
ITG13 1992 10 3 140.926
ITG13 1992 11 5 7.3131
ITG13 1993 02 2 0.647986
ITG13 1993 04 3 1.70744
ITG13 1993 06 5 9.0743
ITG13 1993 07 5 825.363
ITG13 1993 08 92 9449.01
ITG13 1993 09 92 267.649
ITG13 1993 10 92 696.257
ITG13 1994 06 4 10.9259
ITG13 1994 07 4 89.232
ITG13 1994 08 4 4525.83
ITG13 1994 09 4 260.601
ITG13 1995 03 2 3.27426
ITG13 1995 04 2 0.291062
ITG13 1995 05 2 0.575203
ITG13 1995 06 2 10.0664
ITG13 1995 07 2 525.304
ITG13 1995 08 2 204.776
ITG13 1995 09 2 78.3826
ITG13 1996 04 2 7.14875
ITG13 1996 06 3 6.56479
ITG13 1996 07 3 680.829
ITG13 1996 08 3 207.018
ITG13 1996 09 3 88.4103
ITG13 1996 11 3 10.9692
ITG13 1997 01 2 0.848834
ITG13 1997 03 2 0.567485
ITG13 1997 05 2 109.839
ITG13 1997 06 2 1393.02
ITG13 1997 07 2 1517.42
ITG13 1997 08 2 345.185
ITG13 1997 09 2 260.136
ITG13 1998 05 3 5.52136
ITG13 1998 06 3 823.152
ITG13 1998 07 86 4721.02
ITG13 1998 08 86 2068.13
ITG13 1998 09 86 397.994
ITG13 1998 11 2 1.65524
ITG13 1999 01 2 6.26905
ITG13 1999 03 2 16.1047
ITG13 1999 04 2 2.50828
ITG13 1999 05 4 10.9132
ITG13 1999 06 4 161.239
ITG13 1999 07 4 125.11
ITG13 1999 08 4 1340.66
ITG13 1999 09 2 0.422805
ITG13 1999 10 2 347.296
ITG13 1999 11 2 2.66732
ITG13 2000 03 2 0.574819
ITG13 2000 04 3 20.824
ITG13 2000 06 2 1.83313
ITG13 2000 07 2 411.064
ITG13 2000 08 93 2171.85
ITG13 2000 09 93 282.768
ITG13 2000 10 3 2.84085
ITG13 2001 03 3 19.4985
ITG13 2001 06 4 39.9929
ITG13 2001 07 4 298.739
ITG13 2001 08 4 409.177
ITG13 2001 09 4 163.785
ITG13 2001 10 4 93.4562
ITG13 2001 11 4 21.1551
ITG13 2002 03 4 66.8416
ITG13 2002 06 2 0.684575
ITG13 2002 07 2 140.402
ITG13 2002 08 2 31.366
ITG13 2003 06 2 66.6976
ITG13 2003 07 2 1233.96
ITG13 2003 08 2 818.233
ITG13 2003 09 3 14.939
ITG13 2003 10 3 27.5705
ITG13 2003 11 2 4.65196
ITG13 2004 07 2 100.173
ITG13 2004 08 2 1469.05
ITG13 2004 09 2 409.403
ITG13 2004 10 2 58.8748
ITG13 2004 11 3 20.3416
ITG13 2004 12 2 38.4466
ITG13 2005 05 3 16.7684
ITG13 2005 06 2 5.77435
ITG13 2005 07 2 277.189
ITG13 2005 08 2 493.045
ITG13 2005 09 2 209.707
ITG13 2006 05 2 63.9021
ITG13 2006 06 2 80.2612
ITG13 2006 07 2 250.546
ITG13 2006 08 2 328.937
ITG13 2006 09 2 408.915
ITG13 2006 11 2 1.5096
ITG14 1986 06 4 97.8826
ITG14 1986 07 4 165.365
ITG14 1986 08 4 86.682
ITG14 1986 09 2 3.34741
ITG14 1987 06 2 295.78
ITG14 1987 07 2 3725.68
ITG14 1987 08 2 421.135
ITG14 1987 09 5 106.54
ITG14 1988 06 3 7.88444
ITG14 1988 07 4 46.8933
ITG14 1988 08 5 36.4786
ITG14 1988 09 4 4.20464
ITG14 1988 10 2 4.82981
ITG14 1989 05 2 2.26458
ITG14 1989 06 4 28.6415
ITG14 1989 07 4 313.738
ITG14 1989 08 3 4.54812
ITG14 1989 09 3 29.0793
ITG14 1989 10 2 1.55998
ITG14 1990 06 2 235.662
ITG14 1990 07 2 57.2218
ITG14 1990 08 2 36.4584
ITG14 1990 09 2 188.703
ITG14 1990 10 2 0.330023
ITG14 1991 03 2 1.35949
ITG14 1991 06 4 10.6647
ITG14 1991 07 4 361.282
ITG14 1991 08 4 122.274
ITG14 1991 10 2 0.242674
ITG14 1992 03 2 1.24758
ITG14 1992 05 2 7.23015
ITG14 1992 06 3 18.3474
ITG14 1992 07 3 23.6807
ITG14 1992 08 3 615.891
ITG14 1992 09 3 266.692
ITG14 1993 02 2 3.15111
ITG14 1993 03 2 1.44606
ITG14 1993 04 2 0.59218
ITG14 1993 05 2 2.1326
ITG14 1993 06 3 3.47797
ITG14 1993 07 3 77.0407
ITG14 1993 08 3 85.4107
ITG14 1993 09 2 21.7457
ITG14 1994 05 3 35.4292
ITG14 1994 06 2 3.38784
ITG14 1994 07 2 109.737
ITG14 1994 08 2 92.806
ITG14 1994 09 4 30.7662
ITG14 1994 10 5 32.2811
ITG14 1995 05 2 0.235103
ITG14 1995 06 4 70.4669
ITG14 1995 07 5 26.3871
ITG14 1995 08 3 140.788
ITG14 1995 09 4 5.09038
ITG14 1996 05 2 3.19835
ITG14 1996 06 3 10.4523
ITG14 1996 07 3 55.4829
ITG14 1996 08 3 176.342
ITG14 1996 09 4 16.8451
ITG14 1996 10 2 4.34486
ITG14 1996 11 2 1.82779
ITG14 1997 05 2 7.10549
ITG14 1997 06 5 129.747
ITG14 1997 07 5 650.403
ITG14 1997 08 2 0.0351312
ITG14 1997 09 2 12.9087
ITG14 1998 05 2 17.6836
ITG14 1998 06 2 543.974
ITG14 1998 07 2 219.853
ITG14 1998 08 2 395.542
ITG14 1998 09 2 111.365
ITG14 1999 04 2 0.957303
ITG14 1999 05 2 87.359
ITG14 1999 06 2 294.053
ITG14 1999 07 5 95.0732
ITG14 1999 08 3 195.773
ITG14 1999 10 4 25.0179
ITG14 2000 05 2 1.69711
ITG14 2000 06 4 148.11
ITG14 2000 07 4 511.977
ITG14 2000 08 5 37.7451
ITG14 2000 09 5 6.14143
ITG14 2001 06 5 270.527
ITG14 2001 07 5 217.354
ITG14 2001 08 5 208.557
ITG14 2001 09 5 37.5825
ITG14 2001 10 5 51.6166
ITG14 2002 06 2 41.8824
ITG14 2002 08 2 7.87709
ITG14 2003 06 2 782.646
ITG14 2003 07 2 1217.56
ITG14 2003 08 2 1065.4
ITG14 2003 09 2 91.3432
ITG14 2004 01 2 5.76368
ITG14 2004 04 2 2.9611
ITG14 2004 05 5 47.8179
ITG14 2004 06 5 87.7719
ITG14 2004 07 5 1297.45
ITG14 2004 08 5 1125.22
ITG14 2004 09 5 571.589
ITG14 2004 10 5 23.7596
ITG14 2004 11 2 6.61862
ITG14 2004 12 2 2.57237
ITG14 2005 03 2 7.40033
ITG14 2005 05 2 14.8869
ITG14 2005 06 2 129.393
ITG14 2005 07 2 660.502
ITG14 2005 08 2 522.227
ITG14 2005 09 2 285.131
ITG14 2005 10 2 26.376
ITG14 2006 05 2 85.3603
ITG14 2006 06 2 960.027
ITG14 2006 07 2 444.692
ITG14 2006 08 2 2129.3
ITG14 2006 09 2 266.391
ITG14 2006 10 3 3.74756
ITG15 1986 05 2 0.399774
ITG15 1986 06 3 11.1192
ITG15 1986 07 3 203.762
ITG15 1986 08 3 136.714
ITG15 1986 09 4 24.5419
ITG15 1986 10 4 12.3751
ITG15 1987 06 2 5.12248
ITG15 1987 07 2 908.988
ITG15 1987 08 2 257.126
ITG15 1987 09 2 193.211
ITG15 1988 05 3 4.69676
ITG15 1988 06 4 11.8332
ITG15 1988 07 4 9.71401
ITG15 1988 08 4 15.2662
ITG15 1988 09 4 89.282
ITG15 1989 05 3 1.67532
ITG15 1989 06 3 4.81932
ITG15 1989 07 3 38.6991
ITG15 1989 08 3 56.7184
ITG15 1989 09 4 12.5106
ITG15 1990 06 4 32.8392
ITG15 1990 07 4 420.544
ITG15 1990 08 4 57.8411
ITG15 1990 09 4 163.85
ITG15 1991 05 2 0.210806
ITG15 1991 06 2 46.5616
ITG15 1991 07 2 28.1835
ITG15 1991 08 2 157.101
ITG15 1991 09 3 12.8939
ITG15 1992 06 5 7.02314
ITG15 1992 07 5 125.943
ITG15 1992 08 5 397.795
ITG15 1992 09 5 131.863
ITG15 1992 11 3 4.97721
ITG15 1993 04 3 2.15486
ITG15 1993 05 3 56.0731
ITG15 1993 06 3 131.36
ITG15 1993 07 3 165.586
ITG15 1993 08 3 77.0898
ITG15 1993 09 3 70.2645
ITG15 1993 10 3 0.344644
ITG15 1994 05 3 4.97105
ITG15 1994 06 3 73.0786
ITG15 1994 07 3 95.981
ITG15 1994 08 3 159.182
ITG15 1994 09 3 33.949
ITG15 1994 10 3 1.21774
ITG15 1995 03 3 3.81087
ITG15 1995 05 2 0.716075
ITG15 1995 06 2 20.135
ITG15 1995 07 2 12.2559
ITG15 1995 08 2 16.8159
ITG15 1995 09 4 7.98498
ITG15 1995 10 3 1.66097
ITG15 1996 05 2 17.9575
ITG15 1996 06 5 8.23548
ITG15 1996 07 5 34.6397
ITG15 1996 08 5 138.778
ITG15 1996 09 5 38.4447
ITG15 1996 10 2 2.83772
ITG15 1997 05 4 8.59777
ITG15 1997 06 4 186.508
ITG15 1997 07 4 1468.37
ITG15 1997 08 4 132.822
ITG15 1997 09 4 73.3253
ITG15 1998 02 2 5.87028
ITG15 1998 04 2 1.04406
ITG15 1998 05 2 108.182
ITG15 1998 06 2 273.484
ITG15 1998 07 2 1295.82
ITG15 1998 08 2 87.0877
ITG15 1998 09 2 22.5252
ITG15 1998 11 2 2.5203
ITG15 1999 05 2 27.0998
ITG15 1999 06 2 115.427
ITG15 1999 07 2 91.5638
ITG15 1999 08 2 858.535
ITG15 1999 09 5 18.0169
ITG15 1999 10 5 58.5462
ITG15 1999 11 2 1.92236
ITG15 2000 01 2 1.09044
ITG15 2000 05 2 2.70797
ITG15 2000 06 2 165.835
ITG15 2000 07 2 104.922
ITG15 2000 08 2 373.439
ITG15 2000 09 2 34.8548
ITG15 2001 03 2 16.5367
ITG15 2001 05 3 3.3926
ITG15 2001 06 3 863.284
ITG15 2001 07 3 357.332
ITG15 2001 08 3 309.329
ITG15 2001 09 3 109.681
ITG15 2001 10 3 33.0036
ITG15 2001 12 2 0.692548
ITG15 2002 01 3 2.06457
ITG15 2002 03 3 1.88794
ITG15 2002 05 2 5.7531
ITG15 2002 06 2 0.160885
ITG15 2002 07 2 3.72237
ITG15 2002 09 5 13.9563
ITG15 2003 04 2 1.001
ITG15 2003 05 2 3.42335
ITG15 2003 06 2 473.574
ITG15 2003 07 2 667.858
ITG15 2003 08 2 1459.1
ITG15 2003 09 3 41.7691
ITG15 2003 10 2 5.86454
ITG15 2004 05 2 0.0997456
ITG15 2004 06 2 71.7086
ITG15 2004 07 2 856.299
ITG15 2004 08 2 845.759
ITG15 2004 09 2 231.475
ITG15 2004 10 4 7.6892
ITG15 2005 05 2 7.86846
ITG15 2005 06 5 11.7694
ITG15 2005 07 5 78.6068
ITG15 2005 08 5 128.018
ITG15 2005 09 5 19.7272
ITG15 2005 10 2 1.4455
ITG15 2006 04 2 1.8402
ITG15 2006 05 4 9.53008
ITG15 2006 06 5 77.9318
ITG15 2006 07 5 149.065
ITG15 2006 08 5 400.428
ITG15 2006 09 5 22.9569
ITG15 2006 11 3 15.3295
ITG16 1986 06 3 25.4932
ITG16 1986 07 3 81.3214
ITG16 1986 08 3 82.5689
ITG16 1986 09 3 17.4941
ITG16 1987 06 2 3.05712
ITG16 1987 07 2 81.5037
ITG16 1987 08 2 324.353
ITG16 1987 09 2 70.2725
ITG16 1988 06 2 5.04382
ITG16 1988 07 2 463.023
ITG16 1988 08 2 131.868
ITG16 1988 09 3 154.044
ITG16 1989 07 4 9.16198
ITG16 1989 08 5 9.95898
ITG16 1989 09 2 6.98046
ITG16 1990 03 3 10.4859
ITG16 1990 06 4 211.978
ITG16 1990 07 4 26.3813
ITG16 1990 09 2 2.17981
ITG16 1990 10 3 4.2482
ITG16 1991 06 2 1.88174
ITG16 1991 07 2 51.1888
ITG16 1991 08 2 81.3359
ITG16 1991 10 2 1.93949
ITG16 1992 06 2 3.82832
ITG16 1992 07 4 12.1116
ITG16 1992 08 4 27.793
ITG16 1992 09 4 23.6711
ITG16 1993 03 2 2.8095
ITG16 1993 04 3 2.91935
ITG16 1993 05 2 6.4567
ITG16 1993 06 2 37.5373
ITG16 1993 07 2 140.728
ITG16 1993 08 2 100.688
ITG16 1993 09 2 58.0669
ITG16 1993 10 2 18.0994
ITG16 1994 05 3 8.04288
ITG16 1994 06 3 40.8118
ITG16 1994 07 3 309.028
ITG16 1994 08 3 633.313
ITG16 1994 09 3 42.0415
ITG16 1995 05 2 3.53203
ITG16 1995 06 5 31.0211
ITG16 1995 07 5 231.125
ITG16 1995 08 3 11.2381
ITG16 1995 09 2 1.37864
ITG16 1995 10 2 0.06756
ITG16 1996 07 2 18.052
ITG16 1996 08 2 6.92157
ITG16 1997 05 3 15.4072
ITG16 1997 06 3 114.468
ITG16 1997 07 3 227.681
ITG16 1997 08 3 39.6655
ITG16 1998 06 3 104.515
ITG16 1998 07 3 897.955
ITG16 1998 08 5 27.002
ITG16 1998 09 4 91.7645
ITG16 1999 06 4 19.7703
ITG16 1999 07 4 221.368
ITG16 1999 08 4 262.148
ITG16 1999 10 4 16.9307
ITG16 2000 02 4 7.77309
ITG16 2000 04 2 1.94665
ITG16 2000 06 2 24.8293
ITG16 2000 07 2 190.893
ITG16 2000 08 2 134.579
ITG16 2000 09 2 0.140906
ITG16 2001 02 2 1.22357
ITG16 2001 06 2 346.038
ITG16 2001 07 2 1506.84
ITG16 2001 08 2 248.228
ITG16 2001 09 2 22.6881
ITG16 2001 10 4 92.27
ITG16 2002 03 3 4.54055
ITG16 2002 07 2 20.301
ITG16 2002 08 5 56.6266
ITG16 2003 06 3 3538.19
ITG16 2003 07 3 687.834
ITG16 2003 08 3 166.059
ITG16 2003 09 5 34.2272
ITG16 2003 10 2 11.3496
ITG16 2004 06 4 76.1459
ITG16 2004 07 4 754.594
ITG16 2004 08 4 292.275
ITG16 2004 09 4 131.011
ITG16 2004 10 3 22.9784
ITG16 2005 03 3 6.36313
ITG16 2005 06 4 51.1326
ITG16 2005 07 4 325.644
ITG16 2005 08 4 25.4755
ITG16 2006 03 2 0.425365
ITG16 2006 04 2 1.84106
ITG16 2006 05 2 19.4433
ITG16 2006 06 2 889.935
ITG16 2006 07 2 114.381
ITG16 2006 08 2 13.6835
ITG16 2006 09 2 27.3308
ITG17 1986 05 3 7.35098
ITG17 1986 06 3 830.72
ITG17 1986 07 4 172.761
ITG17 1986 08 4 68.4353
ITG17 1986 09 5 153.978
ITG17 1987 07 5 815.981
ITG17 1987 08 5 515.096
ITG17 1987 09 5 413.126
ITG17 1988 02 2 1.50274
ITG17 1988 05 2 1.88181
ITG17 1988 06 2 1.25108
ITG17 1988 07 2 627.221
ITG17 1988 08 2 153.024
ITG17 1988 09 2 1.14997
ITG17 1989 03 2 4.22023
ITG17 1989 05 2 3.23316
ITG17 1989 06 4 24.7018
ITG17 1989 08 4 268.368
ITG17 1989 09 2 36.7545
ITG17 1990 06 3 15.8518
ITG17 1990 07 3 100.477
ITG17 1990 08 3 291.993
ITG17 1990 09 3 37.0144
ITG17 1991 03 3 8.7835
ITG17 1991 06 4 82.1723
ITG17 1991 07 4 185.975
ITG17 1991 08 4 199.553
ITG17 1991 10 3 2.53198
ITG17 1992 03 2 1.95944
ITG17 1992 04 2 2.10853
ITG17 1992 06 3 44.0819
ITG17 1992 07 3 85.2571
ITG17 1992 08 3 206.449
ITG17 1992 09 5 13.1917
ITG17 1992 10 2 2.10125
ITG17 1993 03 3 26.5543
ITG17 1993 04 4 7.26395
ITG17 1993 05 5 7.06858
ITG17 1993 06 5 115.41
ITG17 1993 07 5 556.158
ITG17 1993 08 5 556.952
ITG17 1993 09 2 0.61791
ITG17 1993 10 3 18.9837
ITG17 1994 05 2 39.3716
ITG17 1994 06 2 612.104
ITG17 1994 07 2 625.665
ITG17 1994 08 2 261.494
ITG17 1994 09 2 140.346
ITG17 1995 01 2 0.0919213
ITG17 1995 02 3 2.9527
ITG17 1995 03 3 12.3174
ITG17 1995 06 3 75.8168
ITG17 1995 07 3 274.723
ITG17 1995 08 3 21.3895
ITG17 1995 09 2 2.79258
ITG17 1995 10 2 1.90479
ITG17 1996 05 2 0.278719
ITG17 1996 07 2 205.533
ITG17 1996 08 2 48.2467
ITG17 1996 09 4 31.1503
ITG17 1996 12 2 1.52189
ITG17 1997 02 3 7.01855
ITG17 1997 03 2 5.96215
ITG17 1997 04 2 2.9703
ITG17 1997 05 2 5.74558
ITG17 1997 06 2 613.719
ITG17 1997 07 2 1202.83
ITG17 1997 08 2 84.0732
ITG17 1998 04 2 6.12006
ITG17 1998 06 2 975.107
ITG17 1998 07 2 1192.7
ITG17 1998 08 2 218.471
ITG17 1998 09 2 61.0259
ITG17 1999 02 2 0.119733
ITG17 1999 03 4 17.1359
ITG17 1999 04 5 15.2501
ITG17 1999 05 5 113.44
ITG17 1999 06 5 247.783
ITG17 1999 07 5 219.232
ITG17 1999 08 5 339.792
ITG17 1999 10 2 15.8582
ITG17 1999 11 3 5.47655
ITG17 2000 03 3 6.0174
ITG17 2000 04 3 13.5352
ITG17 2000 06 3 14.2724
ITG17 2000 07 3 552.169
ITG17 2000 08 3 132.345
ITG17 2000 09 3 14.1563
ITG17 2000 10 2 1.54155
ITG17 2000 11 2 9.36761
ITG17 2001 02 2 4.03389
ITG17 2001 03 2 5.77043
ITG17 2001 04 2 5.13595
ITG17 2001 05 4 34.7549
ITG17 2001 06 4 167.58
ITG17 2001 07 4 301.165
ITG17 2001 08 4 449.052
ITG17 2001 09 4 9.89489
ITG17 2001 11 4 22.5074
ITG17 2002 06 4 6.32196
ITG17 2002 07 4 187.819
ITG17 2002 08 2 5.6467
ITG17 2002 10 2 22.6266
ITG17 2003 05 2 0.35385
ITG17 2003 06 2 226.726
ITG17 2003 07 2 523.135
ITG17 2003 08 2 253.774
ITG17 2003 09 3 1.43088
ITG17 2003 10 2 11.537
ITG17 2004 03 2 3.51144
ITG17 2004 04 2 1.10775
ITG17 2004 06 2 122.178
ITG17 2004 07 2 815.213
ITG17 2004 08 2 924.997
ITG17 2004 09 2 62.1948
ITG17 2004 10 2 35.8625
ITG17 2005 03 2 36.6655
ITG17 2005 05 3 3.42639
ITG17 2005 06 3 2.27534
ITG17 2005 07 3 376.251
ITG17 2005 08 3 366.717
ITG17 2005 09 2 19.3921
ITG17 2006 04 2 0.17311
ITG17 2006 05 2 5.86583
ITG17 2006 06 2 412.449
ITG17 2006 07 2 47.8374
ITG17 2006 08 2 457.244
ITG17 2006 09 2 152.292
ITG18 1986 07 4 14.3689
ITG18 1986 08 4 31.8693
ITG18 1987 06 3 23.8013
ITG18 1987 07 5 163.929
ITG18 1987 08 4 21.2894
ITG18 1987 09 4 139.349
ITG18 1988 07 3 15.9884
ITG18 1988 08 3 7.20964
ITG18 1989 06 3 35.9894
ITG18 1989 07 3 14.4467
ITG18 1989 08 3 2.51228
ITG18 1989 09 2 0.056086
ITG18 1990 06 3 30.0022
ITG18 1990 07 4 26.7712
ITG18 1990 08 2 31.3994
ITG18 1991 03 2 0.26844
ITG18 1991 06 3 34.351
ITG18 1991 07 3 130.787
ITG18 1991 08 4 5.14763
ITG18 1991 09 2 2.09152
ITG18 1992 07 2 3.23762
ITG18 1992 08 3 16.2936
ITG18 1992 09 4 8.16784
ITG18 1993 05 2 1.56857
ITG18 1993 06 2 1.86755
ITG18 1993 07 2 88.0284
ITG18 1993 08 4 20.5788
