GR243 1999 08 4 0.215555
GR243 1999 10 3 3.01967
GR243 2000 03 2 0.654886
GR243 2000 07 2 23.3649
GR243 2000 08 4 1.66202
GR243 2000 09 2 0.124007
GR243 2000 10 2 0.423654
GR243 2001 03 2 0.11192
GR243 2001 07 2 0.395398
GR243 2001 08 2 1.96018
GR243 2001 09 4 3.69334
GR243 2001 10 2 0.0800598
GR243 2002 02 3 1.17899
GR243 2002 03 3 0.567476
GR243 2002 08 2 0.371844
GR243 2003 02 2 0.131159
GR243 2003 07 2 1.6615
GR243 2003 08 3 55.857
GR243 2004 07 2 0.383094
GR243 2004 08 3 7.8409
GR243 2004 09 2 5.47497
GR244 1983 01 2 6.33525
GR244 1983 02 2 0.569537
GR244 1983 03 2 3.86168
GR244 1983 04 2 60.9022
GR244 1983 05 5 3.0435
GR244 1983 07 2 647.899
GR244 1983 09 2 186.385
GR244 1983 10 2 9.93647
GR244 1984 01 2 0.492843
GR244 1984 06 2 17.2479
GR244 1984 07 2 275.916
GR244 1984 08 2 100.283
GR244 1984 09 2 8.07915
GR244 1984 10 2 253.377
GR244 1985 04 2 0.461364
GR244 1985 05 2 2.94416
GR244 1985 06 4 66.7759
GR244 1985 07 4 392.34
GR244 1985 08 4 389.918
GR244 1985 09 4 454.048
GR244 1985 10 5 36.8488
GR244 1986 04 2 3.6464
GR244 1986 07 2 75.8823
GR244 1986 08 2 137.499
GR244 1986 09 2 220.653
GR244 1986 10 2 82.5848
GR244 1987 01 3 0.944211
GR244 1987 04 2 37.5084
GR244 1987 05 2 7.2635
GR244 1987 06 2 158.277
GR244 1987 07 2 228.393
GR244 1987 08 2 386.186
GR244 1987 09 2 181.938
GR244 1987 10 4 5.78281
GR244 1988 03 4 39.8039
GR244 1988 04 4 3.15005
GR244 1988 06 4 1515.8
GR244 1988 07 4 6952.7
GR244 1988 08 4 946.357
GR244 1988 09 4 279.965
GR244 1988 10 4 57.4766
GR244 1989 02 3 8.61938
GR244 1989 03 4 1.0149
GR244 1989 04 2 7.4944
GR244 1989 05 4 17.6578
GR244 1989 06 4 31.8937
GR244 1989 07 4 237.126
GR244 1989 08 4 1159.25
GR244 1989 09 4 30.4925
GR244 1989 10 2 2.15503
GR244 1990 01 2 0.0595686
GR244 1990 05 2 0.413809
GR244 1990 06 2 204.914
GR244 1990 07 2 68.8446
GR244 1990 08 2 282.617
GR244 1990 09 5 31.781
GR244 1990 10 5 11.2402
GR244 1991 06 2 64.4718
GR244 1991 07 2 102.375
GR244 1991 08 3 235.689
GR244 1991 09 3 3081.62
GR244 1991 10 3 257.231
GR244 1992 01 2 0.608684
GR244 1992 05 2 1.00427
GR244 1992 06 2 141.124
GR244 1992 07 5 30.1065
GR244 1992 08 5 3516.98
GR244 1992 09 5 547.813
GR244 1992 10 5 4020.54
GR244 1992 11 3 31.0692
GR244 1993 03 3 14.5788
GR244 1993 05 2 0.766638
GR244 1993 06 3 52.3768
GR244 1993 07 3 68.1955
GR244 1993 08 3 933.853
GR244 1993 09 3 432.439
GR244 1993 10 3 148.298
GR244 1994 06 4 122.122
GR244 1994 07 4 19.3858
GR244 1994 08 4 1341.02
GR244 1994 09 4 1078.35
GR244 1995 04 2 3.21073
GR244 1995 05 5 8.0018
GR244 1995 06 5 1.40063
GR244 1995 07 2 3.45243
GR244 1995 08 2 115.882
GR244 1995 09 2 185.392
GR244 1995 10 2 124.504
GR244 1996 02 2 0.146001
GR244 1996 04 3 1.89886
GR244 1996 05 4 5.49781
GR244 1996 06 4 379.316
GR244 1996 07 4 553.81
GR244 1996 08 4 129.949
GR244 1996 09 4 1670.53
GR244 1996 10 4 4.50312
GR244 1996 11 3 0.38986
GR244 1997 02 2 0.142145
GR244 1997 04 2 0.510411
GR244 1997 05 2 0.558105
GR244 1997 06 2 0.151451
GR244 1997 07 2 3474.06
GR244 1997 08 2 100.779
GR244 1997 09 2 168.682
GR244 1997 10 2 188.102
GR244 1998 04 2 2.76124
GR244 1998 05 2 1.4393
GR244 1998 06 3 1.34397
GR244 1998 07 5 333.928
GR244 1998 08 5 28.8539
GR244 1998 09 2 0.672882
GR244 1998 10 4 1.79025
GR244 1998 11 3 1.58007
GR244 1999 02 3 2.36003
GR244 1999 03 2 0.050081
GR244 1999 04 4 2.24231
GR244 1999 05 2 24.5338
GR244 1999 06 4 63.6882
GR244 1999 08 5 58.0543
GR244 1999 09 5 32.5615
GR244 1999 10 5 6.67606
GR244 1999 12 3 0.209662
GR244 2000 01 2 0.0561593
GR244 2000 03 2 2.02391
GR244 2000 04 2 0.982646
GR244 2000 05 4 2.14635
GR244 2000 06 4 952.649
GR244 2000 07 4 13582.8
GR244 2000 08 3 1519.91
GR244 2000 09 5 16.5139
GR244 2000 10 5 3.83357
GR244 2000 11 4 0.301227
GR244 2000 12 2 0.0942483
GR244 2001 02 4 0.915094
GR244 2001 03 4 15.5193
GR244 2001 04 2 4.20897
GR244 2001 05 2 0.167047
GR244 2001 06 2 0.0830843
GR244 2001 07 2 4.12073
GR244 2001 08 3 0.232176
GR244 2001 09 4 11.0848
GR244 2001 10 4 23.7276
GR244 2001 11 2 0.124629
GR244 2002 02 2 12.7338
GR244 2002 03 2 3.78221
GR244 2002 05 2 0.161737
GR244 2002 06 4 10.4997
GR244 2002 07 4 70.4333
GR244 2002 08 2 0.0832263
GR244 2002 09 3 0.362872
GR244 2003 04 2 0.551636
GR244 2003 05 2 2.41038
GR244 2003 06 5 21.8535
GR244 2003 07 5 23.433
GR244 2003 08 4 110.35
GR244 2003 10 3 15.3164
GR244 2003 11 5 11.8188
GR244 2004 02 4 3.68446
GR244 2004 03 4 0.642991
GR244 2004 05 2 0.0685593
GR244 2004 07 4 25.4352
GR244 2004 08 5 4.18102
GR244 2004 09 3 3.1953
GR244 2004 11 3 0.4258
GR245 1983 07 2 9.9506
GR245 1984 07 4 30.016
GR245 1984 08 4 43.6804
GR245 1984 10 4 17.8454
GR245 1985 04 2 0.104229
GR245 1985 06 2 7.41712
GR245 1985 08 5 65.3934
GR245 1986 06 2 172.401
GR245 1986 07 2 180.793
GR245 1986 08 4 22.9959
GR245 1986 10 2 2.8906
GR245 1987 07 3 93.5556
GR245 1987 08 2 72.3071
GR245 1988 03 2 12.1585
GR245 1988 06 2 5.7473
GR245 1988 07 4 145.407
GR245 1988 08 4 57.9368
GR245 1988 09 2 0.59219
GR245 1989 01 2 0.221256
GR245 1989 04 2 0.904064
GR245 1989 06 2 4.37388
GR245 1989 07 4 26.0711
GR245 1989 08 3 0.498088
GR245 1989 09 3 36.1935
GR245 1990 03 2 1.84365
GR245 1990 07 2 6.35504
GR245 1990 08 4 159.136
GR245 1991 06 2 2.0789
GR245 1991 07 2 70.7516
GR245 1992 06 3 43.5485
GR245 1992 08 5 126.577
GR245 1992 09 2 1.36687
GR245 1992 10 3 113.808
GR245 1993 03 2 1.65227
GR245 1993 06 3 90.0278
GR245 1993 07 4 22.8274
GR245 1993 08 3 566.768
GR245 1993 10 3 63.1994
GR245 1994 06 2 1.68879
GR245 1994 07 2 13.5694
GR245 1994 08 2 127.085
GR245 1995 05 2 61.5339
GR245 1995 07 2 1.35885
GR245 1996 07 5 5.98131
GR245 1996 08 3 1.04939
GR245 1996 09 2 1.70262
GR245 1997 07 4 113.885
GR245 1997 10 2 8.86613
GR245 1998 04 2 2.40108
GR245 1998 06 2 21.5926
GR245 1998 07 3 111.809
GR245 1998 08 2 6.04261
GR245 2000 06 3 5.48662
GR245 2000 07 3 2142.52
GR245 2000 08 4 618.679
GR245 2000 09 2 0.810504
GR245 2002 04 2 0.0669608
GR245 2002 06 2 0.141087
GR245 2002 07 2 26.4635
GR245 2002 08 2 4.49133
GR245 2003 07 2 0.800568
GR245 2003 09 2 0.257338
GR245 2004 09 2 25.438
GR251 1983 01 2 0.563555
GR251 1983 02 2 0.239768
GR251 1983 04 2 2.45083
GR251 1983 06 2 0.565835
GR251 1983 07 3 3.16761
GR251 1983 08 2 0.183134
GR251 1983 09 2 10.0989
GR251 1984 07 2 48.2648
GR251 1984 08 5 60.4025
GR251 1984 09 4 7.1633
GR251 1984 10 4 18.9667
GR251 1984 11 2 10.5422
GR251 1985 06 2 0.850715
GR251 1985 07 4 127.97
GR251 1985 08 4 2913.42
GR251 1985 09 2 14.7413
GR251 1985 10 2 6.99692
GR251 1985 11 2 2.73578
GR251 1985 12 2 3.87069
GR251 1986 04 2 0.139293
GR251 1986 05 2 0.313188
GR251 1986 06 2 7.18741
GR251 1986 08 4 19.0179
GR251 1986 09 5 10.9325
GR251 1986 10 5 100.043
GR251 1987 01 2 2.2041
GR251 1987 07 2 372.833
GR251 1987 08 2 1.7449
GR251 1987 09 5 21.3354
GR251 1988 06 5 22.4962
GR251 1988 07 5 1624.96
GR251 1988 08 5 505.742
GR251 1988 09 5 126.681
GR251 1988 10 2 19.2685
GR251 1989 02 2 0.296588
GR251 1989 03 3 2.81568
GR251 1989 04 2 0.280732
GR251 1989 05 2 0.309644
GR251 1989 06 2 1.54189
GR251 1989 07 4 6.13044
GR251 1989 08 4 62.6915
GR251 1989 09 2 13.7867
GR251 1990 01 2 1.0324
GR251 1990 03 5 12.9701
GR251 1990 04 2 0.262457
GR251 1990 05 5 1.83926
GR251 1990 06 2 0.0576055
GR251 1990 07 4 92.2268
GR251 1990 08 5 3.54736
GR251 1990 11 2 0.107675
GR251 1991 03 2 0.28713
GR251 1991 06 2 0.185743
GR251 1991 07 2 11.8825
GR251 1991 08 2 70.403
GR251 1991 09 2 149.016
GR251 1991 10 3 12.2125
GR251 1992 02 3 0.62044
GR251 1992 03 2 1.73558
GR251 1992 04 3 0.418672
GR251 1992 05 2 1.33542
GR251 1992 06 5 11.9308
GR251 1992 07 5 33.3777
GR251 1992 08 5 1916.43
GR251 1992 09 5 37.8056
GR251 1992 10 3 17.39
GR251 1992 11 4 29.1725
GR251 1993 01 3 3.50129
GR251 1993 02 3 0.786795
GR251 1993 03 2 0.128989
GR251 1993 04 2 1.44627
GR251 1993 06 2 3.99221
GR251 1993 07 2 841.917
GR251 1993 08 5 5.48053
GR251 1993 09 5 90.1743
GR251 1993 10 5 7.85414
GR251 1993 11 2 0.29114
GR251 1993 12 2 14.7391
GR251 1994 04 2 8.63028
GR251 1994 05 4 20.0576
GR251 1994 06 2 1.3681
GR251 1994 07 2 3.06883
GR251 1994 08 3 155.092
GR251 1994 09 3 25.9465
GR251 1994 10 2 19.8469
GR251 1995 10 2 0.05797
GR251 1996 07 5 6.10566
GR251 1996 08 2 0.739368
GR251 1996 10 3 0.183652
GR251 1997 05 3 5.09977
GR251 1997 06 4 10.3135
GR251 1997 07 3 20.3799
GR251 1997 08 5 30.262
GR251 1997 09 4 2.41821
GR252 1983 01 4 5.66668
GR252 1983 02 5 3.6121
GR252 1983 03 5 18.1873
GR252 1983 04 2 0.0942734
GR252 1983 05 3 12.0788
GR252 1983 06 2 3.34387
GR252 1983 07 3 2.71568
GR252 1983 08 3 0.282494
GR252 1983 09 5 35.7469
GR252 1983 10 5 7.16313
GR252 1983 12 2 0.283818
GR252 1984 04 2 0.132865
GR252 1984 06 2 5.96476
GR252 1984 07 4 103.117
GR252 1984 08 4 72.9827
GR252 1984 09 5 3.02119
GR252 1984 10 5 31.3095
GR252 1984 11 2 14.3937
GR252 1985 02 3 8.18943
GR252 1985 04 4 34.5183
GR252 1985 06 3 1.17968
GR252 1985 08 3 58.8236
GR252 1985 09 4 258.478
GR252 1985 10 5 82.3182
GR252 1985 11 4 2.21065
GR252 1986 02 2 1.4894
GR252 1986 03 2 0.0982051
GR252 1986 04 2 0.0928367
GR252 1986 05 2 5.69569
GR252 1986 06 3 17.6181
GR252 1986 08 4 29.1369
GR252 1986 09 4 157.941
GR252 1986 10 5 299.307
GR252 1986 12 2 3.79887
GR252 1987 03 2 4.19992
GR252 1987 06 2 0.664224
GR252 1987 07 2 63.6655
GR252 1987 08 4 80.7596
GR252 1987 09 5 1.76568
GR252 1987 10 4 14.6887
GR252 1987 11 2 0.217019
GR252 1988 03 2 0.432105
GR252 1988 06 2 8.28495
GR252 1988 07 2 2163.07
GR252 1988 08 2 376.792
GR252 1988 09 4 6.47958
GR252 1988 10 4 25.5871
GR252 1988 11 2 0.0799895
GR252 1988 12 2 0.0712405
GR252 1989 01 5 8.32108
GR252 1989 02 5 7.49306
GR252 1989 03 4 2.32413
GR252 1989 04 4 15.9378
GR252 1989 05 4 5.19883
GR252 1989 06 4 87.8914
GR252 1989 07 3 32.8853
GR252 1989 08 3 1629.51
GR252 1989 09 4 1545.19
GR252 1989 11 3 2.87961
GR252 1990 01 4 1.56298
GR252 1990 02 3 3.04858
GR252 1990 03 4 0.692861
GR252 1990 04 3 1.06756
GR252 1990 06 5 8.38011
GR252 1990 07 5 403.633
GR252 1990 08 5 33.2378
GR252 1990 09 3 1.3484
GR252 1990 10 3 29.6356
GR252 1991 04 2 1.112
GR252 1991 05 2 0.236636
GR252 1991 08 4 36.7043
GR252 1991 09 4 3.38514
GR252 1991 10 5 85.0186
GR252 1991 11 2 0.125872
GR252 1992 02 4 3.25409
GR252 1992 03 4 21.0329
GR252 1992 04 4 3.67268
GR252 1992 05 2 0.115924
GR252 1992 06 5 25.3695
GR252 1992 07 2 4.41966
GR252 1992 08 5 333.429
GR252 1992 09 5 99.7719
GR252 1992 10 4 98.5956
GR252 1993 01 4 1.19621
GR252 1993 02 4 44.163
GR252 1993 03 4 5.57072
GR252 1993 04 2 0.965631
GR252 1993 06 3 0.314322
GR252 1993 07 3 18.4605
GR252 1993 08 3 5119.55
GR252 1993 09 3 47.6242
GR252 1993 10 3 191.334
GR252 1993 11 4 12.3676
GR252 1994 03 4 15.6427
GR252 1994 04 4 5.10806
GR252 1994 06 3 3.48351
GR252 1994 07 3 31.2411
GR252 1994 08 3 53.9084
GR252 1994 09 4 44.1362
GR252 1994 10 4 47.0686
GR252 1995 02 2 5.12186
GR252 1995 04 4 9.76448
GR252 1995 05 4 0.817772
GR252 1995 06 5 6.7635
GR252 1995 07 5 296.473
GR252 1995 08 3 13.7766
GR252 1995 09 3 9.49034
GR252 1995 10 4 2.32959
GR252 1996 04 2 0.0613713
GR252 1996 05 2 5.8514
GR252 1996 06 2 21.0396
GR252 1996 07 3 4.01633
GR252 1996 08 3 38.4755
GR252 1996 09 3 20.1206
GR252 1996 10 2 5.63533
GR252 1996 11 4 5.28078
GR252 1997 01 2 0.106831
GR252 1997 03 5 11.7736
GR252 1997 06 5 129.93
GR252 1997 07 5 118.069
GR252 1997 08 4 98.895
GR252 1997 10 5 40.4796
GR252 1998 02 3 25.2364
GR252 1998 03 2 0.25518
GR252 1998 04 2 0.13404
GR252 1998 07 4 59.8724
GR252 1998 08 4 1953.05
GR252 1998 09 2 31.3316
GR252 1998 10 3 41.6097
GR252 1999 01 2 5.33784
GR252 1999 02 2 1.30058
GR252 1999 06 2 5.82934
GR252 1999 08 3 17.715
GR252 1999 09 2 1.86458
GR252 1999 12 2 1.20922
GR252 2000 01 3 4.50638
GR252 2000 03 2 0.40419
GR252 2000 04 4 0.769178
GR252 2000 06 3 1.95687
GR252 2000 07 3 7.60876
GR252 2000 08 3 13774.7
GR252 2000 09 3 483.421
GR252 2001 03 2 0.283299
GR252 2001 06 4 2.08539
GR252 2001 07 2 0.133146
GR252 2001 08 3 224.647
GR252 2001 09 4 56.3436
GR252 2001 10 3 0.107847
GR252 2001 11 2 0.146762
GR252 2002 01 3 0.338187
GR252 2002 02 5 2.36846
GR252 2002 03 3 5.79801
GR252 2002 04 2 0.435924
GR252 2002 05 2 0.0652408
GR252 2002 06 3 5.49528
GR252 2002 07 3 71.3717
GR252 2002 08 4 3.16386
GR252 2002 09 3 0.116956
GR252 2003 05 2 3.98667
GR252 2003 06 3 0.533112
GR252 2003 07 4 228.82
GR252 2003 08 4 126.116
GR252 2004 01 2 0.592472
GR252 2004 03 3 35.3721
GR252 2004 04 3 1.02056
GR252 2004 07 3 0.851564
GR252 2004 08 3 11.7828
GR252 2004 09 4 489.627
GR253 1983 01 4 2.35118
GR253 1983 02 3 3.19703
GR253 1983 03 3 2.41178
GR253 1983 04 4 12.6405
GR253 1983 05 4 10.927
GR253 1983 06 5 18.8921
GR253 1983 07 5 18.5843
GR253 1983 08 4 181.405
GR253 1983 09 5 35.6454
GR253 1983 10 5 64.8646
GR253 1984 03 3 0.508828
GR253 1984 04 2 0.119903
GR253 1984 05 2 0.7112
GR253 1984 06 3 54.1022
GR253 1984 07 5 12.8412
GR253 1984 08 5 168.012
GR253 1984 09 2 2.66792
GR253 1984 10 5 144.842
GR253 1984 12 2 0.194608
GR253 1985 01 2 0.325376
GR253 1985 02 4 2.47424
GR253 1985 04 4 5.47181
GR253 1985 05 3 1.87153
GR253 1985 06 3 129.79
GR253 1985 07 3 67.6177
GR253 1985 08 3 3546.12
GR253 1985 09 3 1.80004
GR253 1985 10 5 94.7573
GR253 1985 11 2 4.08954
GR253 1985 12 2 0.202837
GR253 1986 04 5 10.8737
GR253 1986 05 2 0.248274
GR253 1986 06 4 16.5882
GR253 1986 07 4 59.8173
GR253 1986 08 4 2030.6
GR253 1986 09 4 205.347
GR253 1986 10 3 12.0428
GR253 1986 12 5 3.16016
GR253 1987 04 2 0.83757
GR253 1987 06 2 0.981928
GR253 1987 07 5 23.988
GR253 1987 08 5 20.4878
GR253 1987 09 4 12.8754
GR253 1987 10 4 2.92735
GR253 1988 03 5 2.58202
GR253 1988 04 4 15.6467
GR253 1988 05 5 1.71602
GR253 1988 06 5 18.6326
GR253 1988 07 5 255.601
GR253 1988 08 5 320.083
GR253 1988 09 5 10.488
GR253 1988 10 5 18.3398
GR253 1988 12 2 0.551825
GR253 1989 01 4 17.5319
GR253 1989 02 4 15.7658
GR253 1989 03 5 5.31571
GR253 1989 04 4 329.098
GR253 1989 05 2 1.26073
GR253 1989 06 2 0.688945
GR253 1989 07 5 2567.2
GR253 1989 08 5 44.5282
GR253 1989 09 2 3.00195
GR253 1989 10 4 44.3399
GR253 1989 11 5 2.80083
GR253 1990 01 2 0.0654072
GR253 1990 02 4 1.15898
GR253 1990 03 4 3.26596
GR253 1990 04 3 2.6144
GR253 1990 05 2 1.55496
GR253 1990 06 2 987.574
GR253 1990 07 2 99.5177
GR253 1990 08 2 0.546608
GR253 1990 09 2 29.4398
GR253 1990 10 2 0.351639
GR253 1990 11 3 0.50866
GR253 1991 03 2 0.71643
GR253 1991 05 3 10.8481
GR253 1991 06 4 1.29722
GR253 1991 07 2 6.35676
GR253 1991 08 4 126.242
GR253 1991 09 4 30.9419
GR253 1991 10 4 24.4064
GR253 1991 11 3 11.9424
GR253 1992 01 2 0.132802
GR253 1992 02 3 1.19626
GR253 1992 03 3 17.8993
GR253 1992 04 3 52.8429
GR253 1992 05 2 0.326984
GR253 1992 06 5 19.6872
GR253 1992 07 5 262.77
GR253 1992 08 5 292.581
GR253 1992 09 5 1083.21
GR253 1992 10 5 197.115
GR253 1992 11 5 9.2438
GR253 1992 12 3 10.281
GR253 1993 02 2 1.86795
GR253 1993 03 2 11.0827
GR253 1993 04 2 5.63597
GR253 1993 05 5 3.88503
GR253 1993 06 5 15.7648
GR253 1993 07 5 247.291
GR253 1993 08 5 2680.49
GR253 1993 09 5 10.308
GR253 1993 10 5 12.542
GR253 1993 11 5 0.984287
GR253 1993 12 2 1.51272
GR253 1994 01 2 0.543416
GR253 1994 02 2 0.137494
GR253 1994 03 2 2.18373
GR253 1994 06 2 136.114
GR253 1994 07 2 14.9215
GR253 1994 08 2 109.628
GR253 1994 09 5 60.8305
GR253 1994 10 3 1.49002
GR253 1994 11 3 1.74017
GR253 1995 01 3 2.10758
GR253 1995 02 3 30.6186
GR253 1995 03 3 1.804
GR253 1995 04 2 0.267634
GR253 1995 05 5 2.33964
GR253 1995 06 4 21.176
GR253 1995 07 5 22.7644
GR253 1995 08 2 3.5636
GR253 1995 10 3 4.68317
GR253 1995 11 2 0.104308
GR253 1996 05 3 0.482344
GR253 1996 06 4 1.85959
GR253 1996 07 2 5.66099
GR253 1996 08 5 105.121
GR253 1996 09 4 323.398
GR253 1996 10 2 0.417304
GR253 1996 11 2 0.641855
GR253 1996 12 3 0.552272
GR253 1997 03 5 4.63631
GR253 1997 04 4 4.95752
GR253 1997 05 3 11.9235
GR253 1997 06 3 18.5572
GR253 1997 07 4 49.723
GR253 1997 09 2 2.4521
GR253 1997 10 3 20.7178
GR253 1998 03 5 72.647
GR253 1998 04 3 1.96741
GR253 1998 05 2 22.1901
GR253 1998 06 2 1790.81
GR253 1998 07 2 5425.79
GR253 1998 08 3 19.8619
GR253 1998 10 3 0.208606
GR253 1999 01 2 0.138134
GR253 1999 02 2 36.4155
GR253 1999 03 2 60.1802
GR253 1999 04 2 0.66879
GR253 1999 05 4 1.21635
GR253 1999 06 4 28.5921
GR253 1999 07 2 0.282668
GR253 1999 08 3 111.091
GR253 1999 09 3 0.214634
GR253 1999 10 3 5.86143
GR253 2000 01 2 0.136546
GR253 2000 03 3 2.8922
GR253 2000 04 3 265.714
GR253 2000 05 3 32.5455
GR253 2000 06 3 51.3583
GR253 2000 07 3 23216.3
GR253 2000 08 3 527.069
GR253 2000 09 2 7.45005
GR253 2000 10 2 0.146258
GR253 2000 11 2 3.20698
GR253 2001 01 2 0.306831
GR253 2001 02 2 0.0954677
GR253 2001 03 2 53.1842
GR253 2001 04 2 0.275262
GR253 2001 05 2 1.17817
GR253 2001 06 2 22.1234
GR253 2001 07 2 8.12858
GR253 2001 08 5 2.49912
GR253 2001 09 2 1.39636
GR253 2001 10 2 0.25053
GR253 2001 11 2 0.601395
GR253 2002 01 2 4.91775
GR253 2002 02 3 0.965789
GR253 2002 03 2 0.99458
GR253 2002 05 2 0.138669
GR253 2002 06 4 0.433125
GR253 2002 12 2 0.114693
GR253 2003 03 2 0.5578
GR253 2003 08 4 0.983855
GR253 2003 09 2 0.162097
GR253 2004 02 3 0.541428
GR253 2004 04 2 0.211886
GR253 2004 07 4 16.652
GR253 2004 08 2 0.137575
GR253 2004 10 2 0.253984
GR253 2004 11 4 1.58588
GR253 2004 12 2 0.393986
GR254 1983 01 2 23.9827
GR254 1983 02 2 0.714297
GR254 1983 03 2 25.9645
GR254 1983 04 3 11.4068
GR254 1983 05 2 59.8806
GR254 1983 06 4 7.53849
GR254 1983 07 4 86.9589
GR254 1983 08 4 967.788
GR254 1983 09 4 35.5482
GR254 1983 10 2 16.9547
GR254 1983 11 4 22.9349
GR254 1984 02 3 2.26121
GR254 1984 03 2 1.11373
GR254 1984 04 3 4.27768
GR254 1984 05 2 0.86205
GR254 1984 06 3 2.08595
GR254 1984 07 5 99.7203
GR254 1984 08 5 31.0903
GR254 1984 09 5 125.558
GR254 1984 10 5 22.2165
GR254 1984 11 3 41.7894
GR254 1985 02 2 0.732797
GR254 1985 04 2 40.4502
GR254 1985 05 3 43.6993
GR254 1985 06 5 4.07432
GR254 1985 07 5 260.346
GR254 1985 08 5 1933.86
GR254 1985 09 5 288.042
GR254 1985 10 4 153.831
GR254 1985 12 2 1.2933
GR254 1986 03 3 1.11393
GR254 1986 04 3 116.898
GR254 1986 06 3 88.5747
GR254 1986 07 3 276.862
GR254 1986 08 3 277.197
GR254 1986 09 3 872.483
GR254 1986 10 3 345.72
GR254 1986 11 2 1.34023
GR254 1987 02 2 0.392065
GR254 1987 04 2 7.911
GR254 1987 05 2 0.0814302
GR254 1987 06 2 34.6239
GR254 1987 07 2 125.421
GR254 1987 08 2 307.448
GR254 1987 09 2 919.416
GR254 1987 10 4 154.796
GR254 1987 11 2 14.9411
GR254 1988 01 2 13.8229
GR254 1988 02 3 0.897151
GR254 1988 04 4 2.07609
GR254 1988 05 2 2.6443
GR254 1988 06 2 27.509
GR254 1988 07 2 1106.47
GR254 1988 08 2 4324.9
GR254 1988 09 2 228.602
GR254 1988 10 2 59.0971
GR254 1988 11 4 2.57119
GR254 1988 12 2 0.7903
GR254 1989 01 4 19.984
GR254 1989 02 4 25.4608
GR254 1989 03 3 4.33194
GR254 1989 04 3 75.6234
GR254 1989 05 4 15.1367
GR254 1989 06 3 5.81671
GR254 1989 07 5 2042.05
GR254 1989 08 5 46.5761
GR254 1989 09 5 38.6019
GR254 1989 10 5 51.9222
GR254 1990 01 3 0.173934
GR254 1990 02 3 23.8069
GR254 1990 03 3 64.4592
GR254 1990 04 3 3.91349
GR254 1990 05 4 49.5706
GR254 1990 06 5 5.59333
GR254 1990 07 5 277.193
GR254 1990 08 5 804.003
GR254 1990 09 4 50.3998
GR254 1990 10 3 0.625173
GR254 1991 02 2 0.307563
GR254 1991 03 5 11.3231
GR254 1991 06 3 23.9963
GR254 1991 07 5 2.66981
GR254 1991 08 2 0.27873
GR254 1991 09 4 24.1709
GR254 1991 10 5 132.793
GR254 1991 11 2 0.11973
GR254 1992 01 4 72.7325
GR254 1992 02 5 1.75008
GR254 1992 03 4 9.12544
GR254 1992 04 3 6.95345
GR254 1992 06 3 9.80074
GR254 1992 07 5 57.3034
GR254 1992 08 5 5413.42
GR254 1992 09 5 595.007
GR254 1992 10 5 567.217
GR254 1992 11 5 232.671
GR254 1993 01 2 2.02342
GR254 1993 02 2 2.10098
GR254 1993 03 2 3.21855
GR254 1993 04 4 16.465
GR254 1993 06 2 0.14898
GR254 1993 07 2 2.15602
GR254 1993 08 2 1907.77
GR254 1993 09 2 377.716
GR254 1993 10 2 78.1396
GR254 1993 11 2 55.3279
GR254 1994 02 2 2.65086
GR254 1994 03 2 1.72445
GR254 1994 04 2 9.87573
GR254 1994 05 2 0.111031
GR254 1994 06 3 13.9996
GR254 1994 07 2 20.2082
GR254 1994 08 2 255.028
GR254 1994 09 2 354.891
GR254 1994 10 2 202.609
GR254 1995 02 2 0.440172
GR254 1995 04 4 64.1461
GR254 1995 05 3 3.77601
GR254 1995 06 5 2180.45
GR254 1995 07 5 593.359
GR254 1995 08 5 136.813
GR254 1995 09 2 60.0696
GR254 1995 10 4 58.1097
GR254 1995 11 2 3.69188
GR254 1996 03 2 1.78884
GR254 1996 05 2 0.139334
GR254 1996 06 2 62.0344
GR254 1996 07 5 584.195
GR254 1996 08 4 42.5229
GR254 1996 09 5 1946.72
GR254 1996 10 2 1.99916
GR254 1997 03 2 7.74234
GR254 1997 06 5 559.054
GR254 1997 07 4 84.8017
GR254 1997 08 3 421.712
GR254 1997 09 3 782.118
GR254 1998 03 2 19.3408
GR254 1998 04 3 13.7889
GR254 1998 05 3 11.5197
GR254 1998 07 3 1063.1
GR254 1998 08 3 3015.71
GR254 1998 09 3 0.157991
GR254 1998 10 5 139.249
GR254 1998 11 4 31.504
GR254 1999 03 5 45.7646
GR254 1999 04 3 26.0841
GR254 1999 07 2 4.16957
GR254 1999 08 2 1122.43
GR254 1999 09 2 9.65392
GR254 1999 10 3 9.24892
GR254 1999 11 3 52.7506
GR254 2000 03 5 30.4315
GR254 2000 04 5 7.8674
GR254 2000 05 5 31.1721
GR254 2000 06 5 266.912
GR254 2000 07 3 4042.28
GR254 2000 08 3 5.96003
GR254 2000 09 3 1169.24
GR254 2000 10 5 3.97555
GR254 2000 11 5 2.3425
GR254 2001 01 2 0.0569931
GR254 2001 02 3 0.765768
GR254 2001 03 4 5.36611
GR254 2001 04 4 4.21131
GR254 2001 05 3 0.127394
GR254 2001 06 3 0.550764
GR254 2001 07 3 139.966
GR254 2001 08 3 4.34618
GR254 2001 09 4 52.9335
GR254 2001 10 4 1578.58
GR254 2001 11 5 6.75013
GR254 2002 01 4 5.75917
GR254 2002 02 2 5.45889
GR254 2002 03 3 16.3912
GR254 2002 06 3 0.215705
GR254 2002 07 3 9.18108
GR254 2002 08 4 2492.1
GR254 2003 06 4 2.22392
GR254 2003 07 3 1.97131
GR254 2003 08 3 69.9951
GR254 2003 09 2 0.364839
GR254 2003 10 2 0.0565835
GR254 2004 01 2 11.7098
GR254 2004 02 2 0.243614
GR254 2004 03 3 0.70828
GR254 2004 04 3 0.185764
GR254 2004 05 2 0.0595967
GR254 2004 06 4 51.0258
GR254 2004 07 5 866.665
GR254 2004 08 5 131.643
GR254 2004 09 4 188.398
GR254 2004 10 4 2.59995
GR254 2004 11 3 3.22642
GR255 1983 01 3 0.523872
GR255 1983 03 3 28.5426
GR255 1983 04 4 4.06493
GR255 1983 05 5 4.22829
GR255 1983 06 3 3.02269
GR255 1983 07 4 2.66157
GR255 1983 08 5 23.6798
GR255 1983 09 5 34.4961
GR255 1983 10 5 61.6046
GR255 1984 07 2 0.299164
GR255 1984 09 4 59.2362
GR255 1984 10 4 106.995
GR255 1984 11 2 5.21131
GR255 1985 03 2 1.93064
GR255 1985 05 2 0.0627961
GR255 1985 06 2 19.5888
GR255 1985 07 3 31.0459
GR255 1985 08 3 87.5691
GR255 1985 09 4 276.44
GR255 1985 10 3 11.8926
GR255 1986 04 3 12.4213
GR255 1986 06 3 0.479254
GR255 1986 07 2 0.197776
GR255 1986 08 2 692.177
GR255 1986 09 2 39.5273
GR255 1986 10 4 11.8131
GR255 1986 11 2 1.08222
GR255 1986 12 3 4.07439
GR255 1987 01 4 8.17592
GR255 1987 03 2 1.6319
GR255 1987 04 3 4.28408
GR255 1987 06 3 8.72837
GR255 1987 07 4 159.606
GR255 1987 08 3 261.829
GR255 1987 09 3 813.11
GR255 1987 10 2 5.37527
GR255 1988 02 2 0.284856
GR255 1988 04 2 6.07344
GR255 1988 05 3 9.42371
GR255 1988 06 3 58.2739
GR255 1988 07 3 2492.61
GR255 1988 08 3 967.244
GR255 1988 09 3 116.566
GR255 1988 10 3 7.23568
GR255 1988 12 3 1.16642
GR255 1989 01 3 3.92134
GR255 1989 02 5 308.38
GR255 1989 03 4 3.98657
GR255 1989 04 5 103.255
GR255 1989 05 3 35.5737
GR255 1989 06 3 1.91635
GR255 1989 07 3 79.2694
GR255 1989 08 3 81.5636
GR255 1989 09 4 9.74337
GR255 1990 01 3 5.13375
GR255 1990 02 3 13.167
GR255 1990 03 3 8.17659
GR255 1990 05 2 0.297291
GR255 1990 06 2 0.605552
GR255 1990 08 3 84.4485
GR255 1990 10 5 18.1473
GR255 1990 11 3 7.14802
GR255 1991 01 2 2.939
GR255 1991 03 2 0.263282
GR255 1991 06 2 1.68227
GR255 1991 07 3 2.409
GR255 1991 08 3 21.541
GR255 1991 09 4 23.2676
GR255 1991 10 5 45.5697
GR255 1991 11 3 1.62654
GR255 1992 01 5 7.71326
GR255 1992 02 5 8.78459
GR255 1992 03 5 41.6458
GR255 1992 04 5 7.55371
GR255 1992 05 2 0.494898
GR255 1992 07 3 41.9053
GR255 1992 08 3 4261.34
GR255 1992 09 4 127.37
GR255 1992 10 4 167.269
GR255 1992 11 4 117.393
GR255 1993 01 4 1.85852
GR255 1993 02 4 23.8957
GR255 1993 03 3 1.2825
GR255 1993 04 4 2.86261
GR255 1993 05 5 3.63129
GR255 1993 06 5 181.012
GR255 1993 07 5 73.6198
GR255 1993 08 5 734.247
GR255 1993 09 5 35.4845
GR255 1993 10 5 379.818
GR255 1993 11 5 39.0861
GR255 1993 12 3 2139.37
GR255 1994 02 2 0.192635
GR255 1994 03 2 6.10986
GR255 1994 04 3 2.93126
GR255 1994 05 3 6.56635
GR255 1994 06 3 52.4447
GR255 1994 07 3 41.6283
GR255 1994 08 3 537.383
GR255 1994 09 3 32.5105
GR255 1994 10 3 114.128
GR255 1994 12 2 0.522165
GR255 1995 01 2 1.39082
GR255 1995 02 2 14.8081
