ITD20 2003 04 4 5.04138
ITD20 2003 05 4 0.0434631
ITD20 2003 06 4 2.287
ITD20 2003 07 5 0.199898
ITD20 2003 08 5 81.684
ITD20 2003 09 5 12.6229
ITD20 2004 01 2 3.64128
ITD20 2004 02 2 0.0176229
ITD20 2004 03 2 0.132451
ITD20 2004 04 3 2.12034
ITD20 2004 05 3 0.408968
ITD20 2004 06 3 0.128563
ITD20 2004 07 3 1.37376
ITD20 2004 08 3 11.5674
ITD20 2004 09 5 1.03017
ITD20 2004 11 2 0.0339144
ITD20 2004 12 2 0.00567135
ITD20 2005 01 2 0.397568
ITD20 2005 02 4 1.09914
ITD20 2005 03 4 26.5236
ITD20 2005 04 2 1.75322
ITD20 2005 05 5 0.884439
ITD20 2005 06 5 0.743667
ITD20 2005 07 3 0.00552753
ITD20 2005 08 3 6.59969
ITD20 2005 11 3 0.335815
ITD20 2006 03 3 0.140938
ITD20 2006 05 3 0.12746
ITD20 2006 06 3 0.154048
ITD20 2006 07 3 0.574574
ITD20 2006 09 3 0.0192519
ITD20 2006 11 3 0.127027
ITD20 2006 12 3 0.00563981
ITD31 1985 02 2 1.47458
ITD31 1985 04 2 10.5056
ITD31 1985 07 2 0.809648
ITD31 1985 08 5 5.87538
ITD31 1985 09 5 76.177
ITD31 1985 10 5 13.4992
ITD31 1986 03 5 14.3858
ITD31 1986 04 2 1.99086
ITD31 1986 07 2 1.65182
ITD31 1986 10 2 2.10999
ITD31 1986 12 2 22.0951
ITD31 1987 01 2 3.3208
ITD31 1987 03 2 78.4784
ITD31 1987 04 4 11.4648
ITD31 1987 08 4 10.0993
ITD31 1987 09 2 0.23923
ITD31 1988 02 5 3.81258
ITD31 1988 03 5 104.738
ITD31 1988 08 5 7.1173
ITD31 1988 11 2 0.0066207
ITD31 1988 12 5 5.6995
ITD31 1989 01 5 318.03
ITD31 1989 02 5 109.154
ITD31 1989 03 3 1.05331
ITD31 1989 04 2 1.71311
ITD31 1989 06 2 1.40521
ITD31 1989 10 3 116.522
ITD31 1989 12 2 0.486409
ITD31 1990 01 2 48.9941
ITD31 1990 02 2 111.911
ITD31 1990 03 2 232.163
ITD31 1990 04 2 1.36786
ITD31 1990 05 2 0.154363
ITD31 1990 06 2 0.416944
ITD31 1990 08 2 7.52218
ITD31 1991 01 4 2.21106
ITD31 1991 04 2 0.931809
ITD31 1991 07 5 3.30818
ITD31 1991 08 4 6.2989
ITD31 1991 09 4 38.2772
ITD31 1991 12 4 74.6941
ITD31 1992 01 2 0.107652
ITD31 1992 02 2 27.8424
ITD31 1992 03 2 79.7467
ITD31 1992 04 2 24.8469
ITD31 1992 08 3 2.88457
ITD31 1992 09 2 0.941272
ITD31 1993 01 2 3.77214
ITD31 1993 02 2 108.224
ITD31 1993 03 5 1.98795
ITD31 1993 04 2 0.220774
ITD31 1993 06 2 1.22314
ITD31 1993 07 2 0.10821
ITD31 1993 08 2 46.5288
ITD31 1994 02 2 0.723571
ITD31 1994 03 2 15.6204
ITD31 1994 07 2 0.791973
ITD31 1994 08 3 1.11513
ITD31 1995 01 2 0.244861
ITD31 1995 02 3 4.15948
ITD31 1995 03 4 5.31489
ITD31 1995 04 2 34.8619
ITD31 1995 07 3 2.39653
ITD31 1995 08 2 1.41499
ITD31 1996 03 2 5.71268
ITD31 1996 04 4 3.04007
ITD31 1996 06 2 2.31439
ITD31 1997 02 2 60.3557
ITD31 1997 03 2 52.3485
ITD31 1997 04 2 37.6729
ITD31 1998 01 2 1.16458
ITD31 1998 02 2 26.9162
ITD31 1998 03 2 231.213
ITD31 1998 04 2 3.76838
ITD31 1998 08 2 3.87506
ITD31 1998 11 2 0.163275
ITD31 1999 02 3 1.20263
ITD31 1999 03 3 2.52081
ITD31 2000 01 4 0.881051
ITD31 2000 02 4 16.6843
ITD31 2000 03 4 6.82798
ITD31 2000 04 2 0.689781
ITD31 2001 08 2 13.2074
ITD31 2002 01 2 6.36497
ITD31 2002 02 4 42.8911
ITD31 2002 03 4 4.06213
ITD31 2002 04 4 1.8312
ITD31 2002 10 2 0.69021
ITD31 2003 02 2 5.77
ITD31 2003 03 2 4.81981
ITD31 2003 07 2 3.36453
ITD31 2003 08 5 5.15789
ITD31 2003 09 5 12.5669
ITD31 2004 02 3 1.52363
ITD31 2004 03 2 0.0935901
ITD31 2005 01 2 1.03624
ITD31 2005 02 2 13.2488
ITD31 2005 03 2 4.39499
ITD31 2005 04 2 0.395377
ITD31 2005 07 2 0.0984592
ITD31 2005 08 2 0.0108566
ITD31 2006 02 3 1.8228
ITD31 2006 03 2 0.952506
ITD31 2006 04 2 0.223557
ITD31 2006 06 2 0.403596
ITD31 2006 07 2 6.64393
ITD31 2006 11 2 0.481634
ITD32 1985 01 2 8.3733
ITD32 1985 02 2 20.1
ITD32 1985 07 3 1.02239
ITD32 1985 08 3 5.31465
ITD32 1985 09 3 654.902
ITD32 1985 10 4 4.87481
ITD32 1985 12 2 0.289413
ITD32 1986 03 4 136.821
ITD32 1986 07 2 13.2872
ITD32 1986 10 3 3.3336
ITD32 1986 12 3 1.40136
ITD32 1987 01 4 16.7522
ITD32 1987 02 2 4.12794
ITD32 1987 03 2 63.5721
ITD32 1987 04 3 5.07202
ITD32 1987 05 2 1.25212
ITD32 1987 12 2 0.685065
ITD32 1988 02 2 19.2529
ITD32 1988 03 2 1403.44
ITD32 1988 04 3 1.28038
ITD32 1988 08 3 3.29025
ITD32 1988 11 2 0.219882
ITD32 1988 12 2 103.97
ITD32 1989 01 2 88.8391
ITD32 1989 02 2 18.1204
ITD32 1989 03 2 12.2809
ITD32 1989 04 2 0.347434
ITD32 1989 05 3 3.61935
ITD32 1989 08 2 0.072916
ITD32 1989 10 2 0.05175
ITD32 1989 11 2 5.77945
ITD32 1989 12 3 0.14378
ITD32 1990 01 3 190.653
ITD32 1990 02 3 516.393
ITD32 1990 03 3 88.3879
ITD32 1990 04 2 9.66821
ITD32 1990 05 2 5.87784
ITD32 1990 08 2 14.3229
ITD32 1990 12 2 0.301165
ITD32 1991 01 2 11.357
ITD32 1991 02 2 29.9138
ITD32 1991 03 4 22.2779
ITD32 1991 08 2 0.300417
ITD32 1991 12 2 58.065
ITD32 1992 01 2 8.67064
ITD32 1992 02 2 4.46509
ITD32 1992 03 2 143.633
ITD32 1992 04 2 1.09938
ITD32 1992 05 2 1.27847
ITD32 1992 08 2 0.131084
ITD32 1992 09 2 2.12844
ITD32 1993 01 2 39.0663
ITD32 1993 02 2 310.423
ITD32 1993 03 2 209.582
ITD32 1993 08 3 3.25045
ITD32 1994 01 4 16.0688
ITD32 1994 02 3 8.79806
ITD32 1994 03 3 16.8855
ITD32 1994 07 2 0.257862
ITD32 1994 08 5 7.55023
ITD32 1995 01 5 21.5725
ITD32 1995 02 2 6.23045
ITD32 1995 03 2 18.9514
ITD32 1995 04 2 47.1962
ITD32 1995 11 2 14.6435
ITD32 1996 02 2 5.95841
ITD32 1996 03 4 8.50024
ITD32 1996 04 2 8.84268
ITD32 1996 06 2 27.6825
ITD32 1997 01 2 4.08513
ITD32 1997 02 2 80.3079
ITD32 1997 03 2 180.046
ITD32 1997 04 5 281.59
ITD32 1998 02 5 169.249
ITD32 1998 03 5 96.2712
ITD32 1998 04 2 0.330385
ITD32 1998 12 4 4.26283
ITD32 1999 01 4 119.632
ITD32 1999 02 4 96.7419
ITD32 1999 03 3 35.5191
ITD32 2000 01 4 2.82117
ITD32 2000 02 4 33.8332
ITD32 2000 03 4 67.6008
ITD32 2001 02 4 27.939
ITD32 2001 04 2 9.35038
ITD32 2001 07 2 10.0309
ITD32 2001 08 2 6.57516
ITD32 2001 12 2 0.147417
ITD32 2002 01 5 24.2469
ITD32 2002 02 2 4.42879
ITD32 2002 03 2 252.874
ITD32 2002 04 4 0.647736
ITD32 2002 10 2 5.61925
ITD32 2003 02 4 11.0776
ITD32 2003 03 4 55.2106
ITD32 2003 04 3 1.6019
ITD32 2003 08 4 2.96588
ITD32 2003 09 3 0.604362
ITD32 2003 10 2 0.00147409
ITD32 2003 12 2 8.6613
ITD32 2005 02 3 0.85349
ITD32 2006 03 4 11.5085
ITD32 2006 04 3 3.658
ITD32 2006 07 3 3.2611
ITD32 2006 11 2 0.0234624
ITD33 1985 04 5 6.53536
ITD33 1985 05 2 7.5312
ITD33 1985 06 2 0.353685
ITD33 1985 08 3 16.2682
ITD33 1985 09 3 47.5044
ITD33 1985 10 3 7.64276
ITD33 1985 11 2 0.717646
ITD33 1986 01 2 5.98905
ITD33 1986 03 2 24.7801
ITD33 1986 05 4 0.732311
ITD33 1986 07 2 2.1407
ITD33 1986 08 3 4.73881
ITD33 1986 11 4 4.57624
ITD33 1986 12 5 74.1638
ITD33 1987 01 2 18.3674
ITD33 1987 02 2 0.0291092
ITD33 1987 03 2 15.7465
ITD33 1987 04 2 7.73475
ITD33 1987 05 2 0.0303672
ITD33 1988 02 2 1.24365
ITD33 1988 03 2 290.022
ITD33 1988 04 2 0.979188
ITD33 1988 07 2 0.5212
ITD33 1988 08 2 14.9315
ITD33 1988 10 3 2.40885
ITD33 1988 11 2 9.43986
ITD33 1988 12 5 15.4588
ITD33 1989 01 5 66.2743
ITD33 1989 02 5 82.5853
ITD33 1989 03 5 249.787
ITD33 1989 05 3 2.77788
ITD33 1989 10 5 27.7746
ITD33 1989 11 2 2.82131
ITD33 1989 12 2 0.991079
ITD33 1990 01 2 165.425
ITD33 1990 02 4 74.0272
ITD33 1990 03 4 1235.88
ITD33 1990 04 3 7.2996
ITD33 1990 07 2 6.93469
ITD33 1990 08 2 0.876714
ITD33 1990 12 3 1.37324
ITD33 1991 01 2 116.608
ITD33 1991 04 5 11.3543
ITD33 1991 05 3 0.177511
ITD33 1991 06 2 0.0189297
ITD33 1991 09 2 0.0552394
ITD33 1991 12 2 9.24004
ITD33 1992 01 5 1.43969
ITD33 1992 02 5 303.024
ITD33 1992 03 5 16.0194
ITD33 1992 04 4 2.82878
ITD33 1992 05 2 0.50194
ITD33 1992 08 2 19.9274
ITD33 1992 11 2 0.0726972
ITD33 1992 12 3 0.741564
ITD33 1993 01 3 1.18199
ITD33 1993 02 3 307.771
ITD33 1993 03 3 960.218
ITD33 1993 04 3 0.402801
ITD33 1993 06 2 13.5614
ITD33 1993 08 2 1.63998
ITD33 1993 11 2 0.0369075
ITD33 1994 02 2 7.22693
ITD33 1994 03 2 11.1554
ITD33 1994 07 3 0.157577
ITD33 1994 08 3 2.58973
ITD33 1994 12 3 0.474577
ITD33 1995 01 2 0.654115
ITD33 1995 02 2 2.70594
ITD33 1995 03 5 5.25021
ITD33 1995 04 5 209.942
ITD33 1995 05 2 0.0809928
ITD33 1995 08 2 0.518581
ITD33 1995 10 3 419.238
ITD33 1996 01 2 0.01284
ITD33 1996 03 2 30.8011
ITD33 1996 04 2 6.05235
ITD33 1996 06 3 47.8054
ITD33 1996 08 2 0.257235
ITD33 1997 01 2 0.0602226
ITD33 1997 02 2 112.805
ITD33 1997 03 2 156.124
ITD33 1997 04 2 58.259
ITD33 1997 05 2 2454.72
ITD33 1998 02 5 4.80049
ITD33 1998 03 5 126.318
ITD33 1998 04 2 3.13511
ITD33 1998 05 2 7.3317
ITD33 1998 08 3 0.638136
ITD33 1998 12 2 70.5894
ITD33 1999 01 3 4.46855
ITD33 1999 02 3 0.285826
ITD33 1999 03 2 5.1344
ITD33 1999 04 2 0.638034
ITD33 1999 07 2 1.82373
ITD33 2000 03 2 24.7147
ITD33 2001 02 5 120.976
ITD33 2001 06 2 0.0391896
ITD33 2001 07 2 2.45984
ITD33 2001 08 2 0.670245
ITD33 2001 12 2 179.693
ITD33 2002 01 2 280.068
ITD33 2002 02 3 31.1579
ITD33 2002 03 3 308.166
ITD33 2003 02 3 17.0635
ITD33 2003 03 3 28.1749
ITD33 2003 06 4 2.2779
ITD33 2003 07 3 40.5539
ITD33 2003 08 3 2.85411
ITD33 2003 09 2 0.430465
ITD33 2004 02 2 0.0760549
ITD33 2004 03 2 0.311004
ITD33 2004 04 2 0.0280332
ITD33 2004 06 2 0.00695245
ITD33 2004 08 2 0.0114534
ITD33 2005 02 2 7.47945
ITD33 2005 03 2 5.24396
ITD33 2005 04 3 0.25133
ITD33 2006 02 2 0.286718
ITD33 2006 03 4 0.319551
ITD33 2006 04 2 0.00294822
ITD33 2006 07 5 0.217255
ITD33 2006 10 2 0.012336
ITD34 1985 02 2 0.248075
ITD34 1985 04 5 10.5861
ITD34 1985 08 3 1.05658
ITD34 1985 10 3 0.739603
ITD34 1985 12 2 3.21108
ITD34 1986 01 4 0.579558
ITD34 1986 02 4 8.3576
ITD34 1986 03 5 5.97052
ITD34 1986 04 5 3.88247
ITD34 1986 05 2 1.91187
ITD34 1986 11 4 27.4155
ITD34 1986 12 4 563.852
ITD34 1987 01 4 9.12086
ITD34 1987 02 3 2.22978
ITD34 1987 03 3 29.5181
ITD34 1987 04 3 3.89486
ITD34 1987 05 3 4.41754
ITD34 1987 07 2 3.14811
ITD34 1988 01 2 0.502764
ITD34 1988 02 5 8.56258
ITD34 1988 03 5 10.8836
ITD34 1988 08 2 0.29244
ITD34 1988 12 3 37.2207
ITD34 1989 01 3 116.125
ITD34 1989 02 3 22.3193
ITD34 1989 03 3 8.21116
ITD34 1989 05 2 1.65681
ITD34 1989 12 3 2.47949
ITD34 1990 01 3 98.7037
ITD34 1990 02 4 5.42878
ITD34 1990 03 4 73.8286
ITD34 1990 04 2 4.85649
ITD34 1990 08 2 1.8289
ITD34 1990 12 2 3.68368
ITD34 1991 01 5 8.45134
ITD34 1991 02 5 8.32107
ITD34 1991 03 5 2.40198
ITD34 1991 09 2 2.75644
ITD34 1991 11 2 22.1628
ITD34 1991 12 5 66.0155
ITD34 1992 01 4 301.606
ITD34 1992 02 4 3.97269
ITD34 1992 03 4 6.8889
ITD34 1992 04 2 0.65809
ITD34 1992 08 3 11.5676
ITD34 1992 11 2 2.19619
ITD34 1993 01 4 1.93352
ITD34 1993 02 4 24.7184
ITD34 1993 03 5 12.3101
ITD34 1993 04 2 0.569816
ITD34 1993 05 3 0.733048
ITD34 1993 06 2 0.0244354
ITD34 1993 08 3 1.05602
ITD34 1994 02 2 0.608352
ITD34 1994 03 4 1.87889
ITD34 1994 08 4 4.62236
ITD34 1994 11 2 12.407
ITD34 1994 12 2 1.89414
ITD34 1995 01 2 1.22142
ITD34 1995 02 2 0.144244
ITD34 1995 03 4 2.62006
ITD34 1995 04 4 19.9842
ITD34 1995 10 2 0.115923
ITD34 1996 01 2 4.35497
ITD34 1996 02 3 3.4707
ITD34 1996 03 3 9.67518
ITD34 1996 04 3 8.63633
ITD34 1996 07 2 1.65129
ITD34 1997 02 2 21.4895
ITD34 1997 03 2 34.1357
ITD34 1997 04 2 8.43563
ITD34 1998 01 3 30.5528
ITD34 1998 02 3 3.40169
ITD34 1998 03 3 17.5035
ITD34 1998 04 2 0.251379
ITD34 1998 11 2 7.69008
ITD34 1999 01 2 19.6352
ITD34 1999 02 5 200.445
ITD34 1999 03 3 0.690988
ITD34 2000 01 2 0.131236
ITD34 2000 02 3 0.600862
ITD34 2000 03 5 9.45661
ITD34 2002 01 3 1.42138
ITD34 2002 02 3 0.58498
ITD34 2002 03 3 2.87767
ITD34 2003 02 3 3.74236
ITD34 2003 03 3 35.7713
ITD34 2003 08 2 0.506462
ITD34 2005 01 2 0.0251428
ITD34 2006 03 3 8.4838
ITD34 2006 04 2 0.111921
ITD34 2006 07 4 1.8455
ITD35 1985 06 2 0.0209868
ITD35 1985 10 3 1.69028
ITD35 1986 05 2 0.0182973
ITD35 1986 07 2 0.0307308
ITD35 1987 02 2 0.605682
ITD35 1987 06 2 0.169029
ITD35 1987 08 2 0.380913
ITD35 1987 09 2 2.92471
ITD35 1988 07 5 1.89074
ITD35 1988 08 5 0.447101
ITD35 1988 10 3 4.52941
ITD35 1989 02 2 1.38217
ITD35 1990 04 2 0.0764992
ITD35 1990 08 2 0.135782
ITD35 1992 04 2 10.3169
ITD35 1992 08 2 2.39372
ITD35 1993 03 2 4.04921
ITD35 1994 07 2 0.0288786
ITD35 1995 07 2 0.0123741
ITD35 1999 03 2 0.5235
ITD35 2003 06 2 0.777235
ITD35 2005 05 2 0.173496
ITD36 1985 07 4 1.05409
ITD36 1985 08 5 9.95143
ITD36 1985 09 2 10.1576
ITD36 1986 02 2 2.35004
ITD36 1986 03 2 1.91802
ITD36 1986 10 2 4.31744
ITD36 1986 12 2 3.36848
ITD36 1987 03 3 7.4242
ITD36 1987 10 2 0.208891
ITD36 1988 03 3 6.70572
ITD36 1988 04 2 0.74859
ITD36 1988 10 3 0.538999
ITD36 1989 01 2 0.68487
ITD36 1989 02 3 0.0205328
ITD36 1989 03 3 0.125848
ITD36 1989 04 2 1.34902
ITD36 1989 05 2 0.0612495
ITD36 1989 11 2 0.292988
ITD36 1990 01 4 0.329553
ITD36 1990 02 4 12.4925
ITD36 1990 03 4 39.27
ITD36 1990 06 2 0.867722
ITD36 1990 08 2 123.663
ITD36 1990 09 4 12.801
ITD36 1990 12 2 0.822413
ITD36 1991 02 3 9.96005
ITD36 1991 04 2 17.5877
ITD36 1991 06 2 0.00730979
ITD36 1991 07 4 3.77961
ITD36 1991 08 4 62.9111
ITD36 1991 09 4 37.9898
ITD36 1992 01 4 2.94439
ITD36 1992 03 4 18.8459
ITD36 1992 04 2 5.39715
ITD36 1992 05 2 46.5934
ITD36 1992 06 2 0.153173
ITD36 1992 07 3 4.25076
ITD36 1992 08 3 20.7557
ITD36 1992 09 3 2.5572
ITD36 1992 12 2 3.3455
ITD36 1993 02 2 22.2023
ITD36 1993 03 2 0.676885
ITD36 1993 04 5 6.91338
ITD36 1993 05 5 12.0054
ITD36 1993 06 2 0.302595
ITD36 1993 08 2 126.212
ITD36 1994 01 3 3.16183
ITD36 1994 03 3 2.38352
ITD36 1994 07 3 22.1624
ITD36 1994 08 3 6.24354
ITD36 1996 03 4 2.89289
ITD36 1996 04 3 1.99888
ITD36 1996 06 2 0.255998
ITD36 1996 07 3 0.326991
ITD36 1996 08 2 0.176475
ITD36 1996 09 2 0.144917
ITD36 1997 02 2 0.430932
ITD36 1997 03 4 1.14119
ITD36 1997 04 5 7.8463
ITD36 1997 05 2 1090.22
ITD36 1998 02 2 0.0955832
ITD36 1998 07 2 0.554385
ITD36 1998 08 2 6.0084
ITD36 1999 02 2 0.686286
ITD36 1999 04 2 1.08836
ITD36 1999 07 2 0.0661403
ITD36 2000 01 2 1.33642
ITD36 2000 04 2 7.1589
ITD36 2000 06 2 1.73225
ITD36 2000 08 4 0.896143
ITD36 2001 06 2 3.83256
ITD36 2003 05 2 0.506899
ITD36 2003 07 2 0.0909244
ITD36 2003 08 2 30.4142
ITD36 2003 09 3 45.5662
ITD36 2004 02 3 0.95724
ITD36 2005 03 4 0.62535
ITD36 2005 04 2 0.0106532
ITD36 2005 05 2 0.00263641
ITD36 2005 08 2 0.773286
ITD36 2006 06 2 0.0284428
ITD36 2006 07 2 0.756263
ITD37 1985 04 2 2.09483
ITD37 1985 06 2 0.697322
ITD37 1987 07 2 0.372764
ITD37 1988 08 3 0.627073
ITD37 1989 03 2 11.678
ITD37 1989 05 2 0.119218
ITD37 1990 03 2 0.788978
ITD37 1990 08 2 0.0118973
ITD37 1991 07 2 0.0142071
ITD37 1991 08 2 0.00676631
ITD37 1992 03 2 6.10632
ITD37 1992 08 3 0.158417
ITD37 1994 06 2 0.0224136
ITD37 1995 03 2 0.0988286
ITD37 1995 07 3 0.0338541
ITD37 1996 06 4 1.04837
ITD37 1997 04 2 0.0573425
ITD37 1997 05 2 0.212754
ITD37 1998 05 2 0.110925
ITD37 1998 08 3 0.142056
ITD37 2000 05 2 0.029042
ITD37 2000 06 2 0.103048
ITD37 2002 03 2 0.265276
ITD37 2004 09 2 1.63263
ITD37 2005 06 2 0.194886
ITD37 2006 08 4 2.84449
ITD37 2006 09 2 23.7635
ITD41 1985 01 2 3.54022
ITD41 1985 02 2 18.8538
ITD41 1985 03 2 20.0519
ITD41 1985 04 2 9.78618
ITD41 1985 05 2 1.3542
ITD41 1985 09 2 0.201223
ITD41 1985 10 5 4.90477
ITD41 1985 11 4 87.4937
ITD41 1986 01 5 2.48648
ITD41 1986 02 5 6.35286
ITD41 1986 03 5 1.62968
ITD41 1986 04 2 0.374765
ITD41 1986 05 4 3.00772
ITD41 1986 08 4 5.18126
ITD41 1986 10 2 1.19462
ITD41 1986 11 3 226.153
ITD41 1986 12 5 3.76214
ITD41 1987 01 5 1.83849
ITD41 1987 02 5 1.77929
ITD41 1987 03 5 102.38
ITD41 1987 04 5 6.79386
ITD41 1987 05 3 1.70692
ITD41 1987 09 2 0.0526292
ITD41 1988 01 3 0.787798
ITD41 1988 02 3 53.4677
ITD41 1988 03 3 341.577
ITD41 1988 04 4 14.3674
ITD41 1988 07 2 0.049983
ITD41 1988 08 2 139.88
ITD41 1988 11 3 0.015051
ITD41 1988 12 3 47.4424
ITD41 1989 01 3 11.9328
ITD41 1989 02 3 20.5489
ITD41 1989 03 3 18.8342
ITD41 1989 04 2 0.12234
ITD41 1989 05 4 8.82323
ITD41 1989 08 3 2.76601
ITD41 1989 10 2 0.334878
ITD41 1989 11 4 0.524606
ITD41 1989 12 4 0.218262
ITD41 1990 01 4 721.217
ITD41 1990 02 4 260.477
ITD41 1990 03 4 394.272
ITD41 1990 04 2 0.468918
ITD41 1990 05 2 52.5449
ITD41 1990 07 2 0.0739692
ITD41 1990 11 2 0.0596647
ITD41 1990 12 4 7.39165
ITD41 1991 01 4 38.8313
ITD41 1991 02 4 15.1094
ITD41 1991 03 4 5.13448
ITD41 1991 04 4 4.35557
ITD41 1991 05 2 0.134667
ITD41 1991 08 4 0.626621
ITD41 1991 12 4 12.3121
ITD41 1992 01 4 71.5033
ITD41 1992 02 4 211.401
ITD41 1992 03 4 390.38
ITD41 1992 04 4 89.9488
ITD41 1992 05 4 16.1542
ITD41 1992 07 2 1.29022
ITD41 1992 08 2 3.54037
ITD41 1992 09 3 0.142569
ITD41 1992 12 2 0.0122682
ITD41 1993 01 2 203.285
ITD41 1993 02 2 838.015
ITD41 1993 03 2 71.4931
ITD41 1993 04 2 32.8717
ITD41 1993 05 4 5.91563
ITD41 1993 06 4 12.3812
ITD41 1993 08 4 2.98735
ITD41 1994 01 3 1.69809
ITD41 1994 02 3 52.1447
ITD41 1994 03 4 18.9127
ITD41 1994 04 2 0.0263448
ITD41 1994 07 3 0.256578
ITD41 1994 08 3 13.6305
ITD41 1994 09 2 0.702254
ITD41 1994 10 2 0.17718
ITD41 1995 01 2 5.7674
ITD41 1995 02 2 2.80111
ITD41 1995 03 2 140.376
ITD41 1995 04 2 339.269
ITD41 1995 08 4 60.9459
ITD41 1995 11 2 19.5045
ITD41 1996 02 2 2.23824
ITD41 1996 03 2 178.826
ITD41 1996 04 2 149.405
ITD41 1996 06 2 9.94179
ITD41 1997 01 2 1.95968
ITD41 1997 02 2 302.656
ITD41 1997 03 2 3392.47
ITD41 1997 04 2 17.1726
ITD41 1997 10 2 0.399065
ITD41 1997 11 2 0.111466
ITD41 1998 02 4 187.916
ITD41 1998 03 4 125.865
ITD41 1998 04 3 1.18511
ITD41 1998 05 4 10.8944
ITD41 1998 06 2 0.0299011
ITD41 1999 01 3 2.27753
ITD41 1999 02 5 164.112
ITD41 1999 03 2 11.9913
ITD41 1999 12 2 27.8764
ITD41 2000 01 2 0.238817
ITD41 2000 02 3 0.299683
ITD41 2000 03 3 2.74033
ITD41 2000 06 2 0.421686
ITD41 2001 02 2 1.19331
ITD41 2001 08 2 1.06709
ITD41 2001 09 2 4.54256
ITD41 2002 01 2 25.6544
ITD41 2002 02 5 0.415982
ITD41 2002 03 5 69.7279
ITD41 2002 04 3 127.724
ITD41 2003 02 3 6.12336
ITD41 2003 03 3 152.887
ITD41 2003 05 2 0.414406
ITD41 2003 06 2 13.9902
ITD41 2003 07 4 6.3849
ITD41 2003 08 4 41.0224
ITD41 2004 02 2 0.245388
ITD41 2004 03 3 0.228002
ITD41 2004 08 3 0.0295984
ITD41 2004 11 2 0.0471833
ITD41 2004 12 3 0.185527
ITD41 2005 01 4 0.510747
ITD41 2005 02 4 1.12093
ITD41 2005 03 4 8.84319
ITD41 2006 03 3 0.309169
ITD41 2006 06 2 0.142937
ITD41 2006 07 2 8.04973
ITD41 2006 12 2 36.5334
ITD42 1985 01 2 0.65212
ITD42 1985 02 2 9.67331
ITD42 1985 03 2 11.1301
ITD42 1985 04 2 41.1596
ITD42 1985 05 3 1.31344
ITD42 1985 07 3 3.43606
ITD42 1985 08 3 101.532
ITD42 1985 09 3 13.2894
ITD42 1985 10 3 81.4981
ITD42 1985 12 2 0.504052
ITD42 1986 01 4 6.43209
ITD42 1986 02 4 73.5584
ITD42 1986 03 4 61.4076
ITD42 1986 04 3 3.19282
ITD42 1986 05 3 3.18488
ITD42 1986 06 2 1.69371
ITD42 1986 07 5 41.389
ITD42 1986 08 5 7.87643
ITD42 1986 10 3 2.2381
ITD42 1986 11 3 32.6144
ITD42 1986 12 3 38.8642
ITD42 1987 01 4 8.52458
ITD42 1987 02 4 20.2696
ITD42 1987 03 4 183.904
ITD42 1987 04 4 51.798
ITD42 1987 05 2 0.233113
ITD42 1987 06 2 0.00767635
ITD42 1987 07 2 8.59064
ITD42 1987 08 2 38.0821
ITD42 1987 09 2 25.8739
ITD42 1988 01 2 1.52061
ITD42 1988 02 2 21.2719
ITD42 1988 03 2 266.107
ITD42 1988 04 2 17.2358
ITD42 1988 06 3 0.166083
ITD42 1988 07 5 0.487753
ITD42 1988 08 5 95.1332
ITD42 1988 09 3 10.1092
ITD42 1988 10 2 0.0247684
ITD42 1988 11 4 6.50657
ITD42 1988 12 4 48.3312
ITD42 1989 01 4 642.314
ITD42 1989 02 4 630.422
ITD42 1989 03 4 80.3596
ITD42 1989 04 4 3.72435
ITD42 1989 05 4 66.1419
ITD42 1989 08 5 5.7615
ITD42 1989 09 3 1.84725
ITD42 1989 10 5 42.2906
ITD42 1989 11 2 0.538261
ITD42 1989 12 4 10.5249
ITD42 1990 01 4 102.441
ITD42 1990 02 4 78.1038
ITD42 1990 03 4 4308.21
ITD42 1990 04 5 8.24089
ITD42 1990 05 5 26.3724
ITD42 1990 06 2 0.323146
ITD42 1990 07 3 1.52285
ITD42 1990 08 5 0.436154
ITD42 1990 09 5 0.186259
ITD42 1990 11 2 0.142029
ITD42 1990 12 2 8.21696
ITD42 1991 01 2 27.5913
ITD42 1991 02 2 43.0859
ITD42 1991 03 2 12.049
ITD42 1991 04 2 27.8282
ITD42 1991 05 2 1.9331
ITD42 1991 06 2 0.867132
ITD42 1991 07 2 0.28187
ITD42 1991 08 2 44.3609
ITD42 1991 10 2 0.0128674
ITD42 1991 11 2 0.119532
ITD42 1991 12 2 33.6321
ITD42 1992 01 2 2.37813
ITD42 1992 02 2 115.215
ITD42 1992 03 2 188.702
ITD42 1992 04 2 161.547
ITD42 1992 05 5 0.787904
ITD42 1992 07 2 0.0571037
ITD42 1992 08 2 3.73919
ITD42 1992 12 2 1.75667
ITD42 1993 01 2 114.074
ITD42 1993 02 2 83.7401
ITD42 1993 03 2 400.696
ITD42 1993 04 2 174.081
ITD42 1993 05 3 0.1634
ITD42 1993 07 2 0.0621146
ITD42 1993 08 2 10.1061
ITD42 1993 12 3 0.276465
ITD42 1994 01 5 4.12787
ITD42 1994 02 5 62.0074
ITD42 1994 03 5 3.86587
ITD42 1994 05 5 17.113
ITD42 1994 06 2 0.371681
ITD42 1994 07 2 5.58015
ITD42 1994 08 2 5.05523
ITD42 1994 11 4 0.815724
ITD42 1994 12 3 18.7199
ITD42 1995 01 3 11.3107
ITD42 1995 02 3 0.0709226
ITD42 1995 03 3 8.60448
ITD42 1995 04 3 145.081
ITD42 1995 05 3 0.107736
ITD42 1995 07 3 2.46233
ITD42 1995 08 3 4.28294
ITD42 1995 10 3 0.873971
ITD42 1995 11 3 247.107
ITD42 1995 12 2 3.7183
ITD42 1996 01 3 1.08839
ITD42 1996 02 3 11.0555
ITD42 1996 03 3 36.0126
ITD42 1996 04 3 103.831
ITD42 1996 06 3 3.07046
ITD42 1996 08 3 0.106979
ITD42 1997 01 3 1.09497
ITD42 1997 02 3 80.5427
ITD42 1997 03 3 98.9469
ITD42 1997 04 3 968.479
ITD42 1997 05 2 0.0286106
ITD42 1997 08 3 0.0109998
ITD42 1997 10 3 0.00492166
ITD42 1997 11 2 0.464363
ITD42 1998 01 4 1.53447
ITD42 1998 02 4 115.779
ITD42 1998 03 4 138.659
ITD42 1998 04 2 1.3218
ITD42 1998 05 4 2.59605
ITD42 1998 08 4 1.3791
ITD42 1998 12 4 3.88856
ITD42 1999 01 4 9.36946
ITD42 1999 02 5 2.51554
ITD42 1999 03 5 14.9442
ITD42 1999 04 5 6.24608
ITD42 1999 07 4 5.91231
ITD42 1999 08 2 0.852568
ITD42 2000 01 3 0.740995
ITD42 2000 02 5 4.90854
ITD42 2000 03 5 9.32742
ITD42 2000 04 2 1.67923
ITD42 2000 06 2 0.281053
ITD42 2000 07 2 0.00468463
ITD42 2000 08 2 8.49929
ITD42 2001 02 2 5.51242
ITD42 2001 04 2 0.0983018
ITD42 2001 06 3 2.77269
ITD42 2001 08 3 3.91481
ITD42 2001 12 3 37.0404
ITD42 2002 01 3 50.7571
ITD42 2002 02 3 0.215101
ITD42 2002 03 3 179.291
ITD42 2002 04 3 143.616
ITD42 2002 07 2 0.23269
ITD42 2003 01 3 0.914778
ITD42 2003 02 3 7.37921
ITD42 2003 03 3 1216.47
ITD42 2003 04 4 1.68621
ITD42 2003 05 3 0.387325
ITD42 2003 06 3 11.5412
ITD42 2003 07 3 0.45477
ITD42 2003 08 3 209.426
ITD42 2003 09 3 0.540319
ITD42 2003 12 3 5.67517
ITD42 2004 01 4 3.89807
ITD42 2004 03 3 8.37053
ITD42 2004 04 3 0.04765
ITD42 2004 06 2 0.00281898
ITD42 2004 07 2 0.674725
ITD42 2004 08 2 0.00138181
ITD42 2004 11 2 0.0418348
ITD42 2004 12 2 5.84244
ITD42 2005 01 2 3.43281
ITD42 2005 02 2 7.44349
ITD42 2005 03 4 4.1175
ITD42 2005 04 3 0.681349
ITD42 2005 06 3 1.05061
ITD42 2005 07 4 1.13506
ITD42 2005 11 4 0.379155
ITD42 2006 02 3 5.8982
ITD42 2006 03 2 0.442989
ITD42 2006 04 2 0.130193
ITD42 2006 06 3 61.9657
ITD42 2006 07 3 107.106
ITD43 1985 01 2 0.135199
ITD43 1985 03 3 74.8227
ITD43 1985 04 3 5.00114
ITD43 1985 06 2 0.121948
ITD43 1985 07 2 15.985
ITD43 1985 08 2 0.936774
ITD43 1985 09 2 14.5114
ITD43 1985 10 2 97.0312
ITD43 1986 02 3 0.824023
ITD43 1986 03 5 8.54349
ITD43 1986 04 3 1.06548
ITD43 1986 05 3 4.80588
ITD43 1986 07 2 0.0725758
ITD43 1986 08 2 2.11374
ITD43 1986 09 4 3.6474
ITD43 1986 10 2 0.145935
ITD43 1986 11 2 1.52975
ITD43 1987 01 2 0.141886
ITD43 1987 02 3 4.91424
ITD43 1987 03 3 69.8393
ITD43 1987 04 5 57.4695
ITD43 1987 05 2 0.138371
ITD43 1987 07 3 6.59208
ITD43 1987 08 2 0.014706
ITD43 1987 09 2 0.0112895
ITD43 1987 10 2 0.0322821
ITD43 1987 11 2 0.0610044
ITD43 1988 03 2 5.04832
ITD43 1988 04 3 0.370479
ITD43 1988 07 2 0.120432
ITD43 1988 08 2 106.647
ITD43 1988 09 3 0.348428
ITD43 1988 10 2 0.179442
ITD43 1989 01 5 0.791633
ITD43 1989 02 5 12.4447
ITD43 1989 03 5 5.99729
ITD43 1989 04 3 0.379511
ITD43 1989 05 2 1.55183
ITD43 1989 07 2 0.0869559
ITD43 1989 09 4 3.27575
ITD43 1989 10 2 0.129699
ITD43 1989 12 5 6.52435
ITD43 1990 01 5 5.37632
ITD43 1990 02 5 5.14425
ITD43 1990 03 5 82.8401
ITD43 1990 04 3 0.30558
ITD43 1990 06 2 0.0588304
ITD43 1990 08 5 0.345049
ITD43 1990 11 2 0.00637553
ITD43 1990 12 2 0.568046
ITD43 1991 01 2 0.711031
ITD43 1991 02 2 31.3828
ITD43 1991 03 2 0.069603
ITD43 1991 04 2 0.675371
ITD43 1991 05 2 0.0311384
ITD43 1991 06 2 1.62562
ITD43 1991 07 3 0.364161
ITD43 1991 08 4 8.35515
ITD43 1991 12 3 1.41173
ITD43 1992 01 2 0.537904
ITD43 1992 02 4 11.5148
ITD43 1992 03 4 44.6468
ITD43 1992 04 2 0.458317
ITD43 1992 06 2 0.0143578
ITD43 1992 07 3 0.510916
ITD43 1992 08 3 6.16
ITD43 1992 10 2 0.272303
ITD43 1993 01 2 71.0574
ITD43 1993 02 2 59.0583
ITD43 1993 03 2 6.50912
ITD43 1993 04 3 7.15585
ITD43 1993 05 3 0.135178
ITD43 1993 07 3 3.90354
ITD43 1993 08 3 66.78
ITD43 1993 09 2 5.64184
ITD43 1993 11 2 1.24031
ITD43 1994 02 2 2.75544
ITD43 1994 03 4 0.949043
ITD43 1994 04 2 0.17849
ITD43 1994 06 2 0.0272645
ITD43 1994 07 4 159.216
ITD43 1994 08 4 3.7325
ITD43 1994 10 2 0.00995718
ITD43 1995 02 3 0.331775
ITD43 1995 03 4 10.8085
ITD43 1995 04 4 6.16678
ITD43 1995 07 4 5.30842
ITD43 1995 08 4 89.0231
ITD43 1995 11 2 9.37613
ITD43 1996 01 2 0.0108499
ITD43 1996 02 3 1.1064
ITD43 1996 03 3 75.085
ITD43 1996 04 2 0.239788
ITD43 1996 06 4 0.630148
