FR832 1998 04 3 3.14455
FR832 1998 05 2 1.06372
FR832 1998 06 2 7.82203
FR832 1998 07 109 351.147
FR832 1998 08 134 4101.08
FR832 1998 09 93 742.587
FR832 1998 10 93 516.322
FR832 1998 11 93 68.5314
FR832 1999 01 93 29.8996
FR832 1999 02 98 116.99
FR832 1999 03 93 212.122
FR832 1999 04 93 17.3699
FR832 1999 06 93 197.972
FR832 1999 07 138 1039.17
FR832 1999 08 183 1718.17
FR832 1999 09 183 111.001
FR832 1999 10 183 262.589
FR832 1999 11 2 0.63065
FR832 1999 12 2 2.16604
FR832 2000 01 2 5.64603
FR832 2000 02 2 60.3233
FR832 2000 03 2 63.4095
FR832 2000 04 4 3.01562
FR832 2000 05 4 30.7624
FR832 2000 06 3 1.43672
FR832 2000 07 3 945.814
FR832 2000 08 94 10566.4
FR832 2000 09 81 1580.4
FR832 2001 02 5 10.7933
FR832 2001 03 5 247.598
FR832 2001 04 5 0.979165
FR832 2001 05 2 0.495284
FR832 2001 06 2 95.0216
FR832 2001 07 2 631.211
FR832 2001 08 167 1689.2
FR832 2001 09 89 2400.8
FR832 2001 10 89 7.2488
FR832 2001 11 89 42.4679
FR832 2001 12 89 267.967
FR832 2002 01 89 11.1091
FR832 2002 02 89 47.4629
FR832 2002 03 89 419.27
FR832 2002 04 89 31.1521
FR832 2002 05 2 1.62436
FR832 2002 06 2 69.6665
FR832 2002 07 2 57.9863
FR832 2002 08 2 33.3812
FR832 2002 09 5 6.45917
FR832 2002 10 5 8.20041
FR832 2002 11 5 8.13623
FR832 2003 01 5 27.3124
FR832 2003 02 5 10.0298
FR832 2003 03 5 84.0421
FR832 2003 04 5 27.9724
FR832 2003 05 5 18.4605
FR832 2003 06 5 255.481
FR832 2003 07 93 4313.41
FR832 2003 08 147 14862.2
FR832 2003 09 147 35.4792
FR832 2003 10 147 205.923
FR832 2003 11 5 0.212102
FR832 2004 01 5 84.2868
FR832 2004 02 5 8.95582
FR832 2004 03 5 12.9451
FR832 2004 04 5 19.0937
FR832 2004 05 2 0.378774
FR832 2004 06 2 56.4842
FR832 2004 07 2 476.655
FR832 2004 08 2 4051.84
FR832 2004 09 2 159.674
FR832 2004 10 2 31.9868
FR832 2004 11 4 1.47611
FR832 2005 01 4 7.65138
FR832 2005 02 4 19.658
FR832 2005 03 4 9.44196
FR832 2005 04 4 203.17
FR832 2005 05 4 29.5874
FR832 2005 06 4 3229.79
FR832 2005 07 4 425.978
FR832 2005 08 4 84.0669
FR832 2005 09 4 6.58174
FR832 2005 10 4 8.45162
FR832 2005 12 4 11.1303
FR832 2006 01 4 40.7111
FR832 2006 02 4 61.7552
FR832 2006 03 4 42.2681
FR832 2006 04 4 127.978
FR832 2006 05 4 14.8615
FR832 2006 06 4 99.0917
FR832 2006 07 4 122.295
FR832 2006 08 4 330.265
FR832 2006 09 4 33.3438
FR832 2006 10 4 17.0311
FR832 2006 11 4 23.5934
FR832 2006 12 4 3.94457
GR111 1983 03 2 4.72185
GR111 1983 04 3 10.6991
GR111 1983 09 3 120.689
GR111 1983 10 2 0.611348
GR111 1984 03 3 15.2318
GR111 1984 07 3 17.1142
GR111 1984 09 3 60.3113
GR111 1984 10 3 177.954
GR111 1984 11 2 2.86602
GR111 1985 03 2 5.07608
GR111 1985 06 3 4.13789
GR111 1985 07 2 9.2695
GR111 1985 08 2 271.439
GR111 1985 09 2 157.301
GR111 1985 10 3 5.1432
GR111 1985 11 4 4.18664
GR111 1986 03 4 6.1646
GR111 1986 04 2 13.5232
GR111 1986 05 2 2.13646
GR111 1986 08 3 2.70668
GR111 1986 09 3 82.1973
GR111 1986 10 3 51.5899
GR111 1986 12 2 52.2605
GR111 1987 04 4 4.5798
GR111 1987 06 3 8.00577
GR111 1987 09 3 164.458
GR111 1987 11 2 1.37625
GR111 1988 07 5 14.5911
GR111 1988 08 4 187.473
GR111 1988 09 4 130.889
GR111 1988 10 4 51.3488
GR111 1989 01 2 27.7837
GR111 1989 02 2 8.62661
GR111 1989 03 2 13.9304
GR111 1989 04 4 7.7921
GR111 1989 08 4 41.1066
GR111 1989 09 4 63.7744
GR111 1989 10 2 1.39912
GR111 1990 02 2 114.774
GR111 1990 03 2 171.062
GR111 1990 04 2 0.62314
GR111 1990 07 2 48.2679
GR111 1990 08 2 71.1287
GR111 1990 09 2 43.9887
GR111 1990 10 2 21.0501
GR111 1991 02 2 1.1644
GR111 1991 07 5 225.116
GR111 1991 09 5 539.562
GR111 1991 10 2 0.635801
GR111 1992 01 2 3.26986
GR111 1992 02 4 4.45489
GR111 1992 03 4 19.8141
GR111 1992 04 4 9.68331
GR111 1992 05 3 12.3585
GR111 1992 08 5 377.128
GR111 1992 09 5 196.367
GR111 1992 10 5 14.3322
GR111 1992 11 4 12.7414
GR111 1993 02 3 9.60551
GR111 1993 03 3 10.1137
GR111 1993 04 5 9.60196
GR111 1993 07 4 58.4511
GR111 1993 08 4 14.1351
GR111 1993 09 4 61.4812
GR111 1993 10 3 22.0502
GR111 1994 05 2 7.88438
GR111 1994 06 3 77.0736
GR111 1994 07 3 544.147
GR111 1994 08 3 1152.31
GR111 1994 09 3 95.2496
GR111 1994 10 2 3.06456
GR111 1994 11 2 4.14052
GR111 1995 06 2 1.76118
GR111 1995 07 4 34.8135
GR111 1995 08 4 14.5034
GR111 1995 10 3 0.632927
GR111 1996 01 2 5.12527
GR111 1996 08 5 43.7644
GR111 1997 05 3 1.47971
GR111 1997 06 3 0.550286
GR111 1997 07 4 99.5404
GR111 1997 09 4 226.151
GR111 1998 04 3 2.20999
GR111 1998 07 4 0.902657
GR111 1998 08 3 0.777122
GR111 1998 09 3 0.35443
GR111 1998 11 2 0.276336
GR111 1999 03 2 1.90994
GR111 1999 04 2 0.235052
GR111 1999 06 4 0.536864
GR111 1999 07 4 4.27066
GR111 1999 08 3 0.44866
GR111 1999 09 3 43.4597
GR111 1999 10 5 30.3573
GR111 1999 11 3 2.42645
GR111 2000 01 2 0.12144
GR111 2000 02 5 2.56547
GR111 2000 03 5 69.7161
GR111 2000 04 5 122.817
GR111 2000 05 2 0.0758042
GR111 2000 06 2 2.17287
GR111 2000 07 2 90.8901
GR111 2000 08 2 683.769
GR111 2000 09 2 503.572
GR111 2000 10 4 3.14585
GR111 2000 11 3 34.9675
GR111 2001 02 3 1.16246
GR111 2001 03 3 3.08028
GR111 2001 04 2 0.898513
GR111 2001 05 3 0.5983
GR111 2001 06 3 0.25456
GR111 2001 07 3 446.183
GR111 2001 08 3 141.618
GR111 2001 09 3 416.366
GR111 2001 10 3 44.9015
GR111 2001 11 3 11.2698
GR111 2002 02 2 4.19634
GR111 2002 04 2 0.526691
GR111 2002 06 3 0.416214
GR111 2002 07 3 1.00188
GR111 2002 08 4 3.74456
GR111 2003 07 2 25.3829
GR111 2003 09 2 76.1106
GR111 2004 03 2 5.88617
GR111 2004 08 2 3.72159
GR111 2004 09 3 7.40305
GR112 1983 03 2 0.352232
GR112 1984 04 2 0.303486
GR112 1984 08 2 27.8397
GR112 1984 10 2 13.1262
GR112 1984 11 2 0.375414
GR112 1985 02 2 13.5887
GR112 1985 09 5 32.912
GR112 1985 10 2 0.576628
GR112 1986 04 2 5.54163
GR112 1986 07 2 0.288758
GR112 1986 08 2 5.742
GR112 1986 09 3 13.8701
GR112 1986 10 2 101.687
GR112 1986 12 2 8.64538
GR112 1987 03 3 33.4419
GR112 1987 05 3 9.75933
GR112 1987 06 2 1.37394
GR112 1987 08 2 3.32835
GR112 1987 09 2 0.514184
GR112 1988 08 4 9.88293
GR112 1988 09 5 211.535
GR112 1988 10 5 59.7568
GR112 1988 11 2 0.277618
GR112 1989 02 4 41.5645
GR112 1989 04 3 36.9223
GR112 1989 09 3 10.503
GR112 1990 02 2 16.7366
GR112 1990 03 2 8.17792
GR112 1990 04 2 2.15916
GR112 1990 05 2 0.562586
GR112 1990 08 2 77.007
GR112 1990 09 4 18.099
GR112 1990 11 2 2.97574
GR112 1991 01 2 4.64093
GR112 1991 02 2 0.100222
GR112 1991 08 4 6.0593
GR112 1991 10 2 21.3493
GR112 1992 02 2 3.63315
GR112 1992 03 2 140.156
GR112 1992 08 2 6.46666
GR112 1992 09 4 35.2797
GR112 1992 10 3 82.0937
GR112 1993 02 4 30.6925
GR112 1993 03 2 0.578576
GR112 1993 04 3 36.0085
GR112 1993 05 3 7.45197
GR112 1993 06 3 4.5631
GR112 1993 07 4 8.23897
GR112 1993 08 5 2.60755
GR112 1993 09 5 52.5477
GR112 1993 10 2 19.8104
GR112 1993 11 2 0.0998621
GR112 1994 03 2 80.96
GR112 1994 04 3 2.75683
GR112 1994 06 3 115.7
GR112 1994 07 2 0.826336
GR112 1994 08 4 172.837
GR112 1994 09 5 98.2186
GR112 1995 02 2 10.326
GR112 1995 04 3 3.20518
GR112 1995 05 2 3.94582
GR112 1995 06 2 44.6034
GR112 1995 07 3 3.60271
GR112 1995 08 2 12.5929
GR112 1995 09 2 2.59003
GR112 1995 10 3 28.3418
GR112 1996 04 2 130.982
GR112 1996 05 2 5.05131
GR112 1996 07 5 1.4894
GR112 1996 08 4 42.2066
GR112 1996 09 3 24.2749
GR112 1997 02 2 0.372201
GR112 1997 05 2 1.18445
GR112 1997 07 3 0.166572
GR112 1997 09 3 0.105712
GR112 1997 10 2 0.129965
GR112 1998 02 2 0.0709692
GR112 1998 08 3 40.9477
GR112 2000 03 2 0.25337
GR112 2000 04 4 62.1306
GR112 2000 05 2 36.3606
GR112 2000 06 4 0.170698
GR112 2000 07 4 0.595578
GR112 2000 08 4 11.8321
GR112 2000 09 3 0.212341
GR112 2000 12 4 1.35984
GR112 2001 02 2 0.144027
GR112 2001 04 2 1.22318
GR112 2001 06 3 0.213282
GR112 2001 07 3 345.347
GR112 2001 08 3 1.36236
GR112 2001 09 3 0.992997
GR112 2001 10 4 2.47157
GR112 2001 11 4 0.972945
GR112 2002 02 2 0.135452
GR112 2002 04 2 0.536952
GR112 2003 08 3 3.28492
GR112 2003 09 3 10.2309
GR112 2003 11 2 0.351519
GR112 2004 09 3 1.64253
GR112 2004 11 2 0.52414
GR113 1984 06 3 2.51745
GR113 1984 07 2 8.10208
GR113 1984 09 2 5.73176
GR113 1984 10 3 11.0925
GR113 1984 11 2 219.383
GR113 1985 07 2 7.6597
GR113 1985 08 4 11.6715
GR113 1986 04 2 0.961194
GR113 1986 06 2 357.115
GR113 1986 08 2 7.2796
GR113 1986 09 4 70.1413
GR113 1986 10 2 1.26979
GR113 1987 07 2 0.595223
GR113 1987 09 2 0.656304
GR113 1988 08 3 3.85249
GR113 1988 09 2 4.07873
GR113 1988 10 4 17.5909
GR113 1989 02 3 16.4359
GR113 1989 08 3 1.01326
GR113 1989 09 2 0.279364
GR113 1990 03 3 32.3039
GR113 1990 06 2 3.79483
GR113 1990 07 2 2.72904
GR113 1990 08 2 2.95208
GR113 1990 09 3 42.6096
GR113 1990 10 2 0.824531
GR113 1991 10 2 2.10634
GR113 1992 03 4 6.33762
GR113 1992 05 3 1.21584
GR113 1992 08 4 4.31235
GR113 1992 09 3 2.58292
GR113 1993 02 2 1.06715
GR113 1993 07 2 12.9188
GR113 1993 08 2 2.0651
GR113 1993 09 3 1.434
GR113 1994 03 3 1.25983
GR113 1994 08 4 542.445
GR113 1994 09 4 63.0457
GR113 1995 07 3 0.435108
GR113 1995 08 5 11.2874
GR113 1995 09 2 1.74001
GR113 1995 10 2 0.210051
GR113 1996 01 2 0.123715
GR113 1996 06 3 2.22044
GR113 1996 07 4 10.4639
GR113 1996 08 2 183.778
GR113 1996 09 2 8.22535
GR113 1996 10 2 0.565776
GR113 1997 04 2 0.149705
GR113 1997 07 3 21.1588
GR113 1997 08 5 188.015
GR113 1997 10 4 26.0562
GR113 1998 07 2 0.73555
GR113 1998 08 2 1.00592
GR113 1999 07 4 7.14148
GR113 1999 08 4 35.4701
GR113 1999 09 4 30.2655
GR113 1999 10 2 2.9838
GR113 2000 07 3 2.75747
GR113 2000 08 3 494.206
GR113 2000 09 3 0.964818
GR113 2000 10 5 12.3658
GR113 2000 11 3 3.77548
GR113 2001 05 2 0.120079
GR113 2001 06 2 0.050298
GR113 2001 07 3 51.9803
GR113 2001 08 3 1858.69
GR113 2001 09 2 0.0518814
GR113 2001 10 2 35.3824
GR113 2001 11 3 98.0633
GR113 2001 12 3 1.54064
GR113 2002 03 2 0.0922616
GR113 2002 05 2 0.087854
GR113 2002 06 2 3.44796
GR113 2002 07 5 1.47058
GR113 2003 02 3 0.710031
GR113 2003 05 3 0.243271
GR113 2003 09 3 0.345427
GR113 2004 04 2 0.0679283
GR113 2004 07 3 4.10591
GR113 2004 08 3 0.90776
GR113 2004 09 3 0.848478
GR114 1983 01 2 5.37489
GR114 1983 02 2 23.8745
GR114 1983 03 2 28.622
GR114 1983 04 3 28.8395
GR114 1983 10 2 28.9425
GR114 1984 06 3 10.7015
GR114 1984 07 3 133.583
GR114 1984 08 4 71.128
GR114 1984 09 3 54.3138
GR114 1984 10 3 90.1222
GR114 1984 11 3 63.5594
GR114 1985 02 3 4.48342
GR114 1985 03 2 3.73842
GR114 1985 06 3 37.152
GR114 1985 07 3 605.481
GR114 1985 08 3 1492.41
GR114 1985 09 3 68.9849
GR114 1985 10 3 270.267
GR114 1985 12 2 12.4981
GR114 1986 03 4 28.1468
GR114 1986 04 2 5.88965
GR114 1986 08 2 58.6566
GR114 1986 09 4 30.834
GR114 1986 10 2 2.99239
GR114 1986 11 2 2.77119
GR114 1986 12 3 36.338
GR114 1987 03 2 52.8104
GR114 1987 04 2 19.9062
GR114 1987 05 2 1.04285
GR114 1987 06 2 8.83336
GR114 1987 07 2 3.6488
GR114 1987 08 2 0.838724
GR114 1987 09 2 27.0314
GR114 1988 02 2 7.1968
GR114 1988 08 2 39.8968
GR114 1988 09 2 528.828
GR114 1988 10 2 330.654
GR114 1989 01 2 14.322
GR114 1989 02 4 29.8228
GR114 1989 04 2 47.1527
GR114 1989 09 2 282.202
GR114 1989 10 2 7.1485
GR114 1990 01 2 55.0919
GR114 1990 02 3 96.373
GR114 1990 03 5 209.336
GR114 1990 04 2 3.13001
GR114 1990 08 3 18.8245
GR114 1990 09 4 148.038
GR114 1991 03 3 15.8908
GR114 1991 09 2 104.49
GR114 1991 10 5 168.133
GR114 1992 01 4 54.7903
GR114 1992 02 4 114.163
GR114 1992 03 4 133.788
GR114 1992 04 2 17.3653
GR114 1992 05 2 41.0942
GR114 1992 07 2 10.3269
GR114 1992 08 2 360.954
GR114 1992 09 2 132.611
GR114 1992 10 3 15.1361
GR114 1992 11 2 392.007
GR114 1993 01 2 7.684
GR114 1993 02 4 46.5392
GR114 1993 06 2 3.34952
GR114 1993 07 3 3.08995
GR114 1993 08 3 580.672
GR114 1993 09 3 837.91
GR114 1993 10 4 42.7983
GR114 1993 11 3 64.7834
GR114 1994 03 3 77.0682
GR114 1994 04 2 25.9584
GR114 1994 05 4 18.1568
GR114 1994 06 2 0.37124
GR114 1994 07 3 5.90981
GR114 1994 08 3 2049.64
GR114 1994 09 3 478.927
GR114 1995 04 3 68.7429
GR114 1995 08 4 9.36776
GR114 1995 11 2 6.2598
GR114 1996 04 2 10.2073
GR114 1996 07 4 65.5044
GR114 1996 08 2 1.5302
GR114 1997 01 2 9.68772
GR114 1997 02 2 1.31015
GR114 1997 03 2 4.77586
GR114 1997 04 2 3.92079
GR114 1997 05 2 11.1006
GR114 1998 03 2 3.04632
GR114 1998 06 3 0.192454
GR114 1998 07 3 101.493
GR114 1998 08 3 387.31
GR114 1999 04 2 0.108139
GR114 1999 07 2 28.337
GR114 1999 11 3 68.2097
GR114 2000 01 2 6.19081
GR114 2000 02 3 4.25477
GR114 2000 03 5 4.3398
GR114 2000 04 5 228.63
GR114 2000 06 3 0.364501
GR114 2000 07 3 222.027
GR114 2000 08 3 1683.02
GR114 2000 09 3 73.9011
GR114 2000 10 3 20.2701
GR114 2000 11 3 123.453
GR114 2000 12 3 34.741
GR114 2001 02 5 3.37343
GR114 2001 03 5 10.4938
GR114 2001 04 2 0.0894627
GR114 2001 05 2 0.204126
GR114 2001 06 2 0.108256
GR114 2001 08 5 0.707502
GR114 2001 09 4 7.16964
GR114 2001 11 3 0.401307
GR114 2002 01 2 0.388686
GR114 2002 02 2 0.290953
GR114 2002 04 2 0.809057
GR114 2002 06 3 5.659
GR114 2002 08 2 0.33488
GR114 2002 11 3 188.143
GR114 2003 02 2 3.99255
GR114 2003 03 4 9.36741
GR114 2003 04 2 0.744585
GR114 2003 07 2 0.265732
GR114 2003 08 3 74.4792
GR114 2003 11 2 0.369359
GR114 2004 01 2 0.19045
GR114 2004 02 3 24.5538
GR114 2004 03 3 2.64017
GR114 2004 04 3 36.069
GR114 2004 06 2 11.5664
GR114 2004 07 2 0.115148
GR114 2004 08 5 21.0894
GR114 2004 09 2 7.0961
GR114 2004 10 2 0.121714
GR114 2004 11 5 25.2622
GR115 1983 02 2 0.468141
GR115 1983 06 3 1.78778
GR115 1983 07 2 0.533016
GR115 1983 08 2 0.144482
GR115 1983 09 2 0.441684
GR115 1983 10 4 3.45554
GR115 1984 06 2 12.0464
GR115 1984 07 2 1089
GR115 1984 08 4 224.479
GR115 1984 09 4 197.21
GR115 1984 10 4 56.1265
GR115 1984 11 4 58.7025
GR115 1985 04 2 1.53443
GR115 1985 06 4 2.23917
GR115 1985 07 4 25.7962
GR115 1985 08 4 19273.5
GR115 1985 09 2 3.00177
GR115 1986 07 3 151.438
GR115 1986 08 3 9.20581
GR115 1986 09 3 30.0758
GR115 1987 06 4 0.590376
GR115 1987 07 2 0.573778
GR115 1987 08 5 0.543611
GR115 1987 09 5 38.0308
GR115 1988 04 3 16.8188
GR115 1988 07 3 15.8014
GR115 1988 08 3 129.596
GR115 1988 09 3 54.5275
GR115 1988 10 3 32.131
GR115 1989 01 4 2.96987
GR115 1989 02 4 6.03234
GR115 1989 03 3 0.499813
GR115 1989 05 2 0.156113
GR115 1989 06 3 0.440957
GR115 1989 07 3 14.6951
GR115 1989 08 3 12482.9
GR115 1989 09 3 19.7665
GR115 1990 01 2 1.53929
GR115 1990 02 2 0.137093
GR115 1990 03 2 5.55162
GR115 1990 04 2 0.920698
GR115 1990 05 2 0.417848
GR115 1990 07 2 61.2832
GR115 1990 08 2 959.255
GR115 1990 09 2 87.7715
GR115 1991 07 2 0.208036
GR115 1991 08 4 0.545588
GR115 1991 09 4 15.499
GR115 1991 10 5 99.1466
GR115 1992 01 3 20.9337
GR115 1992 02 3 7.76662
GR115 1992 03 4 8.68833
GR115 1992 04 2 0.255038
GR115 1992 05 4 4.65565
GR115 1992 06 4 1.93705
GR115 1992 08 4 15.0846
GR115 1992 09 4 1342.13
GR115 1992 10 3 34.6457
GR115 1993 01 3 1.92344
GR115 1993 02 3 1.12879
GR115 1993 05 3 0.153995
GR115 1993 06 3 2.83006
GR115 1993 07 4 0.219202
GR115 1993 08 4 1156.05
GR115 1993 09 4 154.735
GR115 1993 10 4 28.5531
GR115 1993 11 2 0.210008
GR115 1994 03 2 1.94241
GR115 1994 05 5 17.3903
GR115 1994 06 4 1.70622
GR115 1994 07 4 49.5583
GR115 1994 08 4 365.81
GR115 1994 09 4 110.579
GR115 1994 10 4 6.16134
GR115 1995 03 2 0.103354
GR115 1995 05 2 1.04061
GR115 1995 06 2 46.7469
GR115 1995 07 2 2.16754
GR115 1995 08 2 16.1127
GR115 1995 09 2 9.81396
GR115 1995 10 2 4.56467
GR115 1996 04 4 10.9253
GR115 1996 05 3 1.00698
GR115 1996 06 4 3.59207
GR115 1996 07 4 15.0877
GR115 1996 08 4 60.3079
GR115 1996 09 4 0.255784
GR115 1996 10 4 0.415332
GR115 1996 11 3 70.4646
GR115 1997 02 2 1.02746
GR115 1997 03 2 6.15005
GR115 1997 06 2 0.146193
GR115 1997 07 2 3.0173
GR115 1997 08 2 3.07253
GR115 1997 09 4 3.55225
GR115 1997 10 2 0.248126
GR115 1998 04 4 0.685285
GR115 1998 07 3 103.463
GR115 1998 08 2 2.15947
GR115 1999 07 4 5.84153
GR115 1999 08 3 3.92217
GR115 1999 09 2 0.0969902
GR115 2000 03 3 0.23277
GR115 2000 07 3 1049
GR115 2000 08 5 88.9858
GR115 2000 09 5 19.4525
GR115 2000 10 2 1.45214
GR115 2000 11 2 1.38816
GR115 2001 05 2 0.28165
GR115 2001 06 3 12.8494
GR115 2001 07 5 15.7752
GR115 2001 08 5 346.086
GR115 2001 09 3 0.121656
GR115 2001 10 4 1.04224
GR115 2001 12 3 8.02552
GR115 2002 01 4 5.68223
GR115 2002 02 2 5.02915
GR115 2002 03 5 6.67179
GR115 2002 04 2 0.214576
GR115 2002 05 2 6.21674
GR115 2002 06 3 0.543575
GR115 2002 07 5 2.01229
GR115 2003 03 3 0.656889
GR115 2003 04 2 0.0610488
GR115 2003 07 3 49.2125
GR115 2003 08 3 1.25005
GR115 2003 09 3 7.50983
GR115 2004 07 2 0.273664
GR115 2004 09 3 2.64458
GR115 2004 11 2 0.498392
GR121 1984 06 2 3.15001
GR121 1984 08 4 9.3246
GR121 1984 12 2 1.54986
GR121 1985 04 2 105.46
GR121 1985 08 4 38.767
GR121 1985 10 2 2.72252
GR121 1986 08 2 3.5439
GR121 1986 09 4 11.2073
GR121 1986 12 2 4.18404
GR121 1987 06 2 0.171674
GR121 1987 07 5 1.15265
GR121 1987 08 4 6.3051
GR121 1988 07 3 3.88656
GR121 1988 08 3 1.30821
GR121 1988 09 2 0.963242
GR121 1989 08 2 2.81208
GR121 1990 02 2 2.11795
GR121 1990 03 3 3.59878
GR121 1990 06 3 0.174614
GR121 1990 07 2 0.122568
GR121 1992 02 3 3.77444
GR121 1992 03 2 5.18942
GR121 1992 05 2 55.1833
GR121 1992 06 2 0.411376
GR121 1992 08 5 2.9711
GR121 1992 09 5 5.93652
GR121 1993 03 2 0.278784
GR121 1993 04 3 187.007
GR121 1993 06 4 6.77988
GR121 1993 07 4 941.317
GR121 1993 08 4 560.611
GR121 1993 09 3 6.30247
GR121 1994 06 2 0.363015
GR121 1994 07 4 2.52617
GR121 1994 08 4 24.2781
GR121 1995 05 2 0.343266
GR121 1995 08 2 4.73141
GR121 1995 11 3 1.48782
GR121 1996 07 3 0.326645
GR121 1996 08 3 14.3753
GR121 1997 02 4 101.837
GR121 1997 04 2 0.892512
GR121 1997 07 2 18.7701
GR121 1997 08 3 0.185654
GR121 1997 10 3 8.22087
GR121 1998 04 3 1.76769
GR121 1998 07 3 3.56981
GR121 1998 08 3 0.994425
GR121 1999 04 2 0.172669
GR121 1999 06 2 0.273836
GR121 1999 07 3 21.0573
GR121 1999 10 2 0.290218
GR121 1999 12 2 0.237031
GR121 2000 01 3 4.26951
GR121 2000 02 2 0.138033
GR121 2000 03 4 0.591
GR121 2000 04 3 0.176397
GR121 2000 06 2 1.42893
GR121 2000 07 2 8.43443
GR121 2000 08 3 1.10579
GR121 2000 09 3 0.111887
GR121 2001 06 3 8.00701
GR121 2001 08 4 1.80489
GR121 2001 10 2 0.30786
GR121 2002 01 2 0.117495
GR121 2002 02 5 0.975519
GR121 2002 03 3 0.76473
GR121 2002 05 2 5.63558
GR121 2002 06 4 1.17986
GR121 2003 09 2 0.66893
GR121 2004 07 3 0.73444
GR122 1983 01 2 1.21131
GR122 1983 02 2 4.11652
GR122 1983 03 3 10.5874
GR122 1983 04 4 10.2141
GR122 1983 05 3 2.77731
GR122 1983 09 2 12.8319
GR122 1983 10 2 0.0725852
GR122 1984 06 4 3.53862
GR122 1984 07 4 1173.06
GR122 1984 08 4 27.5907
GR122 1984 09 4 60.7217
GR122 1984 10 4 15.7756
GR122 1984 11 4 2.02683
GR122 1985 04 4 17.6958
GR122 1985 05 2 14.7835
GR122 1985 06 2 21.596
GR122 1985 07 2 623.448
GR122 1985 08 2 47.0648
GR122 1985 09 5 14.062
GR122 1986 04 2 5.25949
GR122 1986 05 2 0.109095
GR122 1986 06 3 0.295754
GR122 1986 08 3 6.68448
GR122 1986 09 5 15.1846
GR122 1986 10 2 7.1558
GR122 1986 12 2 7.34466
GR122 1987 04 2 1.84398
GR122 1987 05 2 4.52968
GR122 1987 06 2 0.114153
GR122 1987 07 2 245.314
GR122 1987 08 2 267.29
GR122 1987 09 2 9.28989
GR122 1988 06 2 0.0616263
GR122 1988 07 2 1127.57
GR122 1988 08 2 538.59
GR122 1988 09 2 184.567
GR122 1988 10 2 51.7954
GR122 1989 01 2 10.8849
GR122 1989 03 2 5.63005
GR122 1989 07 2 1.81644
GR122 1989 08 2 27.05
GR122 1989 09 5 50.2335
GR122 1989 10 2 0.2676
GR122 1990 01 2 0.0805398
GR122 1990 02 2 7.6685
GR122 1990 03 2 116.731
GR122 1990 05 4 2.8152
GR122 1990 07 2 0.0830591
GR122 1991 02 3 5.78705
GR122 1991 06 4 4.32232
GR122 1991 07 3 3.39352
GR122 1991 08 3 216.013
GR122 1991 09 3 149.025
GR122 1991 10 4 2707.88
GR122 1992 01 5 2.93173
GR122 1992 02 5 17.885
GR122 1992 03 5 53.4065
GR122 1992 05 2 0.07012
GR122 1992 07 2 0.147575
GR122 1992 08 5 10.6933
GR122 1992 09 5 28.7908
GR122 1992 10 3 6.7375
GR122 1993 02 3 54.2214
GR122 1993 03 2 0.062872
GR122 1993 05 2 0.113275
GR122 1993 06 4 24.0313
GR122 1993 07 4 747.85
GR122 1993 08 4 86.2512
GR122 1993 09 4 40.2159
GR122 1994 06 5 2024.74
GR122 1994 07 5 4.88763
GR122 1994 08 5 52.3386
GR122 1994 09 5 62.3219
GR122 1994 10 4 10.8097
GR122 1995 02 2 7.57522
GR122 1995 03 3 11.8244
GR122 1995 05 2 0.116203
GR122 1995 06 4 182.451
GR122 1995 07 5 15.4637
GR122 1995 08 3 0.134639
GR122 1995 09 3 53.9371
GR122 1996 06 2 12.0684
GR122 1996 07 5 19.9525
GR122 1996 08 5 16.6219
GR122 1997 02 2 10.8213
GR122 1997 05 2 1.78956
GR122 1997 06 2 111.162
GR122 1997 07 2 1118.58
GR122 1997 08 4 4.66888
GR122 1997 09 5 122.731
GR122 1998 03 4 990.477
GR122 1998 04 3 7.93742
GR122 1998 07 3 687.195
GR122 1998 08 3 41.0153
GR122 1999 08 3 21.9624
GR122 2000 01 2 0.0794115
GR122 2000 02 2 0.08979
GR122 2000 04 2 0.0761423
GR122 2000 06 4 38.9691
GR122 2000 07 4 1550.4
GR122 2000 08 4 55.3425
GR122 2000 09 4 12.1699
GR122 2001 03 3 0.419324
GR122 2001 07 3 13.2469
GR122 2001 08 3 0.213222
GR122 2001 09 4 13.4713
GR122 2001 10 2 0.846657
GR122 2002 02 2 11.2702
GR122 2003 07 2 1.40556
GR122 2004 05 2 0.0630867
GR122 2004 08 3 6.82635
GR123 1983 02 2 5.65816
GR123 1983 03 4 9.45818
GR123 1983 04 2 0.0892949
GR123 1983 08 2 0.124947
GR123 1984 07 4 3.06092
GR123 1984 08 3 12.2981
GR123 1984 09 3 67.8337
GR123 1984 10 3 3.52156
GR123 1984 11 2 2.90221
GR123 1985 01 2 0.0770261
GR123 1985 02 3 7.75849
GR123 1985 03 2 13.9583
GR123 1985 04 4 25.41
GR123 1985 07 3 67.9205
GR123 1985 08 3 737.922
GR123 1985 10 3 38.6049
GR123 1986 08 3 18.9217
GR123 1986 09 2 10.3903
GR123 1986 10 2 19.0014
GR123 1986 12 2 1.24273
GR123 1987 06 4 51.2015
GR123 1987 07 3 111.416
GR123 1987 08 4 44.5295
GR123 1987 09 4 129.403
GR123 1988 03 2 5.1363
GR123 1988 07 5 230.52
GR123 1988 08 5 1094.31
GR123 1988 09 4 3012.53
GR123 1988 10 5 221.483
GR123 1989 03 3 7.85563
GR123 1989 08 2 26.2179
GR123 1989 09 2 1.57435
GR123 1990 02 2 2.89056
GR123 1990 03 2 163.492
GR123 1990 06 2 23.0215
GR123 1990 08 2 0.557713
GR123 1990 09 2 19.5548
GR123 1991 07 2 0.490554
GR123 1991 08 2 3.93428
GR123 1991 09 2 220.993
GR123 1992 02 4 27.3393
GR123 1992 03 5 62.6028
GR123 1992 08 5 98.9206
GR123 1992 09 4 1.9414
GR123 1993 03 4 28.2226
GR123 1993 06 3 65.6806
GR123 1993 07 3 218.94
GR123 1993 08 3 486.163
GR123 1993 09 3 55.7484
GR123 1993 10 3 58.692
GR123 1994 06 3 133.051
GR123 1994 07 3 160.321
GR123 1994 08 3 917.336
GR123 1994 09 3 4290.41
GR123 1994 10 3 22.3674
GR123 1995 06 3 105.809
GR123 1995 07 3 7.20687
GR123 1995 10 2 0.325203
GR123 1995 11 2 0.793522
GR123 1996 04 2 26.365
GR123 1996 07 4 31.1093
GR123 1996 08 2 1.51077
GR123 1997 03 2 8.81184
GR123 1997 05 2 0.809208
GR123 1997 06 3 29.0998
GR123 1997 07 3 1662.15
GR123 1997 09 4 33.1297
GR123 1997 10 2 1.06088
GR123 1998 04 2 2.16244
GR123 1998 07 4 15.1321
GR123 1998 08 3 0.477412
GR123 1999 02 4 0.901294
GR123 1999 03 3 1.12347
GR123 1999 06 2 0.126735
GR123 1999 07 5 3.14059
GR123 1999 08 3 10.9385
GR123 1999 09 5 2.79985
GR123 1999 10 3 12.1189
GR123 2000 01 3 3.81209
GR123 2000 02 3 3.99697
GR123 2000 03 2 1.25104
GR123 2000 04 2 6.71748
GR123 2000 06 4 493.084
GR123 2000 07 4 60.7021
GR123 2000 08 4 108.279
GR123 2000 09 4 4.5174
GR123 2000 12 2 0.499016
GR123 2001 02 2 0.0774793
GR123 2001 05 2 0.133366
GR123 2001 06 5 1.60922
GR123 2001 07 5 27.7482
GR123 2001 08 3 5.30386
GR123 2001 09 3 19.4336
GR123 2002 02 3 1.61918
GR123 2002 03 3 0.833731
GR123 2003 08 3 2.33704
GR123 2004 10 2 2.93501
GR124 1984 07 4 18.4763
GR124 1984 08 4 240.418
GR124 1984 11 2 42.5866
GR124 1985 04 3 177.131
GR124 1985 07 3 1439.85
GR124 1985 08 3 650.481
GR124 1985 09 3 263.27
GR124 1985 10 3 34.1086
GR124 1986 04 2 8.99536
GR124 1986 08 2 446.031
GR124 1986 09 2 71.822
GR124 1986 10 2 0.352602
GR124 1987 07 2 317.987
GR124 1987 08 5 24.5768
GR124 1987 09 5 67.1911
GR124 1988 01 2 9.96501
GR124 1988 06 5 148.784
GR124 1988 07 5 185.93
GR124 1988 08 5 1138.68
GR124 1988 09 5 314.772
GR124 1988 10 3 13.1441
GR124 1989 04 3 50.8392
GR124 1989 08 2 7.2544
GR124 1989 09 2 5.17445
GR124 1990 03 5 12.4871
GR124 1990 07 4 16.6851
GR124 1990 08 2 0.260652
GR124 1990 09 5 5.5921
GR124 1990 10 2 38.9546
GR124 1991 06 2 2.7622
GR124 1991 07 3 4.29443
GR124 1991 08 4 28.1566
GR124 1991 09 5 391.107
GR124 1992 01 3 0.46554
GR124 1992 02 3 55.8159
GR124 1992 03 3 45.1441
GR124 1992 05 2 1.81795
GR124 1992 08 2 282.24
GR124 1992 09 2 129.464
GR124 1993 01 2 31.2928
GR124 1993 02 2 18.5691
GR124 1993 03 3 2.07293
GR124 1993 06 3 2.48576
GR124 1993 07 3 108.234
GR124 1993 08 3 387.021
GR124 1993 09 3 114.64
GR124 1993 10 5 95.8425
GR124 1994 06 2 0.66467
GR124 1994 07 2 13.3119
GR124 1994 08 3 246.251
GR124 1994 09 3 209.286
GR124 1994 10 4 51.9095
