GR143 1996 08 5 281.602
GR143 1996 09 5 4.22755
GR143 1996 11 2 3.14365
GR143 1997 02 4 16.092
GR143 1997 05 2 0.720859
GR143 1997 06 3 100.374
GR143 1997 07 3 1840.72
GR143 1997 08 3 20.3098
GR143 1997 09 3 235.464
GR143 1997 10 5 7.00634
GR143 1998 02 2 0.120878
GR143 1998 03 2 0.465224
GR143 1998 04 5 21.1561
GR143 1998 05 3 28.9902
GR143 1998 07 3 74.3923
GR143 1998 08 3 84.8643
GR143 1998 09 3 92.5356
GR143 1998 10 3 3.98258
GR143 1998 11 4 30.0226
GR143 1999 02 2 0.971133
GR143 1999 04 5 10.1501
GR143 1999 05 5 0.30376
GR143 1999 06 5 17.6196
GR143 1999 07 4 2.05198
GR143 1999 09 2 8.89014
GR143 2000 03 2 0.0858588
GR143 2000 04 3 0.59844
GR143 2000 05 3 0.789746
GR143 2000 06 5 468.185
GR143 2000 07 5 2827.83
GR143 2000 08 5 42.2193
GR143 2000 09 5 144.886
GR143 2000 12 2 0.413172
GR143 2001 04 3 0.138681
GR143 2001 06 2 1.78828
GR143 2001 08 4 5.06506
GR143 2001 09 4 115.764
GR143 2001 10 4 183.046
GR143 2002 02 3 0.748206
GR143 2002 03 5 3.85487
GR143 2002 06 3 4.21393
GR143 2002 08 3 30.4969
GR143 2003 04 2 0.112679
GR143 2003 07 3 2.67244
GR143 2003 09 2 3.11151
GR143 2003 10 4 40.3318
GR143 2004 02 4 2.17273
GR143 2004 03 2 0.729431
GR143 2004 04 2 0.971975
GR143 2004 06 2 0.14857
GR143 2004 07 3 137.102
GR143 2004 08 3 11.087
GR143 2004 09 4 43.196
GR143 2004 10 5 7.9848
GR144 1983 05 2 17.8539
GR144 1983 08 2 0.284394
GR144 1983 09 2 0.989938
GR144 1983 10 5 1.36041
GR144 1984 06 3 0.206255
GR144 1984 07 5 175.004
GR144 1984 08 2 7.31216
GR144 1984 09 5 35.6738
GR144 1984 10 2 9.30686
GR144 1984 11 2 57.8759
GR144 1985 04 2 47.1131
GR144 1985 06 2 6.1885
GR144 1985 07 3 32.1119
GR144 1985 08 3 1463.45
GR144 1985 09 4 54.3119
GR144 1986 06 2 0.267725
GR144 1986 09 4 51.1164
GR144 1986 10 3 1.02419
GR144 1986 12 2 1.00642
GR144 1987 06 2 0.0966802
GR144 1987 07 2 18.203
GR144 1987 08 2 163.16
GR144 1987 09 4 43.0396
GR144 1987 10 2 19.4172
GR144 1988 05 2 0.426938
GR144 1988 06 5 57.1731
GR144 1988 07 5 2525.84
GR144 1988 08 5 56.3934
GR144 1988 09 5 688.312
GR144 1988 10 5 130.677
GR144 1989 02 2 0.867774
GR144 1989 06 4 23.0391
GR144 1989 08 2 36.5991
GR144 1989 09 3 23.192
GR144 1990 07 3 9.52427
GR144 1990 08 4 63.1079
GR144 1990 10 2 0.0634629
GR144 1991 06 2 245.428
GR144 1991 08 2 18.8475
GR144 1991 09 5 20.6162
GR144 1991 10 4 460.125
GR144 1992 03 2 27.7265
GR144 1992 07 3 0.55881
GR144 1992 08 3 680.448
GR144 1992 09 3 99.8089
GR144 1992 10 3 59.1414
GR144 1993 03 2 7.51619
GR144 1993 07 2 163.5
GR144 1993 08 2 417.961
GR144 1993 09 2 96.5422
GR144 1993 10 2 64.3837
GR144 1994 05 3 5.89294
GR144 1994 06 3 1762.98
GR144 1994 07 3 130.285
GR144 1994 08 3 1360.94
GR144 1994 09 3 3789.2
GR144 1994 10 3 6.16372
GR144 1995 04 2 1.8527
GR144 1995 05 2 0.0912049
GR144 1995 06 2 170.77
GR144 1995 07 2 58.6808
GR144 1995 08 2 47.3963
GR144 1995 09 2 295.072
GR144 1996 06 2 559.295
GR144 1996 07 2 300.156
GR144 1996 08 2 22.2441
GR144 1996 09 2 0.254464
GR144 1997 05 3 2.25563
GR144 1997 06 5 188.561
GR144 1997 07 5 3025.68
GR144 1997 08 5 45.0074
GR144 1997 09 5 399.181
GR144 1997 10 4 13.8673
GR144 1998 03 5 30.0515
GR144 1998 07 3 111.854
GR144 1998 08 4 146.344
GR144 1998 09 2 23.7331
GR144 1999 06 3 18.368
GR144 1999 07 3 8.10084
GR144 1999 08 2 14.572
GR144 2000 06 5 4.70663
GR144 2000 07 5 283.163
GR144 2000 08 5 1.69493
GR144 2000 09 5 156.216
GR144 2000 11 2 2.93226
GR144 2000 12 2 0.886494
GR144 2001 03 3 0.79272
GR144 2001 05 2 0.0675073
GR144 2001 06 2 70.3279
GR144 2001 07 5 13.4018
GR144 2001 08 5 13.7054
GR144 2001 09 3 7.77082
GR144 2001 10 5 17.4417
GR144 2002 02 3 0.167484
GR144 2002 03 3 1.74564
GR144 2002 04 2 0.567292
GR144 2002 06 2 0.335967
GR144 2002 07 2 0.472056
GR144 2003 05 3 0.187455
GR144 2003 06 2 0.10719
GR144 2003 07 4 0.511188
GR144 2003 08 4 7.21323
GR144 2003 09 4 0.581416
GR144 2003 10 4 0.661699
GR144 2004 02 2 5.8538
GR144 2004 07 3 0.118651
GR144 2004 08 3 4.56422
GR144 2004 09 3 0.292024
GR211 1983 03 2 0.246897
GR211 1983 04 2 0.185496
GR211 1983 06 2 6.83205
GR211 1984 06 2 2.38498
GR211 1984 07 2 0.270838
GR211 1984 08 2 3.32452
GR211 1984 09 3 6.08136
GR211 1985 06 3 16.8906
GR211 1985 07 3 1.14064
GR211 1985 08 3 155.572
GR211 1985 09 3 14.7591
GR211 1985 10 3 62.6996
GR211 1986 07 2 3.37137
GR211 1986 08 2 0.160751
GR211 1986 09 4 55.9746
GR211 1986 10 3 21.4169
GR211 1987 04 3 3.6303
GR211 1987 08 2 10.6116
GR211 1987 09 2 2.66328
GR211 1988 06 2 1.27266
GR211 1988 07 4 60.2762
GR211 1988 08 4 10.3191
GR211 1988 09 5 43.7812
GR211 1988 10 4 6.62715
GR211 1989 01 2 1.17278
GR211 1989 03 3 1.21799
GR211 1989 04 3 9.14702
GR211 1989 06 2 0.0911497
GR211 1989 08 2 0.321591
GR211 1989 09 3 3.39548
GR211 1990 03 3 0.84858
GR211 1990 09 3 2.39835
GR211 1990 10 2 5.17401
GR211 1991 07 2 1.08273
GR211 1991 08 2 14.8895
GR211 1991 09 4 50.0681
GR211 1991 10 4 507.466
GR211 1992 02 3 4.123
GR211 1992 03 3 16.2061
GR211 1992 04 2 4.2393
GR211 1992 05 4 21.7032
GR211 1992 07 4 19.514
GR211 1992 08 5 112.523
GR211 1992 09 4 11.5995
GR211 1992 10 3 5.71982
GR211 1993 02 3 46.8099
GR211 1993 06 2 3.7558
GR211 1993 08 4 7.07782
GR211 1993 09 4 37.2258
GR211 1993 10 4 3.91892
GR211 1994 07 2 1.97203
GR211 1994 08 3 0.460461
GR211 1994 09 3 3.34485
GR211 1994 10 3 9.30259
GR211 1994 11 2 6.06204
GR211 1995 07 2 0.14861
GR211 1995 10 4 1.23593
GR211 1996 06 3 2.1229
GR211 1996 08 3 12.8174
GR211 1996 09 4 34.5811
GR211 1996 10 2 23.6778
GR211 1997 06 2 69.4247
GR211 1997 07 4 67.0388
GR211 1997 08 4 153.605
GR211 1997 09 5 337.983
GR211 1997 10 2 0.0710313
GR211 1998 04 2 1.05138
GR211 1998 05 2 0.166533
GR211 1998 07 2 17.3193
GR211 1998 08 2 6.3014
GR211 1999 08 4 0.644608
GR211 1999 09 4 28.0356
GR211 2000 05 3 0.73377
GR211 2000 06 2 0.260804
GR211 2000 07 3 30.0872
GR211 2000 09 3 41.8589
GR211 2000 10 3 0.232216
GR211 2001 06 2 4.33182
GR211 2001 07 3 1.36052
GR211 2001 08 2 6.07583
GR211 2001 10 3 1.40503
GR211 2001 11 3 1.26846
GR211 2002 02 3 4.8314
GR211 2002 05 2 0.121396
GR211 2002 07 2 0.101547
GR211 2003 07 2 16.3563
GR211 2003 08 4 1.37
GR211 2003 09 2 0.0822227
GR211 2004 05 2 4.51112
GR211 2004 07 3 6.21252
GR211 2004 08 5 9.38498
GR211 2004 09 5 28.2162
GR212 1983 03 3 19.6205
GR212 1983 07 2 44.369
GR212 1983 08 2 150.778
GR212 1983 09 2 14.5202
GR212 1983 10 3 1.46325
GR212 1984 06 2 66.0909
GR212 1984 07 4 296.213
GR212 1984 08 5 36.9707
GR212 1984 09 4 83.5228
GR212 1985 07 4 1032.39
GR212 1985 08 4 1398.62
GR212 1985 09 4 620.08
GR212 1985 10 4 180.952
GR212 1986 06 2 2.93435
GR212 1986 07 3 10.508
GR212 1986 08 3 640.051
GR212 1986 09 3 440.458
GR212 1986 10 3 11.2769
GR212 1987 04 2 14.9084
GR212 1987 07 4 4.83504
GR212 1987 08 4 313.642
GR212 1987 09 4 315.398
GR212 1987 10 2 1.22767
GR212 1988 06 2 21.3124
GR212 1988 07 2 2939.77
GR212 1988 08 2 1660.99
GR212 1988 09 2 1910.88
GR212 1989 02 2 28.2776
GR212 1989 04 2 3.4965
GR212 1989 05 2 120.375
GR212 1989 07 4 25.5532
GR212 1989 08 4 369.666
GR212 1989 09 4 63.8395
GR212 1990 04 2 0.0809872
GR212 1990 07 2 143.928
GR212 1990 08 2 830.789
GR212 1990 09 2 38.3284
GR212 1990 10 2 27.6705
GR212 1991 05 2 0.0845695
GR212 1991 06 4 25.566
GR212 1991 07 4 14.2876
GR212 1991 08 4 718.723
GR212 1991 09 4 339.194
GR212 1991 10 4 20.5155
GR212 1992 03 2 1.23867
GR212 1992 06 2 2.48024
GR212 1992 07 2 70.7867
GR212 1992 08 2 366.456
GR212 1992 09 2 906.048
GR212 1992 10 2 61.8324
GR212 1993 02 2 40.5446
GR212 1993 04 2 10.8243
GR212 1993 07 2 23.9602
GR212 1993 08 2 311.088
GR212 1993 09 2 108.711
GR212 1993 10 2 4.54085
GR212 1993 11 3 0.449084
GR212 1994 06 3 0.295792
GR212 1994 07 3 38.377
GR212 1994 08 3 329.975
GR212 1994 09 3 120.647
GR212 1995 06 2 48.7747
GR212 1995 07 2 137.468
GR212 1995 08 2 238.712
GR212 1995 10 2 15.1003
GR212 1995 11 2 0.109943
GR212 1996 06 2 30.437
GR212 1996 07 2 334.247
GR212 1996 08 2 2222.07
GR212 1996 09 5 6.96005
GR212 1996 11 3 0.938679
GR212 1997 03 2 25.972
GR212 1997 05 2 12.0321
GR212 1997 07 2 323.836
GR212 1997 08 2 623.497
GR212 1997 09 2 297.33
GR212 1997 10 2 47.1181
GR212 1998 06 2 6.0597
GR212 1998 07 4 27.3608
GR212 1998 08 4 1677.47
GR212 1998 09 2 207.75
GR212 1999 07 5 64.2343
GR212 1999 08 5 63.1334
GR212 2000 05 2 1.33637
GR212 2000 06 2 0.906243
GR212 2000 07 5 45.4518
GR212 2000 08 5 204.76
GR212 2000 09 5 24.9686
GR212 2000 10 2 3.64156
GR212 2001 06 2 1.40237
GR212 2001 07 3 10.1617
GR212 2001 08 5 41.9648
GR212 2001 10 2 5.76158
GR212 2001 11 2 0.59118
GR212 2002 03 2 8.64969
GR212 2002 08 2 2.8744
GR212 2003 07 5 6.35013
GR212 2003 08 5 262.021
GR212 2004 07 4 51.1227
GR212 2004 08 2 2.5031
GR212 2004 09 5 4.22865
GR213 1983 03 3 0.266349
GR213 1983 04 3 0.119898
GR213 1983 06 2 0.53572
GR213 1983 07 2 0.0687993
GR213 1983 09 2 1.16959
GR213 1984 06 2 7.67589
GR213 1984 07 2 97.124
GR213 1984 08 5 7.74741
GR213 1984 09 5 17.5049
GR213 1984 10 2 0.634435
GR213 1984 12 3 6.34791
GR213 1985 04 3 4.47811
GR213 1985 07 2 6.1374
GR213 1985 08 2 577.43
GR213 1985 09 2 206.64
GR213 1985 10 2 352.889
GR213 1986 04 4 37.5029
GR213 1986 08 5 311.762
GR213 1986 09 5 52.6985
GR213 1986 10 2 9.88512
GR213 1987 07 4 9.67275
GR213 1987 08 4 123.544
GR213 1987 09 4 711.812
GR213 1988 07 4 1356.16
GR213 1988 08 4 1308.2
GR213 1988 09 4 231.535
GR213 1988 10 2 0.194196
GR213 1989 01 2 111.584
GR213 1989 02 2 162.623
GR213 1989 03 2 7.4633
GR213 1989 04 5 64.7952
GR213 1989 05 2 0.56816
GR213 1989 07 3 2.01818
GR213 1989 08 3 33.2827
GR213 1989 09 3 26.0242
GR213 1989 10 3 0.256818
GR213 1990 01 3 2.0836
GR213 1990 02 3 1.4502
GR213 1990 03 3 295.809
GR213 1990 04 2 0.0854814
GR213 1990 06 2 1.25189
GR213 1990 07 2 119.163
GR213 1990 08 2 591.123
GR213 1990 09 2 46.9253
GR213 1990 10 2 55.9149
GR213 1991 03 2 2.18959
GR213 1991 07 2 15.4143
GR213 1991 08 2 212.776
GR213 1991 09 2 171.357
GR213 1991 10 5 47.2356
GR213 1992 01 2 0.734045
GR213 1992 02 2 150.477
GR213 1992 03 2 155.172
GR213 1992 04 4 18.6748
GR213 1992 05 4 37.3741
GR213 1992 06 4 12.3418
GR213 1992 07 4 302.518
GR213 1992 08 4 1136.75
GR213 1992 09 4 610.297
GR213 1992 10 4 6.85069
GR213 1993 02 4 78.9834
GR213 1993 03 3 5.33929
GR213 1993 04 4 3.13888
GR213 1993 05 3 4.83655
GR213 1993 06 3 138.944
GR213 1993 07 3 882.653
GR213 1993 08 3 1181.19
GR213 1993 09 3 388.038
GR213 1993 10 3 10.9341
GR213 1993 11 5 7.06438
GR213 1994 03 4 44.25
GR213 1994 04 4 2.84775
GR213 1994 05 4 6.32449
GR213 1994 06 4 18.0464
GR213 1994 07 4 24.8821
GR213 1994 08 4 1223.88
GR213 1994 09 4 3.32816
GR213 1994 10 4 13.7592
GR213 1994 11 3 0.770868
GR213 1994 12 3 68.3141
GR213 1995 05 4 1.85047
GR213 1995 06 4 63.855
GR213 1995 07 4 40.2225
GR213 1995 08 4 22.8129
GR213 1995 09 2 0.0859154
GR213 1995 10 2 16.7449
GR213 1996 03 2 0.287592
GR213 1996 06 2 1.33565
GR213 1996 07 2 34.4273
GR213 1996 08 2 484.69
GR213 1996 09 5 12.4362
GR213 1996 11 2 0.376637
GR213 1997 03 2 28.588
GR213 1997 04 4 1.09781
GR213 1997 05 5 11.2023
GR213 1997 06 5 73.8819
GR213 1997 07 5 2219.67
GR213 1997 08 5 573.107
GR213 1997 09 5 752.057
GR213 1997 10 5 103.471
GR213 1998 03 2 0.138749
GR213 1998 04 2 0.120196
GR213 1998 07 2 5.23366
GR213 1998 08 2 113.33
GR213 1998 09 3 2.41905
GR213 1998 10 2 0.152191
GR213 1999 01 3 1.29587
GR213 1999 05 4 1.20325
GR213 1999 06 4 55.9393
GR213 1999 07 4 2.16868
GR213 1999 08 4 897.654
GR213 1999 09 4 7.8608
GR213 1999 10 4 66.4067
GR213 1999 11 3 1.21696
GR213 2000 02 4 1.12921
GR213 2000 03 4 2.70415
GR213 2000 04 4 2.16017
GR213 2000 05 3 0.447243
GR213 2000 06 3 118.289
GR213 2000 07 3 598.539
GR213 2000 08 3 133.915
GR213 2000 09 3 414.322
GR213 2000 10 4 0.310242
GR213 2000 11 3 16.9126
GR213 2000 12 3 0.26387
GR213 2001 02 3 3.17368
GR213 2001 03 5 4.47231
GR213 2001 04 4 0.412812
GR213 2001 05 2 0.149532
GR213 2001 06 2 4.65498
GR213 2001 07 2 12.8404
GR213 2001 08 2 5.00704
GR213 2001 09 2 7.84847
GR213 2001 10 2 7.46603
GR213 2001 11 2 6.00664
GR213 2001 12 3 0.302784
GR213 2002 01 3 9.72023
GR213 2002 02 3 4.41394
GR213 2002 03 3 130.762
GR213 2002 04 2 0.265542
GR213 2002 06 4 0.188298
GR213 2002 07 4 26.5442
GR213 2002 08 3 0.284068
GR213 2002 09 2 0.149861
GR213 2003 03 2 2.60746
GR213 2003 04 4 3.60459
GR213 2003 06 3 0.411524
GR213 2003 07 3 15.5453
GR213 2003 08 3 7.59474
GR213 2003 09 3 4.31675
GR213 2003 10 3 2.43605
GR213 2004 02 2 0.189259
GR213 2004 03 3 0.205964
GR213 2004 04 2 0.117355
GR213 2004 06 2 0.184543
GR213 2004 07 3 0.209878
GR213 2004 08 3 2.53373
GR213 2004 09 3 1.66806
GR213 2004 10 3 0.352794
GR213 2004 11 3 1.13285
GR214 1983 02 2 0.245671
GR214 1983 08 3 51.7839
GR214 1983 09 2 5.44874
GR214 1983 10 2 0.576704
GR214 1984 07 2 44.5625
GR214 1984 08 2 21.957
GR214 1984 09 3 13.0555
GR214 1985 02 2 4.3136
GR214 1985 05 2 3.37101
GR214 1985 06 2 0.492498
GR214 1985 07 2 357.192
GR214 1985 08 2 375.175
GR214 1985 09 2 16.4811
GR214 1986 08 2 74.5556
GR214 1986 09 2 51.7923
GR214 1986 10 2 31.3062
GR214 1987 04 2 0.377991
GR214 1987 07 2 44.7573
GR214 1987 08 2 36.395
GR214 1987 09 3 25.0631
GR214 1988 06 2 11.4573
GR214 1988 07 2 142.727
GR214 1988 08 2 286.932
GR214 1988 09 2 330.99
GR214 1988 10 2 4.24635
GR214 1988 11 2 0.189918
GR214 1989 01 2 0.75056
GR214 1989 02 2 0.284954
GR214 1989 05 2 102.934
GR214 1989 08 2 0.777974
GR214 1989 09 2 39.241
GR214 1990 01 3 15.1294
GR214 1990 03 3 4.28361
GR214 1990 06 2 4.80727
GR214 1990 08 5 51.7275
GR214 1990 09 5 50.5109
GR214 1991 01 3 8.88965
GR214 1991 05 2 0.7342
GR214 1991 06 3 15.6428
GR214 1991 07 2 2.43274
GR214 1991 08 2 534.004
GR214 1991 09 2 446.02
GR214 1991 10 5 143.831
GR214 1991 12 2 0.433077
GR214 1992 01 3 2.22775
GR214 1992 02 5 26.6653
GR214 1992 03 2 0.21829
GR214 1992 07 3 6.64331
GR214 1992 08 3 92.7737
GR214 1992 09 5 7.04275
GR214 1992 10 2 4.54465
GR214 1992 12 3 0.6094
GR214 1993 02 2 1.17444
GR214 1993 06 4 0.735745
GR214 1993 07 4 12.4818
GR214 1993 08 4 288.451
GR214 1993 09 4 118.704
GR214 1993 10 3 3.30417
GR214 1993 11 4 16.5877
GR214 1994 03 2 1.91392
GR214 1994 06 3 558.463
GR214 1994 07 3 218.134
GR214 1994 08 3 162.286
GR214 1994 09 3 256.11
GR214 1995 03 2 0.741181
GR214 1995 04 3 5.30504
GR214 1995 05 2 2.51979
GR214 1995 06 2 0.950564
GR214 1995 07 4 28.7936
GR214 1995 08 4 22.1821
GR214 1995 10 3 1.23585
GR214 1996 06 4 39.593
GR214 1996 07 2 6.25045
GR214 1996 08 2 432.412
GR214 1997 01 2 0.519361
GR214 1997 03 2 1.46434
GR214 1997 05 2 0.532723
GR214 1997 06 2 25.3353
GR214 1997 07 2 268.433
GR214 1997 08 2 62.5102
GR214 1997 09 2 80.0852
GR214 1997 10 4 15.109
GR214 1998 07 4 1.73728
GR214 1998 08 4 228.832
GR214 1998 09 2 8.37246
GR214 1999 06 3 0.28753
GR214 1999 07 4 30.1867
GR214 1999 08 4 115.318
GR214 1999 09 3 0.94673
GR214 1999 10 3 20.1663
GR214 1999 11 2 11.6488
GR214 2000 01 2 0.105918
GR214 2000 03 2 7.0869
GR214 2000 04 3 9.54349
GR214 2000 05 3 0.5124
GR214 2000 06 2 7.64687
GR214 2000 07 2 16.3945
GR214 2000 08 2 147.235
GR214 2000 09 2 15.8378
GR214 2000 10 2 0.616211
GR214 2001 03 4 0.59276
GR214 2001 06 3 2.78278
GR214 2001 07 3 20.917
GR214 2001 08 5 17.7352
GR214 2001 09 4 3.00305
GR214 2002 02 2 0.485475
GR214 2002 03 4 1.46327
GR214 2002 04 3 1.11537
GR214 2002 05 3 0.235976
GR214 2002 06 2 0.0771326
GR214 2002 07 2 0.0949214
GR214 2002 08 5 5.60813
GR214 2003 03 2 0.115935
GR214 2003 04 3 1.55847
GR214 2003 05 3 11.6966
GR214 2003 07 3 19.1819
GR214 2003 08 3 0.245042
GR214 2003 09 2 2.25045
GR214 2004 02 2 5.11397
GR214 2004 03 2 0.0525189
GR214 2004 07 4 7.34565
GR214 2004 08 4 12.9953
GR214 2004 09 4 14.1954
GR214 2004 11 2 0.14506
GR214 2004 12 2 0.126863
GR221 1983 04 2 3.76074
GR221 1983 05 3 42.6059
GR221 1983 06 2 33.7697
GR221 1983 08 5 4.81244
GR221 1983 09 5 61.3641
GR221 1983 10 2 1.54703
GR221 1984 03 2 0.753802
GR221 1984 07 2 35.303
GR221 1984 08 2 2.59669
GR221 1984 09 2 68.5215
GR221 1984 10 2 152.926
GR221 1984 11 2 12.1995
GR221 1985 04 3 2.12184
GR221 1985 05 3 76.0465
GR221 1985 06 2 3.14863
GR221 1985 07 2 410.342
GR221 1985 08 2 259.976
GR221 1985 09 4 4.66712
GR221 1985 10 5 8.51457
GR221 1986 04 3 2.23317
GR221 1986 07 2 5.127
GR221 1986 08 2 70.9763
GR221 1986 09 2 107.542
GR221 1986 10 3 4.89982
GR221 1986 11 2 0.982826
GR221 1987 06 5 4.03534
GR221 1987 07 2 3.13404
GR221 1987 08 2 5.29204
GR221 1987 09 2 59.0224
GR221 1987 10 4 111.87
GR221 1987 11 2 1.99313
GR221 1988 04 2 0.527968
GR221 1988 06 2 7.3021
GR221 1988 07 4 55.8005
GR221 1988 08 4 12.1738
GR221 1988 09 4 37.68
GR221 1988 10 2 4.58208
GR221 1989 03 3 16.2737
GR221 1989 04 2 0.729463
GR221 1989 07 2 19.1997
GR221 1989 08 2 204.741
GR221 1989 09 2 36.8933
GR221 1990 06 2 0.187768
GR221 1990 07 2 1271.24
GR221 1990 08 5 73.1281
GR221 1990 09 3 1.79527
GR221 1990 10 3 178.962
GR221 1991 06 2 1.64888
GR221 1991 08 5 60.1301
GR221 1991 09 5 54.8995
GR221 1991 10 5 50.2476
GR221 1992 05 2 0.864861
GR221 1992 08 2 124.363
GR221 1992 09 2 1136.28
GR221 1992 11 2 0.0979379
GR221 1993 02 2 7.85659
GR221 1993 06 2 2.78297
GR221 1993 07 2 2.6846
GR221 1993 08 5 41.3617
GR221 1993 09 5 47.6298
GR221 1993 10 5 15.3948
GR221 1994 02 2 2.28256
GR221 1994 07 2 0.688324
GR221 1994 08 5 52.0671
GR221 1994 09 5 8.00408
GR221 1994 10 5 16.2001
GR221 1995 07 5 144.734
GR221 1995 08 3 7.95526
GR221 1995 10 3 123.825
GR221 1996 04 2 2.28516
GR221 1996 07 2 15.0124
GR221 1996 08 2 206.404
GR221 1996 09 2 6.70155
GR221 1998 05 2 4.56819
GR221 1998 06 2 3.29275
GR221 1998 07 2 1107.11
GR221 1998 08 2 366.159
GR221 1998 09 5 14.7278
GR221 1998 10 5 21.2268
GR221 1999 06 3 9.71547
GR221 1999 07 2 1.65693
GR221 1999 08 3 17.9458
GR221 1999 09 4 8.85652
GR221 1999 10 4 0.437298
GR221 2000 01 2 0.138634
GR221 2000 05 2 0.0986838
GR221 2000 06 4 36.3009
GR221 2000 07 2 17.9911
GR221 2000 08 3 97.8077
GR221 2000 09 3 31.7256
GR221 2000 10 4 45.1185
GR221 2000 11 2 0.181377
GR221 2001 02 2 0.0898487
GR221 2001 03 2 0.0727242
GR221 2001 05 3 1.47735
GR221 2001 06 2 1.26897
GR221 2001 07 2 17.4971
GR221 2001 08 2 80.1228
GR221 2001 09 2 0.335997
GR221 2001 10 2 369.761
GR221 2002 02 3 0.754964
GR221 2002 03 5 6.1497
GR221 2002 04 2 0.872613
GR221 2002 05 2 0.154731
GR221 2002 06 3 1.49344
GR221 2002 07 3 68.1099
GR221 2003 07 2 5.12649
GR221 2004 03 2 0.293594
GR221 2004 05 3 3.33892
GR222 1983 04 2 10.0078
GR222 1983 06 2 33.3038
GR222 1983 07 4 78.6145
GR222 1983 08 4 281.68
GR222 1983 09 4 193.274
GR222 1983 10 4 38.0071
GR222 1984 07 4 54.622
GR222 1984 08 4 30.4803
GR222 1984 09 4 248.022
GR222 1984 10 4 76.8773
GR222 1984 11 4 126.601
GR222 1984 12 2 0.689038
GR222 1985 06 2 1.43947
GR222 1985 07 4 240.359
GR222 1985 08 4 679.818
GR222 1985 09 4 23.2117
GR222 1985 10 4 271.759
GR222 1986 04 2 0.407922
GR222 1986 06 2 0.128904
GR222 1986 07 2 369.354
GR222 1986 08 2 59.5184
GR222 1986 09 2 262.159
GR222 1986 10 2 58.4936
GR222 1987 06 3 0.430768
GR222 1987 07 3 600.156
GR222 1987 08 3 24.6938
GR222 1987 09 3 72.265
GR222 1987 10 3 44.7707
GR222 1988 06 3 53.4087
GR222 1988 07 3 8457.47
GR222 1988 08 3 42.614
GR222 1988 09 3 27.609
GR222 1988 10 4 4.29663
GR222 1989 07 4 55.8086
GR222 1989 08 4 68.1412
GR222 1989 09 4 159.022
GR222 1989 10 2 0.35085
GR222 1990 03 2 24.5721
GR222 1990 04 2 26.4066
GR222 1990 06 3 0.484301
GR222 1990 07 3 17.8609
GR222 1990 08 3 202.95
GR222 1990 09 3 60.4183
GR222 1990 10 3 71.613
GR222 1991 06 3 0.417762
GR222 1991 07 4 3.51749
GR222 1991 08 4 44.8022
GR222 1991 09 4 108.455
GR222 1991 10 4 214.37
GR222 1992 06 4 3.2558
GR222 1992 07 4 140.238
GR222 1992 08 4 541.434
GR222 1992 09 4 615.517
GR222 1992 10 4 36.8995
GR222 1993 06 4 5.21574
GR222 1993 07 4 6.31255
GR222 1993 08 4 79.2827
GR222 1993 09 4 44.4069
GR222 1993 10 4 52.4843
GR222 1994 05 2 1.30189
GR222 1994 07 2 41.3951
GR222 1994 08 2 586.221
GR222 1994 09 2 88.0323
GR222 1994 10 2 54.3205
GR222 1995 04 3 0.291954
GR222 1995 05 2 0.190116
GR222 1995 06 2 57.5601
GR222 1995 07 2 338.558
GR222 1995 08 2 98.8898
GR222 1995 09 2 76.8716
GR222 1995 10 2 37.8804
GR222 1996 04 2 0.14779
GR222 1996 05 4 0.587824
GR222 1996 06 4 11.5399
GR222 1996 07 4 53.8607
GR222 1996 08 4 122.46
GR222 1996 09 4 11.2547
GR222 1996 10 4 9.62459
GR222 1997 03 3 1.02959
GR222 1997 05 3 1.31501
GR222 1997 06 3 19.4681
GR222 1997 07 3 421.571
GR222 1997 08 3 288.994
GR222 1997 09 3 61.8798
GR222 1997 10 3 49.7985
GR222 2000 01 3 0.275058
GR222 2000 03 3 2.2853
GR222 2000 04 3 1.30232
GR222 2000 05 4 0.704045
GR222 2000 06 4 23.1894
GR222 2000 07 4 548.639
GR222 2000 08 4 89.37
GR222 2000 09 4 7.45252
GR222 2000 10 4 2.49737
GR222 2000 11 4 0.678752
GR222 2000 12 2 0.0610698
GR222 2001 03 2 0.100221
GR222 2001 04 2 0.107724
GR222 2001 05 3 0.920136
GR222 2001 06 3 0.787182
GR222 2001 07 5 28.4792
GR222 2001 08 5 51.6761
GR222 2001 09 5 163.313
GR222 2001 10 5 31.0168
GR222 2001 11 5 17.8916
GR222 2001 12 4 0.571712
GR222 2002 01 2 0.269472
GR222 2002 02 5 3.34776
GR222 2002 03 3 0.107868
GR222 2002 04 2 1.73216
GR222 2002 06 4 42.8929
GR222 2002 07 5 1.81558
GR222 2002 08 5 1.00318
GR222 2002 10 5 5.89493
GR222 2003 03 2 0.136247
GR222 2003 04 4 0.563976
GR222 2003 05 5 2.18486
GR222 2003 06 2 3.61206
GR222 2003 07 2 23.0583
GR222 2003 08 2 3.82643
GR222 2003 09 2 208.843
GR222 2003 10 3 0.503208
GR222 2004 02 3 1.44547
GR222 2004 03 3 0.123672
GR222 2004 07 3 82.1379
GR222 2004 08 3 86.955
GR222 2004 09 3 127.707
GR222 2004 11 3 17.1827
GR223 1983 03 2 0.467528
GR223 1983 05 2 0.597055
GR223 1983 07 2 11.2552
GR223 1983 08 2 110.875
GR223 1983 09 4 13.1376
GR223 1984 02 2 0.260424
GR223 1984 06 3 3.33347
GR223 1984 07 3 236.364
GR223 1984 08 3 120.743
GR223 1984 09 3 38.8625
GR223 1985 07 3 602.442
GR223 1985 08 3 315.126
GR223 1985 09 3 40.3942
GR223 1985 10 5 37.1117
GR223 1986 07 5 17.8504
GR223 1986 08 5 231.091
GR223 1986 09 5 283.023
GR223 1986 10 2 6.04032
GR223 1987 06 4 29.4354
GR223 1987 07 4 896.816
GR223 1987 08 4 74.3617
GR223 1987 09 4 530.864
GR223 1988 06 4 42.0959
GR223 1988 07 4 1142.32
GR223 1988 08 4 260.406
GR223 1988 09 3 10.2493
GR223 1988 10 2 0.930061
GR223 1989 01 2 1.87382
GR223 1989 02 2 49.3302
GR223 1989 03 2 0.695256
GR223 1989 04 2 5.07784
GR223 1989 07 5 29.4776
GR223 1989 08 5 458.896
GR223 1989 09 5 134.952
GR223 1989 10 3 1.03578
GR223 1990 07 3 104.749
GR223 1990 08 3 218.169
GR223 1990 09 3 20.1508
GR223 1990 10 2 12.2835
GR223 1991 04 2 0.271044
GR223 1991 06 3 32.1127
GR223 1991 07 5 57.7254
GR223 1991 08 5 267.201
GR223 1991 09 5 217.211
GR223 1992 07 2 8.42889
GR223 1992 08 2 786.081
GR223 1992 09 2 345.78
GR223 1993 05 2 3.64116
GR223 1993 06 2 21.9558
GR223 1993 07 2 31.077
GR223 1993 08 2 165.269
GR223 1993 09 2 100.435
GR223 1993 10 2 0.452699
GR223 1994 05 2 0.239556
GR223 1994 07 2 36.3938
GR223 1994 08 2 535.177
GR223 1994 09 3 9.97909
GR223 1995 07 5 28.604
GR223 1995 08 4 41.3584
GR223 1995 10 2 1.23264
GR223 1996 06 3 5.20836
GR223 1996 07 3 194.519
GR223 1996 08 3 598.732
GR223 1996 09 3 4.21838
GR223 1997 05 2 0.130632
GR223 1997 06 2 1.5366
GR223 1997 07 2 94.0844
GR223 1997 08 2 131.427
GR223 1997 09 2 25.5197
GR223 1998 06 2 0.537187
GR223 1998 07 2 18.2779
GR223 1998 08 2 40.1377
GR223 1998 09 2 3.85
GR223 1999 03 2 0.25824
GR223 1999 04 2 0.641606
GR223 1999 07 2 43.2138
GR223 1999 08 2 25.3853
GR223 1999 09 2 16.683
GR223 1999 10 4 1.67613
GR223 2000 01 3 0.433279
GR223 2000 03 4 0.422526
GR223 2000 06 2 0.735535
GR223 2000 07 3 338.288
GR223 2000 08 3 306.561
GR223 2000 09 3 16.887
GR223 2000 11 2 0.116601
GR223 2001 03 2 0.352853
GR223 2001 04 2 0.139315
GR223 2001 06 4 3.9076
GR223 2001 07 3 0.206243
GR223 2001 08 3 30.6086
GR223 2001 09 3 11.3584
GR223 2001 10 5 2.18485
GR223 2001 11 3 19.945
GR223 2002 03 3 0.48107
GR223 2002 05 2 0.435072
GR223 2002 07 2 7.23853
GR223 2002 08 3 15.1318
GR223 2002 10 2 0.103897
GR223 2003 02 3 0.567564
GR223 2003 03 2 0.56903
GR223 2003 04 4 0.913699
GR223 2003 06 2 4.801
GR223 2003 07 2 69.401
GR223 2003 08 2 22.7059
GR223 2003 09 2 8.69666
GR223 2003 10 3 0.53108
GR223 2004 02 2 0.206702
GR223 2004 06 2 0.0844298
GR223 2004 07 3 0.257966
GR223 2004 08 3 0.675005
GR223 2004 09 3 9.77756
GR223 2004 10 4 0.321408
GR223 2004 11 2 0.252156
GR224 1983 01 2 0.133178
GR224 1983 05 2 0.221152
GR224 1983 07 2 0.286992
GR224 1983 08 4 211.038
GR224 1983 09 2 0.242612
GR224 1983 10 3 10.937
GR224 1984 07 2 0.536207
GR224 1984 10 2 3.73435
GR224 1985 04 2 0.105278
