PT111 1989 09 537 5236.54
PT111 1989 10 537 5994.09
PT111 1990 01 2 0.135119
PT111 1990 03 2 252.555
PT111 1990 04 2 50.2997
PT111 1990 05 2 67.3878
PT111 1990 06 2 97.1493
PT111 1990 07 2 1092.47
PT111 1990 08 2 665.297
PT111 1990 09 257 1192.4
PT111 1990 10 257 25.1948
PT111 1991 01 2 0.5223
PT111 1991 02 2 3.00878
PT111 1991 03 5 1.35195
PT111 1991 04 5 17.7517
PT111 1991 05 5 2357.86
PT111 1991 06 85 353.736
PT111 1991 07 128 239.875
PT111 1991 08 200 260.149
PT111 1991 09 200 20.4486
PT111 1991 10 200 7.82847
PT111 1992 01 200 28.9633
PT111 1992 02 200 38.0535
PT111 1992 03 116 172.581
PT111 1992 04 116 45.0228
PT111 1992 05 116 232.074
PT111 1992 06 116 27.7627
PT111 1992 07 96 377.034
PT111 1992 08 166 319.515
PT111 1992 09 166 41.5838
PT111 1993 01 166 31.5581
PT111 1993 02 166 82.0757
PT111 1993 03 166 141.077
PT111 1993 04 2 1.86094
PT111 1993 05 2 0.00682398
PT111 1993 06 2 5.53558
PT111 1993 07 156 590.049
PT111 1993 08 451 4277.61
PT111 1993 09 121 1958.77
PT111 1994 01 121 7.77952
PT111 1994 03 121 53.3289
PT111 1994 04 121 85.6407
PT111 1994 05 121 159.776
PT111 1994 06 121 39.0769
PT111 1994 07 162 267.276
PT111 1994 08 149 385.556
PT111 1994 09 149 184.744
PT111 1994 10 3 3.59975
PT111 1994 11 3 11.694
PT111 1994 12 3 64.1407
PT111 1995 01 3 16.2702
PT111 1995 02 2 0.0142213
PT111 1995 03 83 223.206
PT111 1995 04 307 1839.8
PT111 1995 05 307 12.885
PT111 1995 06 146 214.482
PT111 1995 07 150 493.943
PT111 1995 08 699 6897.59
PT111 1995 09 185 766.137
PT111 1995 10 83 201.102
PT111 1995 11 4 1.17969
PT111 1995 12 3 17.3635
PT111 1996 02 3 0.666679
PT111 1996 03 3 40.8379
PT111 1996 04 3 27.8189
PT111 1996 05 3 0.545984
PT111 1996 06 113 366.249
PT111 1996 07 303 1365.88
PT111 1996 08 430 4045.04
PT111 1996 09 371 4020.09
PT111 1996 10 371 669.178
PT111 1996 11 4 0.0440498
PT111 1996 12 2 126.494
PT111 1997 01 2 32.6105
PT111 1997 02 2 10.2023
PT111 1997 03 402 4116.13
PT111 1997 04 198 727.456
PT111 1997 05 198 17.1211
PT111 1997 06 198 8.93351
PT111 1997 07 153 180.092
PT111 1997 08 252 373.796
PT111 1997 09 393 583.979
PT111 1997 10 153 336.919
PT111 1997 11 3 0.178161
PT111 1998 01 5 2.98971
PT111 1998 02 5 43.9964
PT111 1998 03 191 510.984
PT111 1998 04 3 0.0534674
PT111 1998 05 3 24.4873
PT111 1998 06 3 162.459
PT111 1998 07 234 855.301
PT111 1998 08 948 14466.7
PT111 1998 09 948 68.6746
PT111 1998 10 948 2.68338
PT111 1999 01 948 323.784
PT111 1999 02 948 128.218
PT111 1999 03 948 53.2585
PT111 1999 04 948 200.962
PT111 1999 05 948 6.19331
PT111 1999 06 948 45.8651
PT111 1999 07 375 2031.38
PT111 1999 08 200 213.423
PT111 1999 09 94 111.107
PT111 1999 10 94 66.127
PT111 2000 01 94 24.7369
PT111 2000 02 94 6.11417
PT111 2000 03 196 399.276
PT111 2000 04 196 7.29776
PT111 2000 05 196 3.46364
PT111 2000 06 196 71.7061
PT111 2000 07 93 223.683
PT111 2000 08 379 1813.73
PT111 2000 09 489 2383.06
PT111 2000 10 489 18.8985
PT111 2001 01 2 2.4874
PT111 2001 02 2 150.517
PT111 2001 04 2 170.021
PT111 2001 05 2 61.6095
PT111 2001 06 178 524.864
PT111 2001 07 126 854.409
PT111 2001 08 213 541.382
PT111 2001 09 468 1615.9
PT111 2001 10 3 2.03863
PT111 2001 11 3 367.881
PT111 2001 12 3 543.921
PT111 2002 01 2 0.0136714
PT111 2002 02 2 12.0128
PT111 2002 03 2 68.6086
PT111 2002 04 104 370.416
PT111 2002 05 104 17.9115
PT111 2002 06 87 220.182
PT111 2002 07 370 1960.09
PT111 2002 08 669 4693.93
PT111 2002 09 190 324.333
PT111 2003 01 190 12.1905
PT111 2003 02 190 29.107
PT111 2003 03 190 119.368
PT111 2003 04 190 64.3907
PT111 2003 05 190 363.492
PT111 2003 06 95 390.1
PT111 2003 07 95 30.0078
PT111 2003 08 176 289.824
PT111 2003 09 90 71.9612
PT111 2003 10 90 19.28
PT111 2003 11 2 0.633495
PT111 2004 01 2 0.00718278
PT111 2004 02 2 160.511
PT111 2004 03 93 208.403
PT111 2004 04 116 403.071
PT111 2004 05 116 37.3991
PT111 2004 06 102 183.754
PT111 2004 07 505 2630.2
PT111 2004 08 124 157.703
PT111 2004 09 114 71.8738
PT111 2004 10 114 15.9728
PT111 2004 11 114 58.059
PT111 2004 12 114 6.0859
PT111 2005 01 114 84.479
PT111 2005 02 187 385.823
PT111 2005 03 188 1950.25
PT111 2005 04 188 58.7453
PT111 2005 05 188 153.771
PT111 2005 06 195 957.956
PT111 2005 07 362 1252.17
PT111 2005 08 454 12172.1
PT111 2005 09 196 430.66
PT111 2005 10 130 285.336
PT111 2006 01 130 5.95135
PT111 2006 02 130 417.413
PT111 2006 03 130 0.793954
PT111 2006 04 130 16.0385
PT111 2006 05 130 358.575
PT111 2006 06 92 131.541
PT111 2006 07 151 1653.32
PT111 2006 08 337 14184.6
PT111 2006 09 98 345.407
PT111 2006 10 98 5.48866
PT111 2006 11 4 1.09249
PT111 2006 12 4 7.26913
PT111 2007 01 4 10.516
PT111 2007 02 4 1.17621
PT111 2007 03 4 65.4251
PT111 2007 04 4 40.2434
PT111 2007 05 4 2.64357
PT111 2007 06 4 4.86229
PT111 2007 07 4 1.22443
PT111 2007 08 4 197.05
PT111 2007 09 176 262.013
PT111 2007 10 183 365.194
PT111 2007 11 335 1030
PT111 2007 12 335 10.9903
PT112 1980 04 2 4.85904
PT112 1980 08 2 10.2971
PT112 1980 09 2 137.949
PT112 1981 01 2 0.264182
PT112 1981 02 2 1.1845
PT112 1981 04 2 1.94778
PT112 1981 05 4 0.97216
PT112 1981 06 4 9.77098
PT112 1981 07 94 71.1607
PT112 1981 08 94 269.361
PT112 1981 09 94 23.041
PT112 1981 11 4 0.660365
PT112 1982 06 4 3.89787
PT112 1982 07 4 7.3652
PT112 1982 08 4 47.1571
PT112 1982 09 4 55.3434
PT112 1983 01 2 38.0841
PT112 1983 07 2 4.14904
PT112 1983 08 2 4.7288
PT112 1983 09 2 13.9612
PT112 1983 10 3 0.443979
PT112 1984 02 2 6.10657
PT112 1984 03 2 79.8001
PT112 1984 05 3 0.54777
PT112 1984 06 5 17.0135
PT112 1984 07 5 34.155
PT112 1984 08 5 455.508
PT112 1984 09 5 61.1439
PT112 1985 03 3 9.70894
PT112 1985 05 3 17.5694
PT112 1985 09 2 6.47381
PT112 1985 12 2 0.0757348
PT112 1986 07 3 8.2373
PT112 1987 06 3 34.3458
PT112 1987 07 160 455.392
PT112 1987 08 160 18.9956
PT112 1987 09 160 291.691
PT112 1988 06 160 2.53122
PT112 1988 07 160 5.56585
PT112 1988 08 2 0.270886
PT112 1988 09 2 28.5018
PT112 1988 10 2 125.51
PT112 1989 01 2 24.1685
PT112 1989 06 2 7.66251
PT112 1989 07 409 622.325
PT112 1989 08 302 879.871
PT112 1989 09 414 1684.19
PT112 1989 10 91 89.0477
PT112 1990 03 3 2.63326
PT112 1990 04 2 0.306649
PT112 1990 07 2 398.957
PT112 1990 08 5 8.46783
PT112 1990 09 3 5.94379
PT112 1991 05 3 32.4674
PT112 1991 06 3 17.0369
PT112 1991 07 90 96.4111
PT112 1991 08 199 137.411
PT112 1991 09 199 2.18404
PT112 1992 01 199 8.19712
PT112 1992 02 199 7.20722
PT112 1992 03 199 17.3309
PT112 1992 04 199 31.3137
PT112 1992 05 199 45.4146
PT112 1992 06 199 9.37414
PT112 1992 07 125 123.558
PT112 1992 08 158 193.867
PT112 1992 09 158 45.399
PT112 1993 01 4 1.81346
PT112 1993 02 4 6.60533
PT112 1993 03 4 8.67778
PT112 1993 04 4 0.540895
PT112 1993 05 3 4.87511
PT112 1993 06 2 0.0194382
PT112 1993 07 189 258.304
PT112 1993 08 428 906.15
PT112 1993 09 2 0.0975524
PT112 1994 02 2 0.162882
PT112 1994 03 2 5.77038
PT112 1994 04 2 17.8152
PT112 1994 05 2 33.0853
PT112 1994 06 2 62.1951
PT112 1994 07 140 92.9446
PT112 1994 08 122 63.1484
PT112 1994 09 93 49.4775
PT112 1995 01 93 4.49979
PT112 1995 02 3 0.0571692
PT112 1995 03 3 83.2233
PT112 1995 04 183 147.752
PT112 1995 05 183 20.5347
PT112 1995 06 119 41.4541
PT112 1995 07 116 76.5521
PT112 1995 08 634 853.787
PT112 1995 09 98 48.0349
PT112 1995 10 98 33.1457
PT112 1996 02 98 4.71684
PT112 1996 03 98 106.334
PT112 1996 04 98 44.862
PT112 1996 05 98 21.2067
PT112 1996 06 138 152.1
PT112 1996 07 370 1601.08
PT112 1996 08 286 368.099
PT112 1996 09 324 634.899
PT112 1996 10 324 79.5094
PT112 1997 02 324 3.50823
PT112 1997 03 204 303.118
PT112 1997 04 159 1464.86
PT112 1997 05 159 3.21838
PT112 1997 07 119 52.8713
PT112 1997 08 202 194.279
PT112 1997 09 269 120.409
PT112 1997 10 269 12.5587
PT112 1998 01 3 3.16301
PT112 1998 02 3 12.5445
PT112 1998 03 119 145.737
PT112 1998 05 119 5.06034
PT112 1998 06 89 75.1829
PT112 1998 07 341 157.844
PT112 1998 08 798 1016.72
PT112 1998 09 798 247.175
PT112 1998 10 798 37.2175
PT112 1998 11 798 2.33645
PT112 1998 12 3 2.65008
PT112 1999 01 3 21.857
PT112 1999 02 3 25.802
PT112 1999 03 3 27.3617
PT112 1999 04 3 29.2591
PT112 1999 05 3 3.24026
PT112 1999 06 3 19.0018
PT112 1999 07 330 408.344
PT112 1999 08 200 114.442
PT112 1999 09 104 86.0612
PT112 1999 10 104 11.2362
PT112 1999 11 104 2.75231
PT112 2000 01 104 10.5459
PT112 2000 03 4 8.58995
PT112 2000 05 5 0.603015
PT112 2000 06 5 28.4161
PT112 2000 07 88 58.9024
PT112 2000 08 315 563.692
PT112 2000 09 331 825.475
PT112 2000 10 331 14.8646
PT112 2001 02 331 13.6859
PT112 2001 04 331 23.3908
PT112 2001 05 331 27.0289
PT112 2001 06 128 150.872
PT112 2001 07 98 442.805
PT112 2001 08 116 246.759
PT112 2001 09 294 666.846
PT112 2001 10 4 0.835697
PT112 2001 11 4 57.7667
PT112 2001 12 115 131.158
PT112 2002 02 115 3.74252
PT112 2002 03 115 83.8488
PT112 2002 04 115 24.7858
PT112 2002 05 115 3.02315
PT112 2002 06 115 39.8829
PT112 2002 07 189 369.144
PT112 2002 08 386 614.399
PT112 2002 09 96 171.811
PT112 2003 01 96 5.69247
PT112 2003 02 5 1.7601
PT112 2003 03 5 141.449
PT112 2003 04 5 12.7753
PT112 2003 05 5 109.503
PT112 2003 06 86 67.4289
PT112 2003 07 86 46.1771
PT112 2003 08 364 289.855
PT112 2003 09 161 88.6374
PT112 2003 10 161 2.10013
PT112 2003 11 2 0.916887
PT112 2004 01 2 0.105144
PT112 2004 02 2 15.8956
PT112 2004 03 2 69.6715
PT112 2004 04 2 59.2323
PT112 2004 05 2 32.6418
PT112 2004 06 90 66.8785
PT112 2004 07 379 628.709
PT112 2004 08 379 27.6759
PT112 2004 09 379 148.099
PT112 2004 10 379 11.9535
PT112 2004 11 379 9.26778
PT112 2004 12 379 4.36481
PT112 2005 01 379 16.5073
PT112 2005 02 101 325.8
PT112 2005 03 102 178.649
PT112 2005 04 102 23.2194
PT112 2005 05 102 12.2737
PT112 2005 06 119 136.577
PT112 2005 07 204 682.987
PT112 2005 08 335 1860.89
PT112 2005 09 96 178.684
PT112 2005 10 96 99.6031
PT112 2005 11 5 0.646751
PT112 2005 12 5 1.88986
PT112 2006 01 5 1.16653
PT112 2006 02 5 19.4567
PT112 2006 03 5 6.60128
PT112 2006 04 5 11.9283
PT112 2006 05 94 189.127
PT112 2006 06 110 3515.66
PT112 2006 07 213 358.545
PT112 2006 08 300 2302.22
PT112 2006 09 86 677.706
PT112 2006 10 2 0.138126
PT112 2006 11 2 1.16622
PT112 2006 12 2 0.0559456
PT112 2007 01 2 0.865313
PT112 2007 02 4 0.886818
PT112 2007 03 4 57.0217
PT112 2007 04 4 10.7175
PT112 2007 05 4 5.93191
PT112 2007 06 4 5.40247
PT112 2007 07 4 5.80447
PT112 2007 08 4 13.4933
PT112 2007 09 110 362.219
PT112 2007 10 126 346.71
PT112 2007 11 213 1034.43
PT112 2007 12 213 4.25655
PT113 1980 08 2 7.64707
PT113 1980 09 2 11.5079
PT113 1980 12 2 1.21984
PT113 1981 01 2 5.66009
PT113 1981 02 2 3.60052
PT113 1981 03 3 0.232079
PT113 1981 04 4 0.186566
PT113 1981 05 4 0.423693
PT113 1981 06 4 12.8001
PT113 1981 07 147 54.7977
PT113 1981 08 94 406.225
PT113 1981 09 94 163.749
PT113 1981 11 94 0.863912
PT113 1981 12 3 0.104736
PT113 1982 03 3 9.59378
PT113 1982 06 4 1.93961
PT113 1982 07 4 7.37472
PT113 1982 08 4 82.5552
PT113 1982 09 4 64.1902
PT113 1983 06 2 0.105069
PT113 1983 07 2 12.6962
PT113 1983 08 2 31.6241
PT113 1983 09 2 17.4817
PT113 1983 10 2 8.82356
PT113 1984 02 2 0.65011
PT113 1984 03 2 45.1014
PT113 1984 04 4 1.40825
PT113 1984 05 2 0.271079
PT113 1984 06 5 2.13561
PT113 1984 07 5 31.6095
PT113 1984 08 5 584.617
PT113 1984 09 5 155.418
PT113 1985 03 3 6.8994
PT113 1985 04 3 2.00868
PT113 1985 05 3 30.7589
PT113 1985 06 2 0.63551
PT113 1985 07 2 20.2403
PT113 1985 08 5 13.3721
PT113 1985 09 5 306.13
PT113 1986 06 2 0.488719
PT113 1986 07 2 1.45076
PT113 1987 06 2 98.2389
PT113 1987 07 503 1029.52
PT113 1987 08 163 721.906
PT113 1987 09 163 167.234
PT113 1988 06 163 2.95792
PT113 1988 07 163 11.2363
PT113 1988 08 4 2.48996
PT113 1988 09 2 1.36894
PT113 1988 10 95 421.994
PT113 1989 02 3 22.7444
PT113 1989 03 2 2.06786
PT113 1989 06 2 67.294
PT113 1989 07 798 797.254
PT113 1989 08 744 1095.52
PT113 1989 09 837 3771.08
PT113 1989 10 206 393.822
PT113 1990 03 206 47.4991
PT113 1990 04 206 9.00778
PT113 1990 05 206 6.49853
PT113 1990 06 206 47.8719
PT113 1990 07 347 922.102
PT113 1990 08 401 2540.62
PT113 1990 09 116 392.537
PT113 1990 10 4 0.404064
PT113 1991 04 2 0.0986668
PT113 1991 05 2 7.81324
PT113 1991 06 97 107.934
PT113 1991 07 207 224.04
PT113 1991 08 434 860.386
PT113 1991 09 109 107.881
PT113 1991 10 5 0.348872
PT113 1992 01 5 8.12056
PT113 1992 02 5 5.37061
PT113 1992 03 5 82.501
PT113 1992 04 5 13.9874
PT113 1992 05 85 41.384
PT113 1992 06 85 30.5628
PT113 1992 07 265 218.619
PT113 1992 08 384 2312.82
PT113 1992 09 123 74.3981
PT113 1993 02 123 78.3402
PT113 1993 03 123 61.5386
PT113 1993 04 123 0.744492
PT113 1993 05 2 0.03127
PT113 1993 06 2 1.63278
PT113 1993 07 407 251.289
PT113 1993 08 970 1063.01
PT113 1993 09 126 220.083
PT113 1994 01 2 0.070988
PT113 1994 03 2 22.8647
PT113 1994 04 2 21.6133
PT113 1994 05 2 7.67247
PT113 1994 06 233 135.51
PT113 1994 07 387 226.095
PT113 1994 08 256 521.177
PT113 1994 09 181 245.694
PT113 1995 01 5 76.5261
PT113 1995 02 2 0.0483688
PT113 1995 03 2 109.209
PT113 1995 04 348 494.803
PT113 1995 05 348 6.7555
PT113 1995 06 266 213.645
PT113 1995 07 293 211.851
PT113 1995 08 1308 2928.15
PT113 1995 09 226 313.723
PT113 1995 10 91 74.1787
PT113 1996 02 91 5.87428
PT113 1996 03 91 45.7074
PT113 1996 04 91 28.0498
PT113 1996 05 91 16.6407
PT113 1996 06 324 278.342
PT113 1996 07 849 902.462
PT113 1996 08 530 441.241
PT113 1996 09 539 888.998
PT113 1996 10 539 17.1981
PT113 1996 11 3 0.220884
PT113 1997 01 3 1.26477
PT113 1997 02 3 0.183268
PT113 1997 03 127 185.188
PT113 1997 04 204 563.375
PT113 1997 05 204 12.1398
PT113 1997 06 204 4.40074
PT113 1997 07 211 185.931
PT113 1997 08 356 198.603
PT113 1997 09 529 218.626
PT113 1997 10 179 84.254
PT113 1998 01 3 0.945258
PT113 1998 02 3 33.8348
PT113 1998 03 249 118.752
PT113 1998 04 3 0.0860181
PT113 1998 05 3 18.0456
PT113 1998 06 144 125.318
PT113 1998 07 685 650.459
PT113 1998 08 1681 6893.03
PT113 1998 09 103 29.7901
PT113 1998 10 103 2.49604
PT113 1998 11 103 0.843996
PT113 1998 12 103 0.631553
PT113 1999 01 103 4.43235
PT113 1999 02 103 51.3613
PT113 1999 03 114 87.2525
PT113 1999 04 114 93.6941
PT113 1999 05 114 1.61551
PT113 1999 06 114 45.4199
PT113 1999 07 730 777.804
PT113 1999 08 382 221.532
PT113 1999 09 147 129.485
PT113 1999 10 147 2.59777
PT113 1999 11 3 0.123529
PT113 2000 01 3 11.2138
PT113 2000 02 3 0.258304
PT113 2000 03 129 1609.69
PT113 2000 04 4 1.76662
PT113 2000 05 4 3.02265
PT113 2000 06 202 78.2982
PT113 2000 07 260 208.767
PT113 2000 08 702 927.425
PT113 2000 09 712 947.783
PT113 2000 10 712 26.6756
PT113 2001 02 712 12.369
PT113 2001 04 87 47.4697
PT113 2001 05 87 44.6858
PT113 2001 06 364 236.464
PT113 2001 07 301 468.95
PT113 2001 08 417 448.19
PT113 2001 09 885 2134.06
PT113 2001 10 2 0.147788
PT113 2001 11 115 47.0767
PT113 2001 12 176 174.271
PT113 2002 01 4 0.0796548
PT113 2002 02 4 24.6755
PT113 2002 03 102 100.044
PT113 2002 04 89 69.7491
PT113 2002 05 89 25.4678
PT113 2002 06 153 95.7668
PT113 2002 07 588 679.368
PT113 2002 08 924 1118.24
PT113 2002 09 249 423.439
PT113 2003 01 249 7.04228
PT113 2003 02 249 0.197949
PT113 2003 03 83 67.8638
PT113 2003 04 83 56.0314
PT113 2003 05 189 196.551
PT113 2003 06 332 425.088
PT113 2003 07 205 235.904
PT113 2003 08 1068 1677.22
PT113 2003 09 385 262.328
PT113 2003 10 385 6.6279
PT113 2004 02 385 30.8559
PT113 2004 03 106 93.2119
PT113 2004 04 124 63.6841
PT113 2004 05 124 49.4177
PT113 2004 06 284 205.36
PT113 2004 07 690 1484.57
PT113 2004 08 136 45.9336
PT113 2004 09 157 265.34
PT113 2004 10 157 33.6145
PT113 2004 11 157 46.9429
PT113 2004 12 157 1.02121
PT113 2005 01 157 35.9517
PT113 2005 02 189 247.336
PT113 2005 03 286 839.794
PT113 2005 04 286 54.6711
PT113 2005 05 101 49.9649
PT113 2005 06 340 629.379
PT113 2005 07 584 1470.74
PT113 2005 08 814 6801.02
PT113 2005 09 197 1242.62
PT113 2005 10 168 521.929
PT113 2005 11 168 3.88839
PT113 2005 12 168 8.10025
PT113 2006 01 168 1.81677
PT113 2006 02 168 78.4431
PT113 2006 03 168 2.30954
PT113 2006 04 168 31.0518
PT113 2006 05 130 52.5703
PT113 2006 06 232 130.29
PT113 2006 07 367 462.319
PT113 2006 08 562 2196.96
PT113 2006 09 191 84.0943
PT113 2006 10 191 2.91639
PT113 2006 11 191 0.100279
PT113 2006 12 191 3.19492
PT113 2007 01 191 6.20869
PT113 2007 02 4 0.457464
PT113 2007 03 4 56.3779
PT113 2007 04 84 81.407
PT113 2007 05 84 18.391
PT113 2007 06 84 20.0324
PT113 2007 07 84 18.0308
PT113 2007 08 105 69.9442
PT113 2007 09 186 241.801
PT113 2007 10 215 645.843
PT113 2007 11 376 1359.12
PT113 2007 12 376 2.01908
PT114 1981 01 376 2.6435
PT114 1981 02 376 3.3593
PT114 1981 03 2 0.384882
PT114 1981 04 2 0.707012
PT114 1981 05 2 8.40593
PT114 1981 06 2 58.4543
PT114 1981 07 291 507.024
PT114 1981 08 164 329.598
PT114 1981 09 164 169.148
PT114 1981 11 5 1.43998
PT114 1982 06 5 3.85436
PT114 1982 07 5 8.06656
PT114 1982 08 5 49.0133
PT114 1982 09 5 87.7245
PT114 1983 06 2 18.3106
PT114 1983 07 2 18.5641
PT114 1983 08 2 19.4241
PT114 1983 09 2 168.711
PT114 1983 10 2 18.6684
PT114 1984 02 3 0.241633
PT114 1984 03 3 108.889
PT114 1984 04 5 0.862015
PT114 1984 06 5 7.08642
PT114 1984 07 5 85.8439
PT114 1984 08 104 544.051
PT114 1984 09 104 832.504
PT114 1984 10 2 0.186242
PT114 1985 03 2 6.26493
PT114 1985 05 2 3.6899
PT114 1985 06 4 1.01127
PT114 1986 04 4 0.564655
PT114 1986 05 4 0.574215
PT114 1987 06 4 33.186
PT114 1987 07 437 416.657
PT114 1987 08 175 192.774
PT114 1988 06 175 6.30625
PT114 1988 07 175 4.73897
PT114 1988 09 2 2.70116
PT114 1988 10 205 66.6445
PT114 1989 06 205 18.9514
PT114 1989 07 478 332.999
PT114 1989 08 481 368.596
PT114 1989 09 521 1052.12
PT114 1989 10 454 202.902
PT114 1990 03 454 28.0609
PT114 1990 04 454 25.5478
PT114 1990 05 91 22.3406
PT114 1990 06 115 41.1531
PT114 1990 07 451 623.388
PT114 1990 08 333 886.401
PT114 1990 09 333 46.5723
PT114 1990 10 333 4.74766
PT114 1991 01 4 0.447479
PT114 1991 03 3 0.0549208
PT114 1991 04 3 2.39717
PT114 1991 05 140 51.0097
PT114 1991 06 288 85.8515
PT114 1991 07 405 96.3724
PT114 1991 08 611 216.841
PT114 1991 09 105 12.1231
PT114 1991 10 2 0.014383
PT114 1992 01 2 7.5157
PT114 1992 02 106 31.0654
PT114 1992 03 165 91.1299
PT114 1992 04 165 22.9016
PT114 1992 05 219 48.5344
PT114 1992 06 219 17.8406
PT114 1992 07 352 302.597
PT114 1992 08 400 198.365
PT114 1992 09 145 114.004
PT114 1993 01 145 1.04577
PT114 1993 02 145 12.7364
PT114 1993 03 93 27.1516
PT114 1993 04 93 2.56355
PT114 1993 05 93 0.543405
PT114 1993 06 93 37.4881
PT114 1993 07 563 234.189
PT114 1993 08 777 189.135
PT114 1993 09 220 45.0538
PT114 1994 03 220 0.966218
PT114 1994 04 220 12.9402
PT114 1994 05 220 15.8715
PT114 1994 06 262 159.309
PT114 1994 07 294 71.8625
PT114 1994 08 97 17.8598
PT114 1994 09 97 38.533
PT114 1995 02 2 0.456658
PT114 1995 03 2 7.21544
PT114 1995 04 208 265.696
PT114 1995 05 208 16.9247
PT114 1995 06 219 153.321
PT114 1995 07 233 177.51
PT114 1995 08 875 1395.53
PT114 1995 09 121 14.8025
PT114 1995 10 121 48.0508
PT114 1995 11 2 0.0790244
PT114 1996 02 5 0.10269
PT114 1996 03 5 2.35618
PT114 1996 04 5 5.96668
PT114 1996 05 5 3.17877
PT114 1996 06 305 133.662
PT114 1996 07 450 121.71
PT114 1996 08 330 93.2976
PT114 1996 09 517 441.858
PT114 1996 10 517 15.4223
PT114 1997 01 517 0.689985
PT114 1997 02 5 0.635881
PT114 1997 03 217 49.6356
PT114 1997 04 281 187.949
PT114 1997 05 281 3.6291
PT114 1997 06 281 12.7045
PT114 1997 07 230 79.5143
PT114 1997 08 273 225.768
PT114 1997 09 282 60.4938
PT114 1997 10 143 72.304
PT114 1998 01 3 0.395427
PT114 1998 02 3 6.60824
PT114 1998 03 140 67.2713
PT114 1998 05 140 7.14902
PT114 1998 06 190 60.8944
PT114 1998 07 460 211.942
PT114 1998 08 983 1043.47
PT114 1998 09 983 20.6172
PT114 1998 10 983 1.27389
PT114 1999 01 983 2.13077
PT114 1999 02 983 4.69524
PT114 1999 03 83 18.2026
PT114 1999 04 81 36.7904
PT114 1999 05 81 15.4389
PT114 1999 06 81 91.9673
PT114 1999 07 566 220.312
PT114 1999 08 298 64.6162
PT114 1999 09 193 103.613
PT114 1999 10 193 3.66126
PT114 1999 11 2 0.0596662
PT114 2000 01 2 6.3326
PT114 2000 02 2 0.877914
PT114 2000 03 234 1019.25
PT114 2000 04 234 1.60653
PT114 2000 05 234 2.98799
PT114 2000 06 263 75.0657
PT114 2000 07 187 65.0186
PT114 2000 08 379 96.2602
PT114 2000 09 349 275.718
PT114 2000 10 349 2.84989
PT114 2001 02 349 5.50019
PT114 2001 04 349 10.0013
PT114 2001 05 349 22.8334
PT114 2001 06 390 71.8942
PT114 2001 07 208 467.895
PT114 2001 08 260 166.272
PT114 2001 09 526 285.587
PT114 2001 11 526 22.2477
PT114 2001 12 526 26.2173
PT114 2002 01 526 1.34429
PT114 2002 02 526 16.6428
PT114 2002 03 526 9.15919
PT114 2002 04 149 90.1969
PT114 2002 05 127 45.2575
PT114 2002 06 285 289.724
PT114 2002 07 362 251.869
PT114 2002 08 487 257.112
PT114 2002 09 174 88.4323
PT114 2003 01 174 0.231439
PT114 2003 02 174 0.0926481
PT114 2003 03 174 17.4515
PT114 2003 04 174 46.7406
PT114 2003 05 208 58.1605
PT114 2003 06 660 1507.56
PT114 2003 07 277 171.277
PT114 2003 08 461 280.788
PT114 2003 09 232 25.1003
PT114 2003 10 5 0.168141
PT114 2004 02 5 5.05252
PT114 2004 03 5 35.9338
PT114 2004 04 82 27.2549
PT114 2004 05 82 142.406
PT114 2004 06 287 247.038
PT114 2004 07 460 322.045
PT114 2004 08 99 23.8658
PT114 2004 09 141 92.1282
PT114 2004 10 141 5.08768
PT114 2004 11 141 10.0751
PT114 2004 12 141 0.123161
PT114 2005 01 141 2.09843
PT114 2005 02 131 20.3929
PT114 2005 03 151 182.164
PT114 2005 04 151 45.2232
PT114 2005 05 151 22.6765
PT114 2005 06 421 1267.41
PT114 2005 07 481 2206.47
PT114 2005 08 507 1931.61
PT114 2005 09 160 93.4304
PT114 2005 10 110 74.6393
PT114 2005 11 5 0.107814
PT114 2005 12 5 2.31101
PT114 2006 01 5 0.213997
PT114 2006 02 5 1.96664
PT114 2006 03 4 0.20266
PT114 2006 04 4 2.11504
PT114 2006 05 81 9.87162
PT114 2006 06 308 113.616
PT114 2006 07 389 115.218
PT114 2006 08 540 1834.3
PT114 2006 09 119 34.215
PT114 2006 10 119 0.236676
PT114 2006 11 4 0.110243
PT114 2006 12 4 0.0854761
PT114 2007 01 4 0.11313
PT114 2007 02 3 0.0599251
PT114 2007 03 3 4.52294
PT114 2007 04 3 11.015
PT114 2007 05 3 7.28038
PT114 2007 06 3 4.03377
PT114 2007 07 3 5.86202
PT114 2007 08 174 83.908
PT114 2007 09 227 130.911
PT114 2007 10 168 29.6014
PT114 2007 11 243 54.6233
PT114 2007 12 243 0.487465
PT115 1980 04 3 10.7968
PT115 1980 06 2 3.44292
PT115 1980 07 2 51.9809
PT115 1980 08 2 256.501
PT115 1980 09 2 594.589
PT115 1980 10 2 78.9479
PT115 1981 01 2 44.7998
PT115 1981 02 2 38.9041
PT115 1981 04 2 20.2034
PT115 1981 05 5 7.83509
PT115 1981 06 5 155.563
PT115 1981 07 264 945.654
PT115 1981 08 230 4597.95
PT115 1981 09 90 1214.61
PT115 1981 10 3 17.6604
PT115 1981 11 3 461.15
PT115 1981 12 2 1.28587
PT115 1982 03 3 13.6947
PT115 1982 04 5 31.4309
PT115 1982 05 4 67.1068
PT115 1982 06 4 3.44996
PT115 1982 07 4 78.1705
PT115 1982 08 100 2170.28
PT115 1982 09 100 313.623
PT115 1982 11 2 1.83073
PT115 1983 02 2 1.99897
PT115 1983 03 2 12.5853
PT115 1983 04 2 20.2278
PT115 1983 06 4 5.69903
PT115 1983 07 4 28.4995
PT115 1983 08 4 59.5603
PT115 1983 09 4 142.997
PT115 1983 10 4 82.726
PT115 1983 11 2 0.321693
PT115 1983 12 2 9.55084
PT115 1984 02 2 1.31693
PT115 1984 03 2 89.6736
PT115 1984 04 5 7.54025
PT115 1984 05 2 1.40367
PT115 1984 06 2 13.6987
PT115 1984 07 2 252.468
PT115 1984 08 284 1347.07
PT115 1984 09 238 3102.72
PT115 1984 10 3 2.89757
PT115 1985 02 2 0.669588
PT115 1985 03 2 38.7942
PT115 1985 04 2 3.30226
PT115 1985 05 2 28.8152
PT115 1985 06 2 19.1414
PT115 1985 07 2 393.201
PT115 1985 08 2 410.736
PT115 1985 09 2 2943.14
PT115 1985 10 3 0.238667
PT115 1986 03 2 1.00337
PT115 1986 04 4 43.3885
PT115 1986 05 4 11.88
PT115 1986 06 3 4.26318
PT115 1986 07 3 173.572
PT115 1986 08 3 412.251
PT115 1986 09 3 93.1024
PT115 1986 10 2 0.464975
PT115 1987 04 3 13.5332
PT115 1987 05 5 2.02263
PT115 1987 06 106 244.877
PT115 1987 07 394 998.845
PT115 1987 08 193 2096.73
PT115 1987 09 193 116.508
PT115 1988 02 2 1.12594
PT115 1988 06 5 4.05107
PT115 1988 07 5 14.5525
PT115 1988 08 5 38.7262
PT115 1988 09 5 40.3479
PT115 1988 10 132 254.31
PT115 1988 12 3 4.32112
PT115 1989 01 4 7.96982
PT115 1989 03 2 23.757
PT115 1989 06 2 159.899
PT115 1989 07 977 6581.99
PT115 1989 08 746 3832.34
PT115 1989 09 660 5399.27
PT115 1989 10 428 1754.83
PT115 1990 03 428 205.611
PT115 1990 04 428 17.1524
PT115 1990 05 428 15.6757
PT115 1990 06 82 188.891
PT115 1990 07 637 2896.75
PT115 1990 08 626 3639.54
PT115 1990 09 626 271.513
PT115 1991 04 3 0.153976
PT115 1991 05 3 195.393
PT115 1991 06 188 198.155
PT115 1991 07 338 356.317
PT115 1991 08 780 1845.12
PT115 1991 09 139 101.469
PT115 1991 10 139 0.283988
PT115 1992 01 139 1.33455
PT115 1992 02 139 8.34857
PT115 1992 03 119 47.2819
PT115 1992 04 119 48.1914
PT115 1992 05 126 29.999
PT115 1992 06 126 17.7603
PT115 1992 07 335 772.106
PT115 1992 08 558 281.896
PT115 1992 09 204 273.974
PT115 1992 10 204 0.870434
PT115 1993 01 2 0.0239504
PT115 1993 02 2 39.704
PT115 1993 03 2 38.9954
PT115 1993 04 2 3.03019
PT115 1993 05 2 8.85259
PT115 1993 06 2 10.6796
PT115 1993 07 571 391.328
PT115 1993 08 1372 1138.64
PT115 1993 09 340 628.638
PT115 1994 01 3 7.39285
PT115 1994 03 3 33.0983
PT115 1994 04 3 54.7955
PT115 1994 05 3 13.0896
PT115 1994 06 270 122.626
PT115 1994 07 655 499.868
PT115 1994 08 520 739.576
PT115 1994 09 412 370.255
PT115 1994 10 412 0.907812
PT115 1994 11 412 15.5654
PT115 1994 12 3 7.41522
PT115 1995 01 2 0.00655249
PT115 1995 02 3 1.96161
PT115 1995 03 127 829.171
PT115 1995 04 600 1319.37
PT115 1995 05 600 38.8691
PT115 1995 06 422 600.377
PT115 1995 07 736 2027.5
PT115 1995 08 2207 5204.03
PT115 1995 09 336 233.177
PT115 1995 10 336 37.0059
