ES620 1997 01 3 0.23911
ES620 1997 02 3 0.20561
ES620 1997 03 3 5.4398
ES620 1997 04 3 3.77686
ES620 1997 05 3 7.61006
ES620 1997 06 3 15.4227
ES620 1997 07 3 3.62322
ES620 1997 08 3 14.9564
ES620 1997 09 3 15.5342
ES620 1997 10 3 0.671653
ES620 1997 11 2 0.00936816
ES620 1997 12 2 4.0944
ES620 1998 01 3 0.016219
ES620 1998 02 3 2.6824
ES620 1998 03 3 10.8215
ES620 1998 04 3 20.3548
ES620 1998 05 5 0.254493
ES620 1998 06 5 31.426
ES620 1998 07 5 15.3912
ES620 1998 08 5 19.2268
ES620 1998 09 5 13.7611
ES620 1998 10 5 15.3297
ES620 1998 11 5 3.5826
ES620 1998 12 4 0.241353
ES620 1999 01 4 2.04949
ES620 1999 02 4 17.3787
ES620 1999 03 4 4.54167
ES620 1999 04 4 4.29679
ES620 1999 05 4 3.52758
ES620 1999 06 4 16.8389
ES620 1999 07 4 19.4865
ES620 1999 08 4 6.62483
ES620 1999 09 4 3.01724
ES620 1999 10 2 0.202848
ES620 1999 11 4 0.482143
ES620 1999 12 4 3.23476
ES620 2000 01 4 1.753
ES620 2000 02 4 8.45991
ES620 2000 03 4 11.3041
ES620 2000 04 4 6.85155
ES620 2000 05 4 1.49404
ES620 2000 06 4 11.0599
ES620 2000 07 4 42.9664
ES620 2000 08 4 64.8843
ES620 2000 09 4 3.37046
ES620 2000 10 4 3.54364
ES620 2000 11 2 0.059525
ES620 2000 12 2 0.0116662
ES620 2001 01 3 0.316464
ES620 2001 02 3 5.40925
ES620 2001 03 3 7.12509
ES620 2001 04 3 4.72759
ES620 2001 05 3 2.24283
ES620 2001 06 3 68.7447
ES620 2001 07 3 10.0102
ES620 2001 08 3 6.48127
ES620 2001 09 3 1.24669
ES620 2002 02 3 5.05944
ES620 2002 03 3 2.99803
ES620 2002 04 5 2.48364
ES620 2002 05 5 2.70947
ES620 2002 06 5 16.1134
ES620 2002 07 5 14.2129
ES620 2002 08 5 5.97571
ES620 2002 09 5 4.11337
ES620 2002 10 5 2.34829
ES620 2002 11 5 16.4901
ES620 2002 12 5 5.52917
ES620 2003 01 5 9.97546
ES620 2003 02 5 2.72623
ES620 2003 03 5 7.50127
ES620 2003 04 5 8.75062
ES620 2003 05 5 2.39066
ES620 2003 06 5 62.2389
ES620 2003 07 5 15.7654
ES620 2003 08 5 21.3707
ES620 2003 09 5 6.14117
ES620 2003 10 5 0.844273
ES620 2003 11 2 0.111634
ES620 2004 01 2 4.34264
ES620 2004 02 3 0.146865
ES620 2004 03 3 1.61165
ES620 2004 04 3 3.30251
ES620 2004 05 2 0.238282
ES620 2004 06 2 22.6394
ES620 2004 07 2 23.1276
ES620 2004 08 2 296.543
ES620 2004 09 2 2.23316
ES620 2004 10 2 27.3251
ES620 2004 11 2 7.17777
ES620 2004 12 2 1.64987
ES620 2005 01 2 11.8994
ES620 2005 02 2 1.40656
ES620 2005 03 2 3.3998
ES620 2005 04 2 5.58585
ES620 2005 05 2 51.8194
ES620 2005 06 2 11.4919
ES620 2005 07 2 187.2
ES620 2005 08 2 12.309
ES620 2005 09 2 0.576202
ES620 2005 10 2 1.52425
ES620 2005 11 4 0.357647
ES620 2005 12 4 3.10865
ES620 2006 01 4 1.91667
ES620 2006 02 4 1.59858
ES620 2006 03 4 38.8084
ES620 2006 04 4 4.07634
ES620 2006 05 4 0.273628
ES620 2006 06 4 20.4549
ES620 2006 07 4 3.23006
ES620 2006 08 4 1.99235
ES620 2006 09 4 2.22871
ES620 2006 10 4 0.357849
ES620 2006 12 4 2.55927
ES630 1991 08 2 1.98173
ES630 1993 08 2 110.235
ES630 1995 05 3 2.41424
ES630 1995 06 2 1.8504
ES630 1996 07 2 0.00570002
ES630 1996 08 3 0.249224
ES630 2004 08 4 13.7436
ES701 1985 08 4 1.48774
ES701 1986 06 3 11.9161
ES701 1986 08 4 22.6422
ES701 1986 09 2 3.2427
ES701 1987 07 2 3.10083
ES701 1987 08 3 15.6372
ES701 1987 09 3 3.49215
ES701 1988 06 2 0.46774
ES701 1988 07 5 6.5033
ES701 1988 08 5 84.6672
ES701 1988 09 5 814.744
ES701 1989 06 2 6.29835
ES701 1989 07 5 87.2596
ES701 1990 07 5 5.35195
ES701 1990 08 5 17.462
ES701 1991 06 4 6.51117
ES701 1991 07 4 13.1407
ES701 1991 08 4 18.0719
ES701 1991 09 4 12.2815
ES701 1992 06 2 13.1147
ES701 1992 07 5 21.8577
ES701 1992 08 5 419.793
ES701 1992 09 3 328.228
ES701 1992 10 2 0.218667
ES701 1993 07 2 21.6665
ES701 1993 08 2 24.7736
ES701 1993 10 2 0.574535
ES701 1994 04 3 153.347
ES701 1994 06 5 483.586
ES701 1994 07 5 351.6
ES701 1994 08 5 29.1734
ES701 1994 09 5 22.6195
ES701 1994 11 2 1.48667
ES701 1994 12 4 16.3605
ES701 1995 01 2 18.4442
ES701 1995 02 2 0.353282
ES701 1995 05 2 0.974907
ES701 1995 06 2 0.483397
ES701 1995 08 3 35.6701
ES701 1995 09 2 0.231987
ES701 1995 11 2 87.947
ES701 1996 03 2 7.61832
ES701 1996 05 2 7.12685
ES701 1996 07 2 1.63368
ES701 1997 03 3 22.1966
ES701 1997 05 2 0.0493656
ES701 1997 06 2 0.292818
ES701 1997 07 4 13.7393
ES701 1997 08 5 14.6581
ES701 1997 09 3 1.87293
ES701 1997 11 3 2.30968
ES701 1997 12 2 0.179017
ES701 1998 01 2 0.128264
ES701 1998 03 3 0.0888622
ES701 1998 06 4 0.52162
ES701 1998 07 4 14.7459
ES701 1998 08 4 16.6185
ES701 1998 09 3 3.40049
ES701 1998 10 4 17.5357
ES701 1998 11 2 0.448082
ES701 1999 05 2 0.0676317
ES701 1999 06 4 1.99441
ES701 1999 07 4 4.74978
ES701 1999 08 4 15.9831
ES701 1999 09 4 2.11987
ES701 2000 03 3 1.81104
ES701 2000 05 4 17.0954
ES701 2000 06 5 5.58075
ES701 2000 07 5 393.68
ES701 2000 08 5 6.97562
ES701 2000 09 3 0.504125
ES701 2000 12 5 5.70741
ES701 2001 01 3 2.57196
ES701 2001 02 2 0.00589082
ES701 2001 03 3 0.121387
ES701 2001 06 3 77.8722
ES701 2001 07 3 7.58047
ES701 2001 08 3 1.32361
ES701 2001 09 3 12.7552
ES701 2002 05 2 0.0192541
ES701 2002 06 5 0.410816
ES701 2002 07 5 33.8117
ES701 2002 08 5 2.02642
ES701 2002 09 5 1.84041
ES701 2002 10 3 0.242471
ES701 2002 11 2 0.0205842
ES701 2003 05 4 0.415173
ES701 2003 06 4 35.6564
ES701 2003 07 4 3.07358
ES701 2003 08 4 8.21993
ES701 2003 09 3 0.0223282
ES701 2003 10 3 1.11295
ES701 2004 01 3 0.0748002
ES701 2004 02 2 1.78735
ES701 2004 03 4 13.9038
ES701 2004 06 4 13.5552
ES701 2004 07 4 99.69
ES701 2004 08 4 10.0147
ES701 2004 09 4 4.86468
ES701 2004 10 4 85.1258
ES701 2004 11 2 0.127884
ES701 2005 01 2 0.0162645
ES701 2005 03 3 0.445473
ES701 2005 05 3 0.526145
ES701 2005 06 3 0.0514408
ES701 2005 07 3 105.526
ES701 2005 08 3 0.815229
ES701 2005 09 3 28.6802
ES701 2005 10 3 0.468299
ES701 2005 12 4 1.77089
ES701 2006 03 4 0.513432
ES701 2006 04 2 0.685338
ES701 2006 06 3 4.24128
ES701 2006 07 3 18.2496
ES701 2006 08 3 15.7699
ES701 2006 09 3 25.5758
ES701 2006 10 3 3.15515
ES701 2006 11 3 0.426645
ES702 1985 02 2 1.89937
ES702 1985 04 2 45.9522
ES702 1985 06 2 8.67063
ES702 1985 07 2 12.4221
ES702 1985 08 2 15.3037
ES702 1985 09 2 22.9927
ES702 1985 10 2 4.42353
ES702 1985 11 2 0.126951
ES702 1986 04 2 2.0228
ES702 1986 05 2 0.0915288
ES702 1986 06 2 13.8561
ES702 1986 07 3 9.55904
ES702 1986 08 3 24.7718
ES702 1986 09 3 20.092
ES702 1986 10 3 3.46142
ES702 1986 11 3 28.5151
ES702 1987 05 3 0.308664
ES702 1987 06 2 0.669173
ES702 1987 07 3 0.129345
ES702 1987 08 3 106.628
ES702 1987 09 3 6.08442
ES702 1988 03 2 0.292636
ES702 1988 04 3 1.90876
ES702 1988 05 3 9.1409
ES702 1988 06 5 8.5204
ES702 1988 07 5 19.4553
ES702 1988 08 5 142.972
ES702 1988 09 5 82.9398
ES702 1988 10 4 5.33723
ES702 1989 02 2 78.8262
ES702 1989 03 4 12.9818
ES702 1989 04 2 1.20216
ES702 1989 05 2 1.1117
ES702 1989 06 5 1.30204
ES702 1989 07 4 1.42525
ES702 1989 08 4 17.7478
ES702 1989 09 4 9.41805
ES702 1989 11 2 7.07717
ES702 1990 03 2 0.110139
ES702 1990 07 2 7.13475
ES702 1990 08 2 3832.12
ES702 1990 10 2 0.133453
ES702 1991 04 2 0.201994
ES702 1991 05 2 2.22996
ES702 1991 06 2 23.6042
ES702 1991 07 2 36.8235
ES702 1991 08 2 50.3352
ES702 1991 09 2 6.89532
ES702 1991 10 2 0.125076
ES702 1991 11 2 9.22734
ES702 1992 01 5 9.83073
ES702 1992 03 2 0.430533
ES702 1992 04 2 2.00719
ES702 1992 05 2 37.2552
ES702 1992 07 4 0.747285
ES702 1992 08 4 1.39542
ES702 1992 09 4 36.9848
ES702 1992 10 5 0.455419
ES702 1992 11 4 4.75384
ES702 1992 12 3 5.4371
ES702 1993 03 2 3.02013
ES702 1993 04 5 5.37081
ES702 1993 05 2 0.415365
ES702 1993 06 2 15.0997
ES702 1993 07 2 24.439
ES702 1993 08 2 110.544
ES702 1993 09 2 0.189058
ES702 1994 01 2 0.67725
ES702 1994 02 2 0.054497
ES702 1994 04 2 24.8306
ES702 1994 05 2 23.7406
ES702 1994 06 2 73.5955
ES702 1994 07 2 573.865
ES702 1994 08 2 3042.82
ES702 1994 09 2 0.886267
ES702 1994 10 4 20.6999
ES702 1994 11 3 9.55885
ES702 1994 12 3 5.23124
ES702 1995 01 5 14.4079
ES702 1995 02 5 48.7176
ES702 1995 03 5 1.74018
ES702 1995 06 5 18.6385
ES702 1995 07 5 3300.34
ES702 1995 08 5 427.889
ES702 1995 09 5 28.3951
ES702 1995 10 3 1.07406
ES702 1995 11 2 0.249336
ES702 1996 05 4 5.78332
ES702 1996 06 3 43.4502
ES702 1996 07 2 2.65582
ES702 1996 09 3 4.56669
ES702 1996 10 2 24.529
ES702 1996 11 2 1.04022
ES702 1997 02 2 1.38319
ES702 1997 03 5 12.0226
ES702 1997 05 2 2.16048
ES702 1997 06 4 0.239589
ES702 1997 07 3 0.287119
ES702 1997 08 3 12.0729
ES702 1997 09 3 132.348
ES702 1997 10 3 0.839547
ES702 1997 11 2 1.1461
ES702 1997 12 2 0.355302
ES702 1998 01 2 0.53652
ES702 1998 03 3 0.0181514
ES702 1998 04 2 2055.45
ES702 1998 05 3 0.44524
ES702 1998 06 5 8.44339
ES702 1998 07 5 2.98728
ES702 1998 08 5 1161.87
ES702 1998 09 5 1.4886
ES702 1998 10 5 1.24077
ES702 1998 11 5 902.176
ES702 1999 03 3 0.0805616
ES702 1999 04 3 14.4428
ES702 1999 05 4 4.79512
ES702 1999 06 3 0.358344
ES702 1999 07 3 130.135
ES702 1999 08 3 3.51059
ES702 1999 09 2 0.0498428
ES702 1999 10 2 0.0140769
ES702 1999 11 2 0.0343384
ES702 2000 02 4 2.32787
ES702 2000 03 4 15.1272
ES702 2000 05 2 0.831321
ES702 2000 06 2 2.62679
ES702 2000 07 2 4252.27
ES702 2000 08 2 1.41627
ES702 2000 09 2 3.9365
ES702 2000 10 3 0.215677
ES702 2001 02 2 0.156193
ES702 2001 03 2 103.736
ES702 2001 04 5 2.41374
ES702 2001 05 5 11.2383
ES702 2001 06 5 2.36064
ES702 2001 07 3 0.0603635
ES702 2001 08 3 3.07888
ES702 2001 10 4 0.316641
ES702 2001 11 2 0.285642
ES702 2002 01 2 0.92586
ES702 2002 02 2 0.0142505
ES702 2002 03 2 0.136671
ES702 2002 05 4 99.6144
ES702 2002 07 3 0.120141
ES702 2002 08 2 0.0802926
ES702 2002 09 3 1.84705
ES702 2002 10 5 9.58197
ES702 2002 11 3 0.0580608
ES702 2003 05 3 5.73608
ES702 2003 06 4 10.6135
ES702 2003 07 5 0.675038
ES702 2003 08 5 421.626
ES702 2003 09 5 8.19917
ES702 2003 10 3 0.21116
ES702 2003 12 3 1.52557
ES702 2004 01 2 7.34118
ES702 2004 02 2 22.1055
ES702 2004 03 2 14.4027
ES702 2004 04 4 0.669428
ES702 2004 05 3 0.0299604
ES702 2004 06 3 5.1775
ES702 2004 07 3 42.0699
ES702 2004 08 3 1.51012
ES702 2004 09 3 4.1807
ES702 2004 10 3 1.74528
ES702 2005 01 2 0.0105858
ES702 2005 02 3 0.498978
ES702 2005 04 3 3.62677
ES702 2005 05 3 11.5574
ES702 2005 06 3 4.07736
ES702 2005 07 3 18.4529
ES702 2005 08 3 0.723072
ES702 2005 09 3 1877.96
ES702 2005 10 4 0.448497
ES702 2005 11 2 0.0751555
ES702 2005 12 3 0.0708378
ES702 2006 03 4 0.852055
ES702 2006 04 3 0.029881
ES702 2006 05 3 43.1654
ES702 2006 06 3 1.29113
ES702 2006 07 3 0.509294
ES702 2006 08 3 4.10479
ES702 2006 09 3 799.734
ES702 2006 10 3 7.49072
ES702 2006 11 2 0.162031
ES702 2006 12 3 0.120965
FI131 2004 03 2 0.676827
FI131 2004 04 2 3.10275
FI131 2004 05 2 14.1834
FI131 2004 06 5 1.52263
FI131 2004 07 3 0.00523507
FI131 2004 08 4 0.017759
FI131 2004 09 4 0.301137
FI131 2005 04 4 23.5815
FI131 2005 05 4 20.2367
FI131 2005 06 4 7.1597
FI131 2005 07 4 13.0309
FI131 2005 09 3 2.99529
FI131 2005 10 5 0.0822885
FI131 2006 04 5 32.9662
FI131 2006 05 5 16.1582
FI131 2006 06 5 28.2698
FI131 2006 07 5 42.1072
FI131 2006 08 5 7.79221
FI131 2006 09 5 3.09319
FI131 2006 10 3 0.00497997
FI131 2006 11 4 0.0042228
FI131 2006 12 2 0.00432864
FI131 2007 04 2 8.14185
FI131 2007 05 2 9.86001
FI131 2007 06 2 13.6057
FI131 2007 07 5 0.0463616
FI131 2007 08 4 0.205708
FI131 2007 09 3 0.00544768
FI131 2007 10 3 0.623394
FI132 2004 04 3 2.12044
FI132 2004 05 3 20.6892
FI132 2004 06 3 0.844575
FI132 2004 07 3 0.200133
FI132 2005 04 3 3.92217
FI132 2005 05 3 13.5183
FI132 2005 06 3 10.6596
FI132 2005 07 3 9.05406
FI132 2005 08 3 0.932352
FI132 2005 09 3 2.1926
FI132 2005 10 3 0.756077
FI132 2005 11 3 0.157219
FI132 2006 01 2 0.0299169
FI132 2006 04 2 0.922645
FI132 2006 05 2 5.4788
FI132 2006 06 2 13.039
FI132 2006 07 2 14.8083
FI132 2006 08 2 15.4529
FI132 2006 09 2 5.86183
FI132 2006 10 3 0.0170667
FI132 2006 11 2 0.0211614
FI132 2006 12 2 0.00105306
FI132 2007 01 2 0.00652305
FI132 2007 02 2 0.0067476
FI132 2007 04 2 3.47055
FI132 2007 05 2 35.6584
FI132 2007 06 2 8.81417
FI132 2007 07 3 0.0050899
FI132 2007 08 4 0.154978
FI133 2004 04 4 1.59561
FI133 2004 05 4 14.2234
FI133 2004 06 4 0.783978
FI133 2004 07 3 2.73918
FI133 2004 08 2 0.0375371
FI133 2004 09 3 1.09408
FI133 2005 04 4 5.6635
FI133 2005 05 4 1.37977
FI133 2005 06 4 40.2544
FI133 2005 07 4 3.70918
FI133 2005 08 4 3.87713
FI133 2005 09 4 9.30299
FI133 2005 10 4 0.0432479
FI133 2005 11 2 0.00134708
FI133 2006 04 2 1.71637
FI133 2006 05 2 6.72679
FI133 2006 06 2 8.21166
FI133 2006 07 2 44.8627
FI133 2006 08 2 3.60824
FI133 2006 09 2 0.742945
FI133 2007 04 2 7.49041
FI133 2007 05 2 18.6634
FI133 2007 06 5 0.805557
FI133 2007 07 3 0.117455
FI133 2007 08 5 0.0778542
FI133 2007 09 3 0.0120517
FI134 2004 04 2 0.045922
FI134 2004 05 2 2.13154
FI134 2004 06 2 2.44928
FI134 2004 07 2 0.683892
FI134 2004 08 3 0.0254413
FI134 2004 09 2 0.00116457
FI134 2005 04 2 0.0821192
FI134 2005 05 2 1.17055
FI134 2005 06 2 28.0786
FI134 2005 07 2 47.744
FI134 2005 08 2 1.09919
FI134 2005 09 2 0.228475
FI134 2005 10 4 0.00507014
FI134 2005 11 2 0.015475
FI134 2006 04 3 0.012238
FI134 2006 05 3 4.83749
FI134 2006 06 3 3.56704
FI134 2006 07 3 69.2954
FI134 2006 08 3 10.4668
FI134 2006 09 4 0.145209
FI134 2006 11 3 0.00733577
FI134 2007 05 3 17.8841
FI134 2007 06 3 2.49669
FI134 2007 07 2 0.0109843
FI134 2007 08 5 4.83231
FI181 2004 04 85 41.1288
FI181 2004 05 85 50.1648
FI181 2004 06 85 0.730728
FI181 2004 07 85 0.0253067
FI181 2004 08 5 0.0118573
FI181 2004 09 4 1.03985
FI181 2004 10 3 1.25979
FI181 2004 11 2 0.0012413
FI181 2005 04 2 16.3082
FI181 2005 05 2 24.5973
FI181 2005 06 2 0.365644
FI181 2005 07 2 5.37579
FI181 2005 08 2 0.00568563
FI181 2005 09 2 1.38803
FI181 2005 10 4 0.00632734
FI181 2005 11 2 0.00363195
FI181 2006 04 2 25.4515
FI181 2006 05 110 5.63491
FI181 2006 06 110 11.232
FI181 2006 07 162 39.4744
FI181 2006 08 119 18.6351
FI181 2006 09 119 3.66779
FI181 2006 11 2 0.0020458
FI181 2007 03 2 3.72479
FI181 2007 04 2 18.2574
FI181 2007 05 2 118.671
FI181 2007 06 2 3.6107
FI181 2007 07 2 0.11212
FI181 2007 08 2 2.11784
FI181 2007 09 3 0.00197078
FI181 2007 12 2 0.0137593
FI182 2004 04 2 2.13565
FI182 2004 05 2 5.42517
FI182 2004 06 5 0.279375
FI182 2004 07 4 0.0119879
FI182 2004 08 2 0.0013897
FI182 2005 04 2 0.629253
FI182 2005 05 2 0.0356977
FI182 2005 07 2 0.545901
FI182 2005 09 3 0.573785
FI182 2005 10 4 0.00502375
FI182 2005 11 4 0.0131428
FI182 2005 12 4 0.00725155
FI182 2006 04 4 3.44498
FI182 2006 05 4 3.24535
FI182 2006 06 4 0.459458
FI182 2006 07 4 20.1481
FI182 2006 08 4 2.80438
FI182 2006 09 4 1.8939
FI182 2006 11 2 0.00259612
FI182 2007 04 2 5.34152
FI182 2007 05 2 0.758134
FI182 2007 06 2 0.333871
FI182 2007 07 4 0.201829
FI182 2007 08 4 0.241686
FI182 2007 10 2 0.002661
FI183 2004 03 2 0.00125829
FI183 2004 04 2 11.2059
FI183 2004 05 2 3.77232
FI183 2004 06 2 4.2088
FI183 2004 07 3 0.00242546
FI183 2004 08 3 1.90612
FI183 2004 09 3 10.5165
FI183 2004 10 2 1.26659
FI183 2005 03 2 0.000772298
FI183 2005 04 2 13.4286
FI183 2005 05 2 44.6827
FI183 2005 06 2 1.13033
FI183 2005 07 2 6.57596
FI183 2005 08 2 0.169233
FI183 2005 09 3 7.36785
FI183 2005 10 3 8.74449
FI183 2005 11 2 0.00590676
FI183 2006 02 2 0.0399615
FI183 2006 04 2 14.2938
FI183 2006 05 2 14.9488
FI183 2006 06 2 0.506115
FI183 2006 07 2 8.10122
FI183 2006 08 2 15.8814
FI183 2006 09 2 11.0068
FI183 2006 10 3 0.121893
FI183 2006 11 2 0.00119295
FI183 2006 12 2 0.00280176
FI183 2007 03 2 2.23515
FI183 2007 04 2 150.114
FI183 2007 05 2 13.764
FI183 2007 06 2 3.99637
FI183 2007 07 2 1.18422
FI183 2007 08 2 0.877268
FI183 2007 09 2 0.0307415
FI183 2007 10 2 0.017246
FI184 2004 04 2 20.1182
FI184 2004 05 2 3.88806
FI184 2004 06 2 0.692764
FI184 2004 08 2 0.00635245
FI184 2005 04 2 11.6758
FI184 2005 05 2 1.38134
FI184 2005 06 2 0.35523
FI184 2005 07 2 1.3852
FI184 2005 08 4 0.091329
FI184 2005 09 4 0.00934351
FI184 2005 10 4 0.155221
FI184 2006 04 4 8.26773
FI184 2006 05 4 19.7074
FI184 2006 06 4 1.17998
FI184 2006 07 4 18.0102
FI184 2006 08 4 10.001
FI184 2006 09 4 3.07122
FI184 2006 10 2 0.00655551
FI184 2007 03 3 0.135757
FI184 2007 04 3 9.28134
FI184 2007 05 3 3.58636
FI184 2007 06 3 2.77236
FI184 2007 07 3 1.31035
FI184 2007 08 5 0.00822262
FI184 2007 09 4 3.51597
FI185 2004 04 4 13.7976
FI185 2004 05 4 5.80592
FI185 2004 06 4 1.12817
FI185 2004 07 2 0.0118476
FI185 2004 09 2 6.37554
FI185 2004 11 2 0.00348411
FI185 2005 04 2 9.2753
FI185 2005 05 2 2.29013
FI185 2005 06 3 0.213229
FI185 2005 07 3 5.95921
FI185 2005 08 2 1.63675
FI185 2005 10 3 0.00463499
FI185 2005 11 2 0.00154779
FI185 2006 04 2 1.84597
FI185 2006 05 2 3.03613
FI185 2006 06 2 4.75585
FI185 2006 07 2 7.17876
FI185 2006 08 2 7.05591
FI185 2006 09 2 0.217672
FI185 2007 01 2 0.0102405
FI185 2007 03 2 0.00342439
FI185 2007 04 2 2.64839
FI185 2007 05 2 13.0573
FI185 2007 06 2 2.2241
FI185 2007 07 2 0.000997631
FI185 2007 08 3 0.284086
FI186 2004 04 3 5.6287
FI186 2004 05 3 6.35285
FI186 2004 06 3 1.9616
FI186 2004 07 3 0.91538
FI186 2004 08 2 0.00639517
FI186 2004 09 2 0.00190625
FI186 2004 11 3 0.00692532
FI186 2005 04 3 11.6731
FI186 2005 05 3 6.05929
FI186 2005 06 5 0.0131076
FI186 2005 07 5 6.34388
FI186 2005 08 4 0.472733
FI186 2005 09 3 0.514611
FI186 2005 10 5 0.0559304
FI186 2005 11 5 0.0463132
FI186 2005 12 2 0.00556997
FI186 2006 04 2 3.56648
FI186 2006 05 2 23.724
FI186 2006 06 2 31.413
FI186 2006 07 2 23.5683
FI186 2006 08 2 35.0562
FI186 2006 09 2 1.34045
FI186 2006 10 4 0.00818544
FI186 2006 11 5 0.00931066
FI186 2006 12 5 0.026479
FI186 2007 01 2 0.0112476
FI186 2007 03 4 0.0131719
FI186 2007 04 4 9.10853
FI186 2007 05 4 1.66346
FI186 2007 06 4 3.4405
FI186 2007 07 5 0.00962899
FI186 2007 08 5 0.037071
FI187 2004 04 5 2.37398
FI187 2004 05 5 1.13263
FI187 2004 06 5 5.12585
FI187 2004 07 5 0.00611372
FI187 2004 08 3 0.00256674
FI187 2005 04 3 8.81704
FI187 2005 05 3 1.97031
FI187 2005 06 3 0.756297
FI187 2005 07 3 2.7599
FI187 2005 08 3 0.0032063
FI187 2005 09 4 0.0358725
FI187 2006 04 4 3.1886
FI187 2006 05 4 14.9364
FI187 2006 06 4 3.6278
FI187 2006 07 4 106.767
FI187 2006 08 4 11.5855
FI187 2006 09 4 2.35879
FI187 2006 10 3 0.00400923
FI187 2006 11 4 0.0117974
FI187 2007 03 2 0.00508619
FI187 2007 04 2 0.250689
FI187 2007 05 2 1.42955
FI187 2007 06 2 4.92229
FI187 2007 07 3 0.00227948
FI187 2007 08 5 0.690333
FI187 2007 11 2 0.00101988
FI187 2007 12 2 0.00712853
FI191 2004 03 2 0.973517
FI191 2004 04 2 8.63522
FI191 2004 05 2 43.8823
FI191 2004 06 2 28.4574
FI191 2004 07 3 0.0393464
FI191 2004 08 3 6.56265
FI191 2004 09 2 1.89426
FI191 2004 10 2 1.14978
FI191 2005 03 3 0.012893
FI191 2005 04 3 21.3849
FI191 2005 05 3 6.74331
FI191 2005 06 3 135.914
FI191 2005 07 3 18.6061
FI191 2005 08 3 2.22531
FI191 2005 09 4 0.0148743
FI191 2005 10 2 0.0103161
FI191 2006 03 2 0.00104622
FI191 2006 04 2 8.77418
FI191 2006 05 2 3.89694
FI191 2006 06 2 70.8977
FI191 2006 07 2 62.3541
FI191 2006 08 2 11.6674
FI191 2006 09 2 4.91388
FI191 2006 10 4 0.117392
FI191 2006 12 2 0.00448494
FI191 2007 03 2 0.00332602
FI191 2007 04 2 2.6631
FI191 2007 05 2 10.2561
FI191 2007 06 2 19.9294
FI191 2007 07 2 0.28341
FI191 2007 08 2 0.065441
FI191 2007 09 2 0.0466666
FI191 2007 10 2 0.00126633
FI191 2007 11 2 0.00123529
FI191 2007 12 2 0.0698185
FI192 2004 01 2 0.00573556
FI192 2004 04 2 11.5499
FI192 2004 05 2 2.1909
FI192 2004 06 2 2.95134
FI192 2004 07 2 0.00143484
FI192 2004 08 5 0.0730926
FI192 2004 09 3 0.23027
FI192 2005 04 3 17.3391
FI192 2005 05 3 18.3981
FI192 2005 06 3 3.5514
FI192 2005 07 3 9.52659
FI192 2005 09 4 0.338496
FI192 2005 10 3 0.0076116
FI192 2005 11 2 0.00508394
FI192 2006 04 2 1.93794
FI192 2006 05 2 10.949
FI192 2006 06 2 26.2967
FI192 2006 07 2 12.6899
FI192 2006 08 2 15.3476
FI192 2006 09 2 9.24469
FI192 2006 10 2 0.000714861
FI192 2006 11 3 0.00319143
FI192 2007 03 2 0.00145072
FI192 2007 04 2 6.08034
FI192 2007 05 2 11.9343
FI192 2007 06 2 9.81404
FI192 2007 07 2 1.17195
FI192 2007 08 2 0.0289296
FI192 2007 09 3 0.606197
FI192 2007 10 2 0.00749496
FI192 2007 11 3 0.00272406
FI193 2004 04 3 14.4265
FI193 2004 05 3 39.4782
FI193 2004 06 3 21.8399
FI193 2004 07 3 0.0702576
FI193 2004 08 2 0.041037
FI193 2004 09 2 0.000610036
FI193 2005 04 2 2.95181
FI193 2005 05 2 6.09183
FI193 2005 06 2 1.47912
FI193 2005 07 2 49.6399
FI193 2005 08 3 0.0130363
FI193 2005 09 3 1.3433
FI193 2005 10 3 0.91337
FI193 2005 11 5 0.0486679
FI193 2006 04 5 8.79055
FI193 2006 05 5 4.27556
FI193 2006 06 5 58.8962
FI193 2006 07 5 50.6011
FI193 2006 08 5 23.5892
FI193 2006 09 5 1.76444
FI193 2006 11 2 0.00167106
FI193 2007 01 2 0.00664406
FI193 2007 04 2 17.2955
FI193 2007 05 2 17.4891
FI193 2007 06 2 22.469
FI193 2007 07 2 0.0550504
FI193 2007 08 2 0.273578
FI193 2007 09 2 3.6125
FI193 2007 10 2 0.000610042
FI193 2007 12 3 0.0308288
FI194 2004 04 3 24.8742
FI194 2004 05 3 29.0864
FI194 2004 06 3 49.0736
FI194 2004 07 2 0.00260943
FI194 2004 08 4 0.0415168
FI194 2004 09 4 0.0026806
FI194 2005 04 4 23.0808
FI194 2005 05 4 27.6268
FI194 2005 06 4 41.6888
FI194 2005 07 4 4.85094
FI194 2005 08 2 1.2013
FI194 2005 09 5 2.19898
FI194 2005 10 3 0.0103205
FI194 2005 11 2 0.171697
FI194 2006 03 2 0.00428691
FI194 2006 04 2 5.56262
FI194 2006 05 2 25.806
FI194 2006 06 2 10.4475
FI194 2006 07 2 31.8807
FI194 2006 08 2 9.04456
FI194 2006 09 2 13.1049
FI194 2006 10 2 0.0188082
FI194 2006 12 5 0.00750925
FI194 2007 01 3 0.00930003
FI194 2007 02 4 0.00701925
FI194 2007 03 5 0.10583
FI194 2007 04 5 5.41757
FI194 2007 05 5 2.02625
FI194 2007 06 5 1.39565
FI194 2007 07 5 0.106107
FI194 2007 08 5 0.060939
FI194 2007 09 5 1.00955
FI194 2007 11 2 0.000603623
FI195 2004 01 5 0.0575355
FI195 2004 04 5 6.28205
FI195 2004 05 5 6.97445
FI195 2004 06 5 5.22711
FI195 2004 07 3 0.378202
FI195 2004 08 2 0.00129191
FI195 2004 09 3 0.0928662
FI195 2004 10 2 0.940339
FI195 2004 11 2 0.00126666
FI195 2005 01 2 0.00330105
FI195 2005 04 2 9.97979
FI195 2005 05 2 5.12981
FI195 2005 06 2 0.528856
FI195 2005 07 2 1.60375
FI195 2005 09 5 9.82456
FI195 2005 10 4 0.108479
FI195 2005 11 3 0.00536952
FI195 2006 04 3 0.0946188
FI195 2006 05 3 11.1358
FI195 2006 06 3 6.20848
FI195 2006 07 3 13.6489
FI195 2006 08 3 4.08562
FI195 2006 09 4 0.693598
FI195 2006 10 4 0.00404797
FI195 2006 11 2 0.00131898
FI195 2006 12 2 0.00179286
FI195 2007 04 2 0.542196
FI195 2007 05 2 1.4575
FI195 2007 06 4 0.0339955
FI195 2007 07 4 0.39625
FI195 2007 08 2 0.0245497
FI195 2007 09 3 2.60511
FI195 2007 10 3 0.00767073
FI1A1 2004 01 2 0.00174837
FI1A1 2004 04 2 0.27704
FI1A1 2004 05 2 10.5542
FI1A1 2004 06 2 7.36508
FI1A1 2004 07 3 0.00752298
FI1A1 2005 04 3 5.20098
FI1A1 2005 05 3 1.83115
FI1A1 2005 06 3 2.18696
FI1A1 2005 07 3 3.42617
FI1A1 2005 08 4 0.300651
FI1A1 2005 09 4 1.13982
FI1A1 2005 10 2 0.0062455
FI1A1 2005 11 2 0.00123245
FI1A1 2006 04 2 1.37409
FI1A1 2006 05 2 5.6869
FI1A1 2006 06 2 1.31326
FI1A1 2006 07 2 0.443063
FI1A1 2006 08 2 111.889
FI1A1 2006 09 2 0.678982
FI1A1 2006 10 3 0.00336349
FI1A1 2006 11 2 0.0154113
FI1A1 2006 12 2 0.0141756
FI1A1 2007 02 3 0.0292656
FI1A1 2007 04 3 5.43462
FI1A1 2007 05 5 0.296331
FI1A1 2007 06 5 0.0590942
FI1A1 2007 07 2 0.00310702
FI1A1 2007 08 2 0.000758458
FI1A2 2004 01 2 0.0204654
FI1A2 2004 02 2 0.0102629
FI1A2 2004 03 2 0.00676995
FI1A2 2004 04 2 24.1473
FI1A2 2004 05 2 48.1183
FI1A2 2004 06 2 18.7101
FI1A2 2004 07 2 3.231
FI1A2 2004 08 5 0.118099
FI1A2 2004 09 3 0.00810822
FI1A2 2004 10 2 0.00250232
FI1A2 2005 04 2 18.2597
FI1A2 2005 05 2 6.23739
FI1A2 2005 06 2 90.8947
FI1A2 2005 07 2 6.92629
FI1A2 2005 08 2 0.687752
FI1A2 2005 09 5 0.0114109
FI1A2 2005 10 5 0.109282
FI1A2 2005 11 4 0.021866
FI1A2 2006 04 4 12.0824
FI1A2 2006 05 81 78.9915
FI1A2 2006 06 81 41.7773
FI1A2 2006 07 81 42.2019
FI1A2 2006 08 81 53.401
FI1A2 2006 09 81 4.01458
FI1A2 2006 10 81 0.0544441
FI1A2 2006 11 81 0.0693102
FI1A2 2006 12 2 0.0890042
FI1A2 2007 02 2 0.00100875
FI1A2 2007 03 2 0.00128101
FI1A2 2007 04 2 1.67341
FI1A2 2007 05 2 13.9204
FI1A2 2007 06 2 50.0163
FI1A2 2007 07 2 0.0288406
FI1A2 2007 08 2 0.842817
FI1A2 2007 09 2 0.046508
FI1A3 2004 03 3 0.0536891
FI1A3 2004 04 4 0.0124141
FI1A3 2004 05 4 21.9068
FI1A3 2004 06 4 8.5831
FI1A3 2004 07 4 6.71659
FI1A3 2004 08 4 2.7772
FI1A3 2004 09 2 0.0103898
FI1A3 2005 04 4 0.149543
FI1A3 2005 05 4 0.632027
FI1A3 2005 06 4 27.9719
FI1A3 2005 07 4 24.2221
FI1A3 2005 08 4 0.107266
FI1A3 2005 09 2 0.0356667
FI1A3 2005 10 5 0.0084359
FI1A3 2006 04 5 2.01691
FI1A3 2006 05 5 11.9837
FI1A3 2006 06 5 65.2279
FI1A3 2006 07 5 59.3624
FI1A3 2006 08 5 361.697
FI1A3 2006 09 5 0.543325
FI1A3 2006 10 5 0.084411
FI1A3 2006 11 5 0.0397323
FI1A3 2007 02 2 0.000556051
FI1A3 2007 04 4 0.0345522
FI1A3 2007 05 4 15.5448
FI1A3 2007 06 4 71.2257
FI1A3 2007 07 2 0.000552927
FI1A3 2007 08 5 0.0649108
FI1A3 2007 09 2 0.00133466
FI1A3 2007 10 4 0.00860944
FI1A3 2007 11 2 0.00415176
FI1A3 2007 12 2 0.00199398
FR101 2002 08 2 0.646217
FR102 1993 03 2 2.19956
FR102 1993 08 5 0.47209
FR102 1994 04 2 1.24948
FR102 1994 05 4 1.02943
FR102 1994 07 2 0.089497
FR102 1995 04 2 0.141279
FR102 1995 05 2 0.0530968
