ES213 1986 06 4 5.7119
ES213 1986 07 4 6.10435
ES213 1986 08 4 31.4648
ES213 1986 09 4 8.19157
ES213 1986 10 3 5.98543
ES213 1986 11 3 4.63328
ES213 1986 12 3 45.5316
ES213 1987 01 3 4.37888
ES213 1987 02 2 2.79216
ES213 1987 03 2 30.3542
ES213 1987 04 2 125.386
ES213 1987 05 2 11.0732
ES213 1987 06 2 29.6807
ES213 1987 08 2 11.3535
ES213 1987 09 2 221.106
ES213 1987 10 2 8.91998
ES213 1987 11 2 9.96989
ES213 1987 12 2 121.2
ES213 1988 01 2 31.0576
ES213 1988 02 2 31.0101
ES213 1988 03 2 12.2708
ES213 1988 04 2 0.283606
ES213 1988 05 2 0.667439
ES213 1988 07 2 0.976875
ES213 1988 10 2 7.78461
ES213 1988 11 2 69.4487
ES213 1988 12 4 2.82332
ES213 1989 01 4 294.67
ES213 1989 02 4 565.943
ES213 1989 03 4 210.28
ES213 1989 04 3 10.3777
ES213 1989 05 3 39.6377
ES213 1989 06 3 37.7063
ES213 1989 07 3 564.496
ES213 1989 08 3 40.364
ES213 1989 09 3 133.87
ES213 1989 10 3 354.386
ES213 1989 11 3 150.969
ES213 1989 12 3 2575.56
ES213 1990 01 3 1.32086
ES213 1990 02 3 71.0402
ES213 1990 03 3 83.1108
ES213 1990 04 3 18.1717
ES213 1990 05 5 1.65803
ES213 1990 07 4 4.25024
ES213 1990 08 4 91.4967
ES213 1990 09 4 9.70886
ES213 1990 10 4 2.54611
ES213 1990 12 2 0.96829
ES213 1991 01 3 0.228302
ES213 1991 03 5 80.7242
ES213 1991 04 2 0.521495
ES213 1991 05 4 38.4567
ES213 1991 07 3 1.05715
ES213 1991 08 4 20.4705
ES213 1991 09 3 5.11915
ES213 1991 11 2 6.70131
ES213 1991 12 2 0.759
ES213 1992 01 2 481.362
ES213 1992 02 2 126.082
ES213 1992 03 2 67.9712
ES213 1992 04 3 22.3139
ES213 1992 05 2 23.3673
ES213 1992 07 2 6.7881
ES213 1992 09 2 0.346915
ES213 1992 11 2 12.7926
ES213 1993 01 2 12.7392
ES213 1993 02 5 6.00618
ES213 1993 03 5 70.9188
ES213 1993 04 4 91.7607
ES213 1993 08 2 6.42695
ES213 1993 09 3 1.87269
ES213 1995 01 5 10.0371
ES213 1995 02 5 68.5128
ES213 1995 03 5 58.5513
ES213 1995 04 5 28.2781
ES213 1995 05 5 5.281
ES213 1995 06 3 2.35015
ES213 1995 07 3 2.8514
ES213 1995 08 3 3.99831
ES213 1995 09 4 148.305
ES213 1995 10 3 7.82938
ES213 1995 11 5 16.2682
ES213 1995 12 2 2.57836
ES213 1996 01 2 58.3205
ES213 1996 02 3 16.5662
ES213 1996 03 3 223.364
ES213 1996 04 3 8.80251
ES213 1996 05 3 7.25564
ES213 1996 06 4 3.25517
ES213 1996 07 2 0.235994
ES213 1996 08 2 0.751016
ES213 1996 09 3 22.4504
ES213 1996 10 3 2.69494
ES213 1996 12 2 2.62849
ES213 1997 01 2 0.726855
ES213 1997 02 2 26.2029
ES213 1997 03 2 43.0143
ES213 1997 04 2 25.9123
ES213 1997 05 4 3.91997
ES213 1997 09 2 6.7486
ES213 1997 10 2 26.0043
ES213 1998 01 2 73.6957
ES213 1998 02 2 45.4615
ES213 1998 03 2 104.771
ES213 1998 04 4 3.02753
ES213 1998 05 4 15.1824
ES213 1998 06 4 1.06513
ES213 1998 07 4 3.28159
ES213 1998 08 4 3.11845
ES213 1998 09 5 1.03441
ES213 1998 11 3 1.20124
ES213 1998 12 3 71.146
ES213 1999 01 5 0.748946
ES213 1999 03 5 11.2586
ES213 1999 04 5 9.77023
ES213 1999 05 5 6.62889
ES213 1999 06 4 0.342096
ES213 1999 07 4 20.754
ES213 1999 08 4 4.53468
ES213 1999 09 4 99.7435
ES213 1999 10 4 2.64447
ES213 1999 11 4 9.68458
ES213 2000 01 3 3.13453
ES213 2000 02 3 4.31056
ES213 2000 03 3 63.4531
ES213 2000 04 5 4.59583
ES213 2000 05 2 0.422436
ES213 2000 06 4 1.55526
ES213 2000 07 4 3.43998
ES213 2000 08 3 0.977948
ES213 2000 09 3 58.1177
ES213 2000 12 3 255.726
ES213 2001 01 3 9.64908
ES213 2001 02 3 13.5307
ES213 2001 03 3 19.221
ES213 2001 04 4 1.76901
ES213 2001 05 4 4.9779
ES213 2001 06 5 12.1338
ES213 2001 07 5 2.26797
ES213 2001 08 5 3.98713
ES213 2001 09 5 5.51006
ES213 2001 10 5 80.5752
ES213 2001 12 5 4.83869
ES213 2002 01 5 160.432
ES213 2002 02 5 339.546
ES213 2002 03 5 34.3984
ES213 2002 04 5 172.199
ES213 2002 05 4 20.5088
ES213 2002 07 4 2.96763
ES213 2002 09 3 0.763952
ES213 2002 10 4 2.94044
ES213 2002 11 4 3.01302
ES213 2002 12 4 12.694
ES213 2003 02 4 2.73116
ES213 2003 03 4 39.7849
ES213 2003 04 4 9.782
ES213 2003 05 4 19.4881
ES213 2003 06 4 29.1619
ES213 2003 07 4 1.65728
ES213 2003 08 4 112.81
ES213 2003 09 4 3.29002
ES213 2003 10 2 0.335159
ES213 2003 11 2 6.40172
ES213 2003 12 2 12.2711
ES213 2004 01 2 10.9972
ES213 2004 02 2 18.6159
ES213 2004 03 5 1.09863
ES213 2004 04 5 25.751
ES213 2004 05 5 6.98996
ES213 2004 06 4 3.70562
ES213 2004 07 5 3.0201
ES213 2004 08 5 18.0824
ES213 2004 09 5 4.75753
ES213 2004 10 5 27.86
ES213 2004 12 2 0.105798
ES213 2005 01 2 8.79419
ES213 2005 02 4 0.830557
ES213 2005 03 4 108.528
ES213 2005 04 4 15.5028
ES213 2005 05 4 12.0951
ES213 2005 06 5 7.99738
ES213 2005 07 5 2.58103
ES213 2005 08 5 10.0356
ES213 2005 09 3 3.27591
ES213 2005 10 3 40.7453
ES213 2005 11 2 0.518765
ES213 2005 12 2 1.37453
ES213 2006 01 3 1.42425
ES213 2006 02 2 0.124142
ES213 2006 03 2 19.874
ES213 2006 04 2 15.0338
ES213 2006 05 4 2.86027
ES213 2006 06 4 0.407337
ES213 2006 07 2 0.010118
ES213 2006 08 2 0.196397
ES213 2006 09 2 0.357824
ES213 2006 10 3 1.31994
ES213 2006 11 3 0.468125
ES213 2006 12 3 1.95234
ES220 1985 02 3 26.4812
ES220 1985 03 2 8.35824
ES220 1985 04 4 10.0816
ES220 1985 06 2 5.38504
ES220 1985 07 4 5.2461
ES220 1985 08 4 491.872
ES220 1985 09 4 461.294
ES220 1985 10 4 246.981
ES220 1985 12 4 237.113
ES220 1986 03 4 408.219
ES220 1986 04 2 1.11068
ES220 1986 05 2 25.91
ES220 1986 06 4 7.55469
ES220 1986 07 4 155.459
ES220 1986 08 4 605.974
ES220 1986 09 4 85.8319
ES220 1986 10 3 1.19932
ES220 1986 12 3 72.3119
ES220 1987 01 2 3.02365
ES220 1987 03 5 17.104
ES220 1987 04 5 40.0379
ES220 1987 07 2 1.50346
ES220 1987 08 4 45.8806
ES220 1987 09 4 256.222
ES220 1987 11 2 4.4458
ES220 1987 12 3 4.6715
ES220 1989 01 3 852.713
ES220 1989 02 131 1920.4
ES220 1989 03 131 454.78
ES220 1989 04 2 0.744455
ES220 1989 05 2 73.1268
ES220 1989 06 2 261.113
ES220 1989 07 2 378.34
ES220 1989 08 2 20.598
ES220 1989 09 2 52.3213
ES220 1989 10 2 271.793
ES220 1989 11 2 188.975
ES220 1989 12 2 2707.35
ES220 1990 01 2 1.54515
ES220 1990 02 2 33.0354
ES220 1990 03 2 161.15
ES220 1990 04 5 11.7772
ES220 1990 05 5 148.828
ES220 1990 06 2 2.20212
ES220 1990 07 2 196.649
ES220 1990 08 2 207.38
ES220 1990 09 2 29.7803
ES220 1990 10 2 8.30116
ES220 1990 11 4 0.437583
ES220 1990 12 2 0.0996141
ES220 1991 01 2 8.09723
ES220 1991 02 2 57.2427
ES220 1991 03 2 52.636
ES220 1991 04 2 11.2123
ES220 1991 05 2 7.17937
ES220 1991 06 2 7.29907
ES220 1991 07 2 138.99
ES220 1991 08 2 158.331
ES220 1991 09 2 10.7141
ES220 1991 12 3 9.54552
ES220 1992 01 3 31.0882
ES220 1992 02 3 183.198
ES220 1992 03 3 109.28
ES220 1992 04 3 24.3538
ES220 1992 05 3 75.9964
ES220 1992 06 2 0.342336
ES220 1992 07 3 50.3562
ES220 1992 08 4 0.428112
ES220 1992 09 5 2.16253
ES220 1992 10 2 4.43686
ES220 1992 11 2 0.558454
ES220 1992 12 2 0.390349
ES220 1993 01 2 28.5318
ES220 1993 02 2 189.13
ES220 1993 03 2 401.84
ES220 1993 04 2 40.4539
ES220 1993 05 5 6.33828
ES220 1993 06 2 0.115935
ES220 1993 07 2 126.952
ES220 1993 08 2 93.4942
ES220 1993 09 2 79.871
ES220 1993 11 4 4.89119
ES220 1993 12 2 0.058911
ES220 1994 01 5 6.51829
ES220 1994 02 5 75.7674
ES220 1994 03 5 431.46
ES220 1994 04 5 30.6354
ES220 1994 05 5 44.5926
ES220 1994 06 5 19.6103
ES220 1994 07 5 1650.93
ES220 1994 08 5 38.8847
ES220 1994 09 5 219.073
ES220 1994 10 3 0.929501
ES220 1994 11 3 8.26351
ES220 1994 12 3 1.16796
ES220 2002 01 3 79.8949
ES220 2002 02 3 2231.89
ES220 2002 03 3 189.542
ES220 2002 04 3 23.6392
ES220 2002 05 3 21.5755
ES220 2002 07 3 85.3462
ES220 2002 08 3 78.2305
ES220 2002 09 3 6.87193
ES220 2003 01 2 5.34084
ES220 2003 02 2 8.97711
ES220 2003 03 2 193.808
ES220 2003 04 2 10.9806
ES220 2003 05 2 3.72332
ES220 2003 06 2 42.8266
ES220 2003 07 2 58.7359
ES220 2003 08 2 60.3133
ES220 2003 09 2 17.0348
ES220 2003 10 3 0.0326349
ES220 2003 11 5 2.2315
ES220 2003 12 2 0.60417
ES220 2004 01 4 1.20331
ES220 2004 02 4 37.5072
ES220 2004 03 4 24.9473
ES220 2004 04 4 9.05486
ES220 2004 05 4 2.03587
ES220 2004 06 4 51.439
ES220 2004 07 4 51.1978
ES220 2004 08 4 84.0386
ES220 2004 09 4 24.0266
ES220 2004 10 4 14.3672
ES220 2004 11 4 3.57253
ES220 2004 12 4 2.78905
ES220 2005 01 4 11.6913
ES220 2005 02 4 17.3082
ES220 2005 03 220 409.336
ES220 2005 04 220 59.9677
ES220 2005 05 220 36.2289
ES220 2005 06 220 60.0881
ES220 2005 07 220 86.0837
ES220 2005 08 220 310.284
ES220 2005 09 220 245.461
ES220 2005 10 220 7.34861
ES220 2005 11 4 2.40495
ES220 2005 12 4 0.555844
ES220 2006 01 4 4.90836
ES220 2006 02 4 396.648
ES220 2006 03 4 44.4145
ES220 2006 04 4 82.1675
ES220 2006 05 4 11.1497
ES220 2006 06 4 15.0076
ES220 2006 07 4 8.29333
ES220 2006 08 4 19.1315
ES220 2006 09 4 9.89759
ES220 2006 10 4 9.08677
ES220 2006 11 4 1.95181
ES220 2006 12 4 4.01195
ES230 1985 02 4 59.1404
ES230 1985 03 4 209.843
ES230 1985 04 4 803.766
ES230 1985 05 2 0.752733
ES230 1985 07 4 5.48865
ES230 1985 08 4 539.403
ES230 1985 09 4 2732.38
ES230 1985 10 4 234.613
ES230 1985 11 4 150.659
ES230 1985 12 4 146.312
ES230 1986 01 4 23.7984
ES230 1986 02 2 30.1875
ES230 1986 03 2 236.48
ES230 1986 04 4 2.3757
ES230 1986 05 4 60.1245
ES230 1986 06 4 4.92084
ES230 1986 07 4 50.7057
ES230 1986 08 4 2471.93
ES230 1986 09 4 5.4262
ES230 1986 11 2 10.9389
ES230 1986 12 4 10.2841
ES230 1987 03 4 13.417
ES230 1987 04 4 1.96147
ES230 1987 05 4 39.3223
ES230 1987 06 3 1.9839
ES230 1987 08 3 33.6762
ES230 1987 09 5 50.0544
ES230 1987 10 3 1.54893
ES230 1988 02 4 18.0635
ES230 1988 03 4 18.752
ES230 1988 05 4 9.82367
ES230 1988 06 2 1.01196
ES230 1988 08 2 128.552
ES230 1988 09 2 52.9927
ES230 1988 10 2 29.5661
ES230 1988 11 2 56.3793
ES230 1988 12 2 129.677
ES230 1989 01 2 117.134
ES230 1989 02 2 492.781
ES230 1989 03 2 507.778
ES230 1989 04 4 10.5786
ES230 1989 05 4 37.3169
ES230 1989 06 2 0.971901
ES230 1989 07 2 189.756
ES230 1989 08 5 1.78948
ES230 1989 09 5 51.5858
ES230 1990 01 5 3.16272
ES230 1990 02 5 31.3833
ES230 1990 03 5 74.5917
ES230 1990 04 3 1.86346
ES230 1990 05 3 3.49332
ES230 1990 07 5 137.035
ES230 1990 08 5 6.12563
ES230 1990 09 5 24.5585
ES230 1990 10 5 2.08979
ES230 1990 11 2 45.5825
ES230 1991 02 5 9.56521
ES230 1991 03 4 1.80602
ES230 1991 04 2 2.62037
ES230 1991 05 5 1.73811
ES230 1991 06 3 4.51703
ES230 1991 07 3 10.336
ES230 1991 08 3 216.233
ES230 1991 09 3 37.6996
ES230 1991 10 4 2.3626
ES230 1991 12 4 44.4512
ES230 1992 01 4 1.59026
ES230 1992 02 4 20.3612
ES230 1992 03 4 37.8593
ES230 1992 04 4 9.99459
ES230 1992 05 4 21.5206
ES230 1992 07 5 2.05278
ES230 1992 08 5 4.00634
ES230 1992 09 5 9.59062
ES230 1993 01 5 5.02789
ES230 1993 02 3 2.58713
ES230 1993 03 3 4.08212
ES230 1993 04 3 5.82147
ES230 1993 05 2 0.887176
ES230 1993 06 3 0.684706
ES230 1993 07 3 2.37238
ES230 1993 08 3 197.186
ES230 1993 09 3 12.5077
ES230 1993 11 2 0.0664026
ES230 1994 01 3 2.18806
ES230 1994 02 3 27.9617
ES230 1994 03 3 27.8149
ES230 1994 04 3 7.50499
ES230 1994 05 5 19.0069
ES230 1994 06 4 1.03851
ES230 1994 07 4 170.239
ES230 1994 08 4 18.6197
ES230 1994 09 4 123.706
ES230 1994 12 2 4.4802
ES230 1995 01 2 4.50412
ES230 1995 02 3 3.27223
ES230 1995 03 3 38.2402
ES230 1995 04 3 33.2016
ES230 1995 05 5 18.617
ES230 1995 06 5 3.57394
ES230 1995 07 5 16.2737
ES230 1995 08 5 46.9752
ES230 1995 09 5 139.166
ES230 1995 10 5 114.464
ES230 1995 11 5 76.4276
ES230 1996 01 4 3.6709
ES230 1996 02 4 2.46805
ES230 1996 03 4 55.7718
ES230 1996 04 4 12.7994
ES230 1996 05 4 5.24069
ES230 1996 06 3 0.734983
ES230 1996 07 3 13.7762
ES230 1996 08 3 1.67913
ES230 1996 09 3 2.40498
ES230 1996 10 5 2.79967
ES230 1996 11 4 2.71361
ES230 1997 02 4 22.0436
ES230 1997 03 4 20.4055
ES230 1997 04 4 12.6843
ES230 1997 05 4 0.91838
ES230 1997 06 3 1.78364
ES230 1997 08 2 0.13278
ES230 1997 09 2 2.3032
ES230 1997 10 2 11.223
ES230 1997 12 2 0.128403
ES230 1998 01 2 6.73147
ES230 1998 02 2 18.077
ES230 1998 03 2 88.239
ES230 1998 04 5 2.61676
ES230 1998 05 4 3.4011
ES230 1998 06 4 3.50811
ES230 1998 07 4 3.86944
ES230 1998 08 4 4.55295
ES230 1998 09 4 38.8224
ES230 1998 10 3 1.10827
ES230 1998 11 3 3.91601
ES230 1999 01 5 1.99521
ES230 1999 02 5 16.5675
ES230 1999 03 5 83.1825
ES230 1999 04 5 17.759
ES230 1999 05 4 1.00815
ES230 1999 06 4 12.9632
ES230 1999 07 4 3.48287
ES230 1999 08 4 12.2258
ES230 1999 09 5 2.00416
ES230 1999 10 5 4.1836
ES230 2000 01 5 29.8283
ES230 2000 02 5 19.0713
ES230 2000 03 5 36.7118
ES230 2000 04 5 8.15386
ES230 2000 05 5 5.76743
ES230 2000 06 5 1.87994
ES230 2000 07 5 2.27538
ES230 2000 08 5 49.4085
ES230 2000 09 5 44.0693
ES230 2000 10 5 30.8017
ES230 2000 11 4 2.05264
ES230 2000 12 5 1.63103
ES230 2001 01 4 11.8516
ES230 2001 02 4 6.43634
ES230 2001 03 5 2.70439
ES230 2001 04 5 12.8536
ES230 2001 05 5 14.7342
ES230 2001 06 5 8.67514
ES230 2001 07 5 19.1915
ES230 2001 08 5 11.4326
ES230 2001 09 5 159.415
ES230 2001 10 5 25.4564
ES230 2001 11 5 7.1726
ES230 2001 12 5 12.8021
ES230 2002 01 5 2.80106
ES230 2002 02 5 44.3929
ES230 2002 03 5 63.7238
ES230 2002 04 5 25.4895
ES230 2002 05 5 2.68142
ES230 2002 06 4 7.28268
ES230 2002 07 4 0.290443
ES230 2002 08 4 3.77863
ES230 2002 09 4 5.63539
ES230 2003 01 3 2.07105
ES230 2003 03 3 48.129
ES230 2003 04 5 3.26878
ES230 2003 05 5 4.56975
ES230 2003 06 4 2.1047
ES230 2003 07 4 8.37879
ES230 2003 08 4 36.2339
ES230 2003 10 2 0.383037
ES230 2004 01 2 0.265203
ES230 2004 02 2 0.370188
ES230 2004 03 3 7.30542
ES230 2004 04 3 0.164781
ES230 2004 05 4 0.408987
ES230 2004 06 4 1.38871
ES230 2004 07 4 4.03765
ES230 2004 08 4 8.77428
ES230 2004 09 4 12.3587
ES230 2004 10 4 2.4576
ES230 2005 01 2 0.618365
ES230 2005 02 3 5.11983
ES230 2005 03 3 154.67
ES230 2005 04 3 1.17562
ES230 2005 05 3 13.0002
ES230 2005 06 3 1.24035
ES230 2005 07 3 36.7811
ES230 2005 08 4 0.950391
ES230 2005 09 4 3.35721
ES230 2005 10 3 1.00442
ES230 2005 12 3 0.0395118
ES230 2006 01 2 0.947995
ES230 2006 02 2 12.3543
ES230 2006 03 2 2.76741
ES230 2006 04 2 1.85838
ES230 2006 05 2 6.3239
ES230 2006 06 2 10.0442
ES230 2006 07 2 2.02262
ES230 2006 08 2 1.25996
ES230 2006 09 3 0.678638
ES230 2006 10 3 3.92824
ES230 2006 11 4 0.228996
ES230 2006 12 2 0.0741874
ES241 1985 01 2 0.118714
ES241 1985 02 4 10.5761
ES241 1985 03 4 40.5061
ES241 1985 04 4 24.0309
ES241 1985 05 4 5.30586
ES241 1985 06 5 20.4483
ES241 1985 07 5 392.554
ES241 1985 08 5 2962.83
ES241 1985 09 5 38.4267
ES241 1985 10 5 47.504
ES241 1985 11 2 1.43125
ES241 1985 12 2 5.24484
ES241 1986 01 2 10.9754
ES241 1986 03 2 98.0804
ES241 1986 04 4 4.84775
ES241 1986 05 4 49.9932
ES241 1986 06 2 47.7368
ES241 1986 07 5 2581.85
ES241 1986 08 5 1120.26
ES241 1986 09 5 34.6348
ES241 1987 02 2 2.5705
ES241 1987 03 2 4.33564
ES241 1987 04 3 0.929484
ES241 1987 05 5 64.1632
ES241 1987 06 3 0.643833
ES241 1987 07 3 3.25054
ES241 1987 08 3 35.8116
ES241 1987 09 3 6.90245
ES241 1988 02 2 1.38369
ES241 1988 03 2 36.9029
ES241 1988 04 2 1.87535
ES241 1988 07 4 5.821
ES241 1988 08 4 180.716
ES241 1988 09 4 503.851
ES241 1988 10 3 23.8541
ES241 1988 12 5 14.7091
ES241 1989 01 5 58.0245
ES241 1989 02 5 66.92
ES241 1989 03 5 50.1584
ES241 1989 05 5 11.7083
ES241 1989 06 5 6.65232
ES241 1989 07 5 385.088
ES241 1989 08 5 15.4307
ES241 1989 09 5 6.55534
ES241 1989 10 3 17.3462
ES241 1990 01 5 22.4857
ES241 1990 02 5 10.1868
ES241 1990 03 5 111.477
ES241 1990 04 5 8.99873
ES241 1990 05 5 37.9538
ES241 1990 06 5 13.5929
ES241 1990 07 5 7.28668
ES241 1990 08 5 429.403
ES241 1990 09 5 16.7072
ES241 1991 01 2 2.25684
ES241 1991 02 4 19.1048
ES241 1991 03 3 14.8356
ES241 1991 04 2 1.75968
ES241 1991 06 5 4.65946
ES241 1991 07 5 1549.08
ES241 1991 08 5 2127.85
ES241 1991 09 4 6.76123
ES241 1991 10 2 0.060001
ES241 1991 11 2 5.1486
ES241 1991 12 5 11.4301
ES241 1992 01 2 1.90185
ES241 1992 02 2 7.92966
ES241 1992 03 2 24.085
ES241 1992 04 2 13.4067
ES241 1992 05 2 122.979
ES241 1992 07 2 11.799
ES241 1992 08 2 27.1011
ES241 1992 09 2 12.8128
ES241 1992 11 2 0.100645
ES241 1993 01 2 0.116205
ES241 1993 02 2 56.6564
ES241 1993 03 2 3.98614
ES241 1993 04 2 17.9611
ES241 1993 05 4 3.74208
ES241 1993 06 4 0.339804
ES241 1993 07 4 85.2522
ES241 1993 08 4 748.166
ES241 1993 09 4 29.1192
ES241 1994 01 4 220.271
ES241 1994 02 4 40.6223
ES241 1994 03 4 24.3275
ES241 1994 04 4 7.07302
ES241 1994 05 4 1.6516
ES241 1994 06 4 133.797
ES241 1994 07 4 588.75
ES241 1994 08 4 1727.94
ES241 1994 09 4 104.6
ES241 1995 02 3 4.1697
ES241 1995 03 3 12.2239
ES241 1995 04 3 33.8166
ES241 1995 06 3 18.428
ES241 1995 07 3 78.5213
ES241 1995 08 3 221.902
ES241 1995 09 3 5.43285
ES241 1995 10 4 22.938
ES241 1995 11 4 13.3037
ES241 1996 02 4 9.1491
ES241 1996 03 4 8.06712
ES241 1996 04 4 75.5075
ES241 1996 05 2 0.112185
ES241 1996 06 2 8.62348
ES241 1996 07 2 9.15539
ES241 1996 08 2 13.6318
ES241 1996 09 2 7.34645
ES241 1996 10 3 0.717674
ES241 1997 02 2 7.13225
ES241 1997 03 2 168.354
ES241 1997 04 5 12.7758
ES241 1997 05 3 1.53603
ES241 1997 06 5 152.895
ES241 1997 07 3 16.3658
ES241 1997 08 3 2.44015
ES241 1997 09 3 5.90437
ES241 1997 10 4 0.946722
ES241 1998 01 2 0.64641
ES241 1998 02 2 26.2358
ES241 1998 03 2 61.5781
ES241 1998 04 3 0.671834
ES241 1998 05 4 2.88228
ES241 1998 06 5 2.73942
ES241 1998 07 5 26.355
ES241 1998 08 5 22.8159
ES241 1998 09 5 35.6371
ES241 1998 10 2 1.51166
ES241 1998 11 2 5.48567
ES241 1998 12 4 16.3194
ES241 1999 01 4 42.3849
ES241 1999 02 4 51.9293
ES241 1999 03 4 21.0474
ES241 1999 04 4 39.7705
ES241 1999 05 5 5.6463
ES241 1999 06 5 17.9457
ES241 1999 07 5 18.0958
ES241 1999 08 5 5.93282
ES241 1999 09 5 0.206958
ES241 1999 10 2 0.0221832
ES241 1999 11 2 0.209686
ES241 1999 12 3 34.1915
ES241 2000 01 3 0.56771
ES241 2000 02 3 47.0485
ES241 2000 03 3 247.252
ES241 2000 04 3 0.304298
ES241 2000 05 5 3.72327
ES241 2000 06 5 5.59397
ES241 2000 07 5 11.7163
ES241 2000 08 5 774.062
ES241 2000 09 5 24.057
ES241 2000 10 2 0.0153847
ES241 2001 03 2 3.43427
ES241 2001 04 2 8.432
ES241 2001 05 2 0.0977902
ES241 2001 06 2 40.3512
ES241 2001 07 2 11.7865
ES241 2001 08 2 2906.84
ES241 2001 09 2 11.732
ES241 2002 01 2 0.162622
ES241 2002 02 2 25.75
ES241 2002 03 2 241.497
ES241 2002 04 2 41.2172
ES241 2002 05 2 146.541
ES241 2002 06 2 281.366
ES241 2002 07 2 57.7756
ES241 2002 08 2 6.53499
ES241 2002 09 2 7.23072
ES241 2002 10 3 40.5584
ES241 2002 11 2 1.35961
ES241 2003 01 3 0.752144
ES241 2003 02 3 1.71873
ES241 2003 03 3 3.84005
ES241 2003 04 5 3.69378
ES241 2003 05 5 3.44015
ES241 2003 06 5 313.356
ES241 2003 07 5 36.5688
ES241 2003 08 5 41.7571
ES241 2003 09 3 1.69214
ES241 2003 11 2 0.68707
ES241 2003 12 3 3.37766
ES241 2004 01 2 0.445034
ES241 2004 02 2 0.101237
ES241 2004 03 2 25.3572
ES241 2004 04 2 0.0148149
ES241 2004 05 5 1.66551
ES241 2004 06 5 38.8639
ES241 2004 07 5 34.9421
ES241 2004 08 5 5.51089
ES241 2004 09 5 21.2545
ES241 2004 10 5 36.1495
ES241 2004 11 2 0.456593
ES241 2004 12 2 8.83244
ES241 2005 01 2 34.0878
ES241 2005 02 2 119.895
ES241 2005 03 2 147.281
ES241 2005 04 2 50.6891
ES241 2005 05 2 15.073
ES241 2005 06 2 14.13
ES241 2005 07 2 22.5131
ES241 2005 08 2 87.3022
ES241 2005 09 2 10.6408
ES241 2005 10 2 0.0110333
ES241 2006 01 2 1.65014
ES241 2006 02 2 19.2307
ES241 2006 03 2 27.0287
ES241 2006 04 5 22.3862
ES241 2006 05 5 13.7407
ES241 2006 06 5 195.607
ES241 2006 07 5 40.7704
ES241 2006 08 5 946.154
ES241 2006 09 5 0.50843
ES242 1985 02 2 0.487897
ES242 1985 03 5 51.0296
ES242 1985 04 5 258.637
ES242 1985 06 3 1.12027
ES242 1985 07 3 17.0861
ES242 1985 08 3 423.198
ES242 1985 09 3 78.9236
ES242 1985 11 2 6.34428
ES242 1986 01 2 90.623
ES242 1986 03 5 7.82938
ES242 1986 05 5 311.465
ES242 1986 06 5 8.3999
ES242 1986 07 5 4160.75
ES242 1986 08 5 46.5597
ES242 1986 09 5 126.653
ES242 1987 03 2 0.33066
ES242 1987 04 4 136.492
ES242 1987 05 2 5.7749
ES242 1987 06 3 1.25096
ES242 1987 07 3 115.216
ES242 1987 08 3 2.20739
ES242 1987 09 5 20.6106
ES242 1988 03 5 29.5722
ES242 1988 07 2 0.536985
ES242 1988 08 2 87.0611
ES242 1988 09 2 23.3055
ES242 1988 10 2 9.65223
ES242 1989 01 2 3.53504
ES242 1989 02 2 105.304
ES242 1989 03 2 43.8767
ES242 1989 04 2 13.1722
ES242 1989 05 4 8.75892
ES242 1989 06 3 3.51976
ES242 1989 07 3 30.2926
ES242 1989 08 3 29.8368
ES242 1989 09 2 1.41594
ES242 1990 01 3 8.25341
ES242 1990 02 5 2.82105
ES242 1990 04 2 0.324008
ES242 1990 05 4 26.2039
ES242 1990 06 5 10.4863
ES242 1990 07 5 22.355
ES242 1990 08 5 70.9038
ES242 1990 09 3 1.58498
ES242 1991 01 2 7.5522
ES242 1991 03 2 67.8218
ES242 1991 04 2 65.548
ES242 1991 05 4 1.1215
ES242 1991 06 4 6.63422
ES242 1991 07 4 103.593
ES242 1991 08 4 691.558
ES242 1991 09 4 7.01549
ES242 1991 10 2 2.78108
ES242 1991 11 2 2.1633
ES242 1992 01 5 10.4229
ES242 1992 02 5 37.4684
ES242 1992 03 5 20.4393
ES242 1992 04 5 40.4481
ES242 1992 05 5 0.778549
ES242 1992 06 3 0.261326
ES242 1992 07 4 23.2321
ES242 1992 08 4 12.8633
ES242 1992 09 4 17.108
ES242 1993 01 2 0.0998976
ES242 1993 02 3 4.0224
ES242 1993 03 3 17.9238
ES242 1993 04 3 7.67266
ES242 1993 05 3 2.44879
ES242 1993 06 3 6.82724
ES242 1993 07 3 49.8789
ES242 1993 08 3 993.551
ES242 1993 09 3 3.42093
ES242 1993 10 2 3.59055
ES242 1993 12 2 13.4369
ES242 1994 01 4 5.52515
ES242 1994 02 4 217.846
ES242 1994 03 4 7.53991
ES242 1994 04 4 9.29688
ES242 1994 05 4 17.2871
ES242 1994 06 4 980.793
ES242 1994 07 4 16846.8
ES242 1994 08 4 34.6531
ES242 1994 09 5 8.23661
ES242 1995 01 3 1.04322
ES242 1995 02 3 4.89363
ES242 1995 03 3 25.9433
ES242 1995 04 4 1.30202
ES242 1995 06 5 3.83305
ES242 1995 07 5 16.9223
ES242 1995 08 5 8.2661
ES242 1995 09 2 1.14235
ES242 1995 10 5 3.80543
ES242 1995 11 3 1.55215
ES242 1996 03 2 1.48813
ES242 1996 04 2 12.3076
ES242 1996 05 2 2.1383
ES242 1996 06 5 1.12929
ES242 1996 07 5 2.24737
ES242 1996 12 2 0.295558
ES242 1997 02 4 11.0636
ES242 1997 03 4 3.71301
ES242 1997 04 3 0.590364
ES242 1997 05 4 1.36589
ES242 1997 07 3 1.36517
ES242 1997 08 3 6.74594
ES242 1998 01 3 0.339474
ES242 1998 02 3 1.27147
ES242 1998 03 3 5.73498
ES242 1998 04 3 1.60782
ES242 1998 05 4 0.774441
ES242 1998 06 2 0.106223
ES242 1998 07 2 22.2016
ES242 1998 08 2 216.38
ES242 1998 09 2 0.887059
ES242 1998 10 3 1.59947
ES242 1998 11 3 3.9837
ES242 1998 12 3 0.120674
ES242 1999 01 3 4.19107
ES242 1999 02 3 104.193
ES242 1999 03 3 18.2434
ES242 1999 04 3 10.0638
ES242 1999 05 4 4.84728
ES242 1999 06 4 0.628607
ES242 1999 07 4 6.57606
ES242 1999 08 4 1.37774
ES242 1999 09 3 0.189658
ES242 2000 02 3 36.2752
ES242 2000 03 3 10.9229
ES242 2000 04 3 3.08114
ES242 2000 05 3 2.51183
ES242 2000 06 3 8.99469
ES242 2000 07 3 3.10873
ES242 2000 08 3 311.704
ES242 2000 09 3 89.9696
ES242 2000 10 4 0.842651
ES242 2000 11 2 0.0258896
ES242 2000 12 2 0.00828089
ES242 2001 02 3 1.53344
ES242 2001 03 3 1.22901
ES242 2001 04 3 17.624
ES242 2001 05 2 0.707577
ES242 2001 06 2 7.77821
ES242 2001 07 2 34.8963
ES242 2001 08 2 31.8381
ES242 2001 09 2 2.09365
ES242 2001 10 2 0.011216
ES242 2001 11 2 0.201836
ES242 2001 12 2 0.00907362
ES242 2002 01 2 0.054168
ES242 2002 02 2 8.11256
ES242 2002 03 2 67.8543
ES242 2002 04 2 1.24958
ES242 2002 05 2 9.03906
ES242 2002 06 2 0.602414
ES242 2002 07 2 1.83589
ES242 2002 08 2 25.9836
ES242 2002 09 2 0.053948
ES242 2002 10 2 0.205382
ES242 2002 11 3 1.37992
ES242 2003 01 3 2.04486
ES242 2003 02 3 1.31325
ES242 2003 03 3 7.01473
ES242 2003 04 3 1.09508
ES242 2003 05 3 0.166836
ES242 2003 06 3 1.03095
ES242 2003 07 3 18.9773
ES242 2003 08 3 37.2342
ES242 2003 09 4 0.248323
ES242 2003 12 2 0.185223
ES242 2004 01 3 0.595398
ES242 2004 02 3 3.10389
ES242 2004 03 3 3.95717
ES242 2004 05 3 1.12671
ES242 2004 06 3 2.45883
ES242 2004 07 3 121.147
ES242 2004 08 3 133.924
ES242 2004 09 3 2.32598
ES242 2004 10 3 11.9087
ES242 2004 11 2 0.298699
ES242 2004 12 2 0.0336421
ES242 2005 01 2 8.61502
ES242 2005 02 2 18.4298
ES242 2005 03 2 91.171
ES242 2005 04 2 5.96865
ES242 2005 05 2 22.288
ES242 2005 06 2 17.0327
ES242 2005 07 2 263.926
ES242 2005 08 2 1.68137
ES242 2005 09 2 1.35198
ES242 2005 10 2 0.161644
ES242 2006 02 2 5.83604
ES242 2006 03 2 3.8669
ES242 2006 04 2 1.9185
ES242 2006 05 2 56.5971
ES242 2006 06 2 7.42868
ES242 2006 07 2 3.0639
ES242 2006 08 2 0.0995473
ES242 2006 09 2 2.66863
ES242 2006 10 4 2.06279
ES243 1985 01 2 40.9748
ES243 1985 02 2 3.45746
ES243 1985 03 2 0.67775
ES243 1985 04 3 7.10637
ES243 1985 06 3 2.91042
ES243 1985 07 3 238.554
ES243 1985 08 3 201.1
ES243 1985 09 3 110.312
ES243 1985 10 3 35.1938
ES243 1985 11 3 8.56602
ES243 1986 03 3 94.2319
ES243 1986 05 5 14.1537
ES243 1986 06 5 116.326
ES243 1986 07 5 485.555
ES243 1986 08 5 745.247
ES243 1986 09 3 56.0987
ES243 1987 03 4 6.9262
