PT150 1999 06 3 494.929
PT150 1999 07 3 143.976
PT150 1999 08 3 56.9053
PT150 1999 09 3 11.9254
PT150 1999 10 3 1.04677
PT150 1999 11 3 0.616066
PT150 1999 12 3 0.060349
PT150 2000 01 3 0.0474418
PT150 2000 02 4 0.039314
PT150 2000 03 5 4.22417
PT150 2000 05 5 2.04486
PT150 2000 06 5 33.46
PT150 2000 07 5 313.994
PT150 2000 08 5 18.1267
PT150 2000 09 5 17.9927
PT150 2000 10 5 75.0395
PT150 2000 11 5 0.124341
PT150 2001 02 3 0.0615942
PT150 2001 04 3 2.14413
PT150 2001 05 3 21.9421
PT150 2001 06 3 337.59
PT150 2001 07 3 285.448
PT150 2001 08 3 871.639
PT150 2001 09 3 1540.36
PT150 2001 10 4 9.97861
PT150 2001 11 4 0.911026
PT150 2001 12 3 0.147719
PT150 2002 01 4 0.73574
PT150 2002 02 4 2.90774
PT150 2002 03 2 0.00455707
PT150 2002 04 4 3.20207
PT150 2002 05 4 5.3328
PT150 2002 06 4 599.288
PT150 2002 07 4 988.974
PT150 2002 08 4 248.68
PT150 2002 09 4 15.7495
PT150 2002 10 4 1.52894
PT150 2002 11 5 1.19327
PT150 2002 12 4 0.0397593
PT150 2003 02 2 0.0353119
PT150 2003 03 4 0.972833
PT150 2003 04 3 1.13841
PT150 2003 05 3 3.41411
PT150 2003 06 3 1640.31
PT150 2003 07 3 437.507
PT150 2003 08 3 52898.5
PT150 2003 09 3 21058.2
PT150 2003 10 3 4.68923
PT150 2003 11 2 0.986582
PT150 2004 01 4 0.0134201
PT150 2004 02 2 0.00115127
PT150 2004 03 4 0.372927
PT150 2004 04 4 0.49995
PT150 2004 05 5 19.4961
PT150 2004 06 5 3750.29
PT150 2004 07 5 16599
PT150 2004 08 5 2744.83
PT150 2004 09 5 13.2939
PT150 2004 10 5 7.09857
PT150 2004 11 5 0.853105
PT150 2004 12 5 1.64101
PT150 2005 01 5 2.48557
PT150 2005 02 5 8.72624
PT150 2005 03 5 5.6222
PT150 2005 04 5 11.8854
PT150 2005 05 5 344.941
PT150 2005 06 5 1305.61
PT150 2005 07 5 538.125
PT150 2005 08 5 51.6069
PT150 2005 09 5 23.909
PT150 2005 10 5 6.92398
PT150 2005 11 3 0.113377
PT150 2005 12 4 0.0103714
PT150 2006 02 4 0.83936
PT150 2006 03 4 1.67582
PT150 2006 04 4 0.621219
PT150 2006 05 4 9.42893
PT150 2006 06 4 36.1573
PT150 2006 07 115 54.0222
PT150 2006 08 96 6.17697
PT150 2006 09 88 13.0542
PT150 2006 10 88 40.9787
PT150 2006 11 4 0.00243343
PT150 2006 12 4 0.111589
PT150 2007 01 4 1.23377
PT150 2007 02 4 0.00394131
PT150 2007 03 4 0.225727
PT150 2007 04 4 0.182275
PT150 2007 05 4 12.3028
PT150 2007 06 4 42.6615
PT150 2007 07 103 110.319
PT150 2007 08 103 29.809
PT150 2007 09 103 4.19012
PT150 2007 10 103 6.44937
PT150 2007 11 103 0.863477
PT150 2007 12 103 0.837446
PT161 1980 05 2 2.05926
PT161 1980 06 4 7.38509
PT161 1980 07 4 0.85476
PT161 1980 08 4 3.68233
PT161 1980 09 4 106.852
PT161 1981 01 4 3.48518
PT161 1981 02 4 9.27729
PT161 1981 03 3 0.102598
PT161 1981 04 2 0.570065
PT161 1981 05 2 33.432
PT161 1981 06 2 28.4104
PT161 1981 07 2 134.144
PT161 1981 08 2 139.885
PT161 1981 09 2 64.0675
PT161 1981 11 3 0.892458
PT161 1982 03 3 15.1946
PT161 1982 06 2 0.965135
PT161 1982 07 2 22.5603
PT161 1982 08 2 892.556
PT161 1982 09 2 1962.23
PT161 1983 06 2 2.11326
PT161 1983 07 2 39.1769
PT161 1983 08 2 246.822
PT161 1983 09 2 77.7752
PT161 1983 10 5 2.34152
PT161 1984 02 5 1.69837
PT161 1984 03 4 6.77301
PT161 1984 07 4 141.928
PT161 1984 08 90 102.207
PT161 1984 09 90 63.6088
PT161 1984 10 90 0.559871
PT161 1985 02 2 0.766624
PT161 1985 03 2 0.0641823
PT161 1985 07 2 122.799
PT161 1985 08 176 678.317
PT161 1985 09 182 2599.1
PT161 1985 10 182 685.445
PT161 1986 03 182 7.40187
PT161 1986 04 182 1.8057
PT161 1986 05 182 105.036
PT161 1986 06 182 6918.76
PT161 1986 07 83 69.6619
PT161 1986 08 139 64.9134
PT161 1986 09 139 28.7346
PT161 1986 10 139 2.43996
PT161 1987 01 2 0.277598
PT161 1987 06 2 23.7051
PT161 1987 07 2 17.2697
PT161 1987 08 2 1034.01
PT161 1987 09 2 313.677
PT161 1988 02 2 1.28097
PT161 1988 04 2 0.093403
PT161 1988 07 2 3.96337
PT161 1988 08 88 79.1048
PT161 1988 09 144 89.2764
PT161 1988 10 144 69.4892
PT161 1989 06 5 0.871024
PT161 1989 07 141 4876.97
PT161 1989 08 89 161.47
PT161 1989 09 89 139.051
PT161 1989 10 111 412.476
PT161 1990 06 111 8.69334
PT161 1990 07 111 20.5644
PT161 1990 08 111 18.3241
PT161 1990 09 111 34.8878
PT161 1991 02 2 0.0149335
PT161 1991 05 2 0.719606
PT161 1991 06 116 46.2674
PT161 1991 07 116 36.1521
PT161 1991 08 176 1239.39
PT161 1991 09 176 5.03345
PT161 1991 10 176 5.87096
PT161 1992 01 176 3.88113
PT161 1992 02 176 14.7576
PT161 1992 03 115 2618.94
PT161 1992 04 115 14.6773
PT161 1992 05 151 130.401
PT161 1992 06 151 12.2519
PT161 1992 07 158 42.7151
PT161 1992 08 177 124.722
PT161 1992 09 87 35.5208
PT161 1993 02 2 0.200851
PT161 1993 03 2 19.8718
PT161 1993 04 2 1.91467
PT161 1993 05 3 0.242134
PT161 1993 06 3 6.16473
PT161 1993 07 124 143.1
PT161 1993 08 108 39.1373
PT161 1993 09 108 7.84783
PT161 1994 01 5 0.20732
PT161 1994 02 2 0.0248005
PT161 1994 03 2 4.17773
PT161 1994 04 2 6.95485
PT161 1994 05 2 3.68023
PT161 1994 06 2 88.7192
PT161 1994 07 150 36.4789
PT161 1994 08 167 47.3101
PT161 1994 09 88 47.9035
PT161 1994 10 88 4.65039
PT161 1995 01 88 1.35631
PT161 1995 02 88 0.81659
PT161 1995 03 88 28.3664
PT161 1995 04 114 3236.77
PT161 1995 05 114 7.98445
PT161 1995 06 94 76.6437
PT161 1995 07 103 34.9541
PT161 1995 08 249 419.314
PT161 1995 09 249 631.661
PT161 1995 10 249 20.2138
PT161 1996 02 249 0.154513
PT161 1996 03 249 1.43635
PT161 1996 04 249 11.6059
PT161 1996 05 249 7.9843
PT161 1996 06 249 31.4594
PT161 1996 07 249 24.141
PT161 1996 08 249 18.3627
PT161 1996 09 249 72.7068
PT161 1996 10 249 8.46988
PT161 1996 11 3 0.023258
PT161 1997 02 2 1.214
PT161 1997 03 2 7.63361
PT161 1997 04 2 243.771
PT161 1997 05 2 9.5246
PT161 1997 06 2 9.68603
PT161 1997 07 2 16.326
PT161 1997 08 2 9.0465
PT161 1997 09 2 13.7071
PT161 1998 01 4 0.430043
PT161 1998 02 4 1.44057
PT161 1998 03 4 14.0808
PT161 1998 04 4 0.0379107
PT161 1998 05 4 7.05406
PT161 1998 06 4 14.9434
PT161 1998 07 4 15.4161
PT161 1998 08 123 29.933
PT161 1998 09 123 5.1986
PT161 1998 10 123 8.93992
PT161 1998 11 3 0.0966433
PT161 1998 12 3 0.96096
PT161 1999 01 3 3.18094
PT161 1999 02 3 6.10569
PT161 1999 03 3 18.664
PT161 1999 04 3 12.3851
PT161 1999 05 3 3.88601
PT161 1999 06 3 11.0809
PT161 1999 07 130 39.2023
PT161 1999 08 130 25.0038
PT161 1999 09 130 17.4611
PT161 1999 10 130 0.884325
PT161 1999 11 130 5.29654
PT161 1999 12 3 0.217778
PT161 2000 01 5 1.53349
PT161 2000 02 5 2.49961
PT161 2000 03 96 2025.94
PT161 2000 04 5 2.17864
PT161 2000 05 5 2.51003
PT161 2000 06 5 19.4983
PT161 2000 07 5 7.50739
PT161 2000 08 153 91.7197
PT161 2000 09 101 29.9688
PT161 2000 10 101 6.92586
PT161 2000 11 2 0.0226723
PT161 2001 01 2 0.0714145
PT161 2001 02 2 12.1314
PT161 2001 03 2 0.236958
PT161 2001 04 2 5.95185
PT161 2001 05 2 2.23897
PT161 2001 06 2 9.90804
PT161 2001 07 2 6.85328
PT161 2001 08 111 29.8346
PT161 2001 09 100 24.0462
PT161 2001 10 4 0.0262072
PT161 2001 11 4 21.681
PT161 2001 12 4 1.02639
PT161 2002 01 4 0.297892
PT161 2002 02 4 1.83704
PT161 2002 03 4 6.98516
PT161 2002 04 4 57.7951
PT161 2002 05 4 22.2105
PT161 2002 06 4 44.6914
PT161 2002 07 154 88.5937
PT161 2002 08 233 191.388
PT161 2002 09 93 30.8843
PT161 2002 10 93 9.45783
PT161 2002 11 2 0.139481
PT161 2003 02 2 0.0269344
PT161 2003 03 2 0.591257
PT161 2003 04 2 8.74412
PT161 2003 05 2 22.5927
PT161 2003 06 82 95.7701
PT161 2003 07 119 37.2125
PT161 2003 08 155 39.861
PT161 2003 09 155 27.4542
PT161 2003 10 155 1.29059
PT161 2003 11 4 0.00691489
PT161 2003 12 2 0.023174
PT161 2004 02 2 2.71019
PT161 2004 03 2 1311.72
PT161 2004 04 2 29.0849
PT161 2004 05 2 55.5738
PT161 2004 06 2 61.3189
PT161 2004 07 173 55.9006
PT161 2004 08 173 7.84031
PT161 2004 09 173 7.21911
PT161 2004 10 173 17.2997
PT161 2004 11 173 0.868749
PT161 2004 12 4 0.349454
PT161 2005 01 4 1.10021
PT161 2005 02 4 80.2852
PT161 2005 03 4 329.644
PT161 2005 04 4 8.65442
PT161 2005 05 4 15.6902
PT161 2005 06 160 242.83
PT161 2005 07 172 1152.56
PT161 2005 08 265 1115.25
PT161 2005 09 98 4474.67
PT161 2005 10 84 38.2251
PT161 2005 11 84 0.986848
PT161 2005 12 84 1.18596
PT161 2006 01 84 11.6503
PT161 2006 02 84 3.92373
PT161 2006 03 84 0.153689
PT161 2006 04 84 11.7985
PT161 2006 05 84 10.601
PT161 2006 06 83 511.419
PT161 2006 07 135 18.2157
PT161 2006 08 183 1826.54
PT161 2006 09 183 4.50666
PT161 2006 10 5 1.96919
PT161 2006 11 3 0.0138131
PT161 2006 12 2 0.0104356
PT161 2007 02 3 0.030933
PT161 2007 03 3 0.0539782
PT161 2007 04 3 5.40957
PT161 2007 05 3 3.03055
PT161 2007 06 3 2.46477
PT161 2007 07 3 1.54473
PT161 2007 08 3 86.8923
PT161 2007 09 3 50.6986
PT161 2007 10 3 2.80459
PT161 2007 11 3 18.0532
PT161 2007 12 3 0.654237
PT162 1980 07 4 1.01473
PT162 1980 08 4 78.7842
PT162 1980 10 2 327.808
PT162 1981 01 2 11.2288
PT162 1981 02 3 1.65281
PT162 1981 04 3 2.51443
PT162 1981 05 2 2.1413
PT162 1981 06 2 86.3735
PT162 1981 07 2 5838.18
PT162 1981 08 2 59.5633
PT162 1981 09 2 63.2369
PT162 1981 10 3 3.70972
PT162 1981 11 2 0.140365
PT162 1982 05 2 0.129911
PT162 1982 06 2 5.7582
PT162 1982 07 2 80.1369
PT162 1982 08 2 1909.18
PT162 1982 09 2 1567.92
PT162 1983 06 4 3.4033
PT162 1983 07 4 61.5625
PT162 1983 08 85 140.651
PT162 1983 09 115 632.737
PT162 1983 10 115 33.4886
PT162 1984 02 2 1.40537
PT162 1984 03 2 21.6979
PT162 1984 04 2 13.6419
PT162 1984 05 4 1.42574
PT162 1984 07 4 25.4017
PT162 1984 08 4 77.3251
PT162 1984 09 111 113.969
PT162 1984 10 111 3.57579
PT162 1985 02 2 0.0507623
PT162 1985 07 100 139.365
PT162 1985 08 237 1296.55
PT162 1985 09 159 1601.11
PT162 1985 10 106 99.2238
PT162 1986 02 2 0.0947558
PT162 1986 03 2 3.41873
PT162 1986 04 2 4.39242
PT162 1986 05 2 1.98718
PT162 1986 06 2 89.9529
PT162 1986 07 107 662.51
PT162 1986 08 152 154.382
PT162 1986 09 152 548.873
PT162 1986 10 152 46.4071
PT162 1987 06 152 27.2472
PT162 1987 07 108 119.141
PT162 1987 08 106 2529.87
PT162 1987 09 106 303.427
PT162 1988 07 106 4.08166
PT162 1988 08 106 30.2315
PT162 1988 09 81 40.3144
PT162 1988 10 81 595.977
PT162 1989 06 3 1.63633
PT162 1989 07 93 368.234
PT162 1989 08 85 59.9261
PT162 1989 09 94 159.326
PT162 1989 10 94 42.3109
PT162 1990 06 94 24.4027
PT162 1990 07 94 126.566
PT162 1990 08 94 2342.61
PT162 1990 09 94 23.8856
PT162 1991 05 3 4.99898
PT162 1991 06 3 92.9069
PT162 1991 07 95 207.191
PT162 1991 08 95 3752.58
PT162 1991 09 95 44.1651
PT162 1991 10 95 9.82584
PT162 1992 01 3 1.25047
PT162 1992 02 3 0.244751
PT162 1992 03 3 28.3886
PT162 1992 04 3 12.0385
PT162 1992 05 3 5.39941
PT162 1992 06 3 17.1079
PT162 1992 07 3 25.2042
PT162 1992 08 3 1088.85
PT162 1992 09 3 21.953
PT162 1993 02 4 2.46875
PT162 1993 03 4 13.5208
PT162 1993 04 4 2.1379
PT162 1993 05 3 0.836136
PT162 1993 06 3 5.25803
PT162 1993 07 3 4838.37
PT162 1993 08 3 80.2237
PT162 1993 09 3 2.34775
PT162 1994 01 4 0.0475585
PT162 1994 02 3 0.0171308
PT162 1994 03 3 3.68003
PT162 1994 04 3 9.0951
PT162 1994 05 3 9.78765
PT162 1994 06 3 11.63
PT162 1994 07 3 5.47355
PT162 1994 08 3 53.8989
PT162 1994 09 3 28.8494
PT162 1994 10 3 3.44289
PT162 1995 01 3 0.12276
PT162 1995 03 3 9.11024
PT162 1995 04 3 66.9062
PT162 1995 05 3 13.2878
PT162 1995 06 3 22.0504
PT162 1995 07 109 2443.4
PT162 1995 08 126 3636.68
PT162 1995 09 126 29.5366
PT162 1995 10 126 11.6751
PT162 1996 02 5 0.402696
PT162 1996 03 5 3.30296
PT162 1996 04 5 2.12759
PT162 1996 05 5 1.2577
PT162 1996 06 5 25.1535
PT162 1996 07 5 28.1589
PT162 1996 08 5 72.7939
PT162 1996 09 5 74.1368
PT162 1996 10 5 11.5194
PT162 1996 11 4 0.0371916
PT162 1997 02 2 0.0473628
PT162 1997 03 2 20.1251
PT162 1997 04 2 0.554384
PT162 1997 05 3 0.934744
PT162 1997 06 3 0.0292874
PT162 1997 07 3 13.5553
PT162 1997 08 3 18.0064
PT162 1997 09 3 45.9609
PT162 1998 01 2 0.012181
PT162 1998 02 2 1.41967
PT162 1998 03 2 2.74684
PT162 1998 04 3 0.456693
PT162 1998 05 3 4.49884
PT162 1998 06 3 11.9787
PT162 1998 07 3 8.19108
PT162 1998 08 98 84.3555
PT162 1998 09 98 18.8977
PT162 1998 10 98 5.90476
PT162 1998 11 5 0.409475
PT162 1998 12 4 1.36418
PT162 1999 01 4 3.40099
PT162 1999 02 4 0.804996
PT162 1999 03 4 3.87761
PT162 1999 04 4 4.69236
PT162 1999 05 4 1.34251
PT162 1999 06 4 19.9125
PT162 1999 07 104 161.667
PT162 1999 08 104 51.3691
PT162 1999 09 104 75.1423
PT162 1999 10 104 4.8756
PT162 1999 11 104 0.244769
PT162 1999 12 3 0.0840734
PT162 2000 01 3 3.07286
PT162 2000 02 3 5.42166
PT162 2000 03 3 33.1926
PT162 2000 05 5 1.03018
PT162 2000 06 5 18.025
PT162 2000 07 5 55.9238
PT162 2000 08 86 132.952
PT162 2000 09 86 47.4885
PT162 2000 10 86 6.20869
PT162 2001 01 3 0.00554927
PT162 2001 02 3 0.704027
PT162 2001 03 2 0.70416
PT162 2001 04 2 1.33023
PT162 2001 05 5 0.166914
PT162 2001 06 5 11.6649
PT162 2001 07 5 17.5121
PT162 2001 08 5 6.93376
PT162 2001 09 5 48.215
PT162 2001 10 4 0.51412
PT162 2001 11 4 1.12036
PT162 2001 12 4 9.20303
PT162 2002 01 4 0.013226
PT162 2002 02 4 8.46008
PT162 2002 03 4 5.2284
PT162 2002 04 4 3.06029
PT162 2002 05 4 1.05037
PT162 2002 06 4 25.527
PT162 2002 07 4 2106.2
PT162 2002 08 4 32.5328
PT162 2002 09 4 1.04716
PT162 2002 10 3 12.802
PT162 2003 03 5 0.431439
PT162 2003 04 5 24.8829
PT162 2003 05 5 7.27625
PT162 2003 06 5 198.129
PT162 2003 07 5 10.6217
PT162 2003 08 5 23.4694
PT162 2003 09 5 37.0503
PT162 2003 10 5 4.8465
PT162 2003 11 3 1.17789
PT162 2004 02 3 0.174373
PT162 2004 03 3 5.23416
PT162 2004 04 3 0.938678
PT162 2004 05 3 1.51427
PT162 2004 06 3 64.2922
PT162 2004 07 3 35.6518
PT162 2004 08 3 8.81541
PT162 2004 09 3 8.41761
PT162 2004 10 3 198.507
PT162 2004 11 3 0.918252
PT162 2004 12 3 0.0114961
PT162 2005 01 3 0.351742
PT162 2005 02 3 5.14898
PT162 2005 03 3 10.0808
PT162 2005 04 3 1.36937
PT162 2005 05 3 5.65126
PT162 2005 06 3 1005.67
PT162 2005 07 3 1129.36
PT162 2005 08 101 7393.66
PT162 2005 09 101 15.8216
PT162 2005 10 101 1958.07
PT162 2005 11 3 0.0248456
PT162 2005 12 5 0.433867
PT162 2006 01 3 0.0322326
PT162 2006 02 3 0.213432
PT162 2006 03 4 0.892432
PT162 2006 04 4 16.875
PT162 2006 05 4 46.5988
PT162 2006 06 4 19.4451
PT162 2006 07 4 30.6039
PT162 2006 08 126 121.792
PT162 2006 09 126 31.5844
PT162 2007 03 5 2.57026
PT162 2007 04 2 0.00267012
PT162 2007 05 4 0.047902
PT162 2007 06 4 0.0278642
PT162 2007 07 4 1.93146
PT162 2007 08 4 26.8477
PT162 2007 09 4 6.19217
PT162 2007 10 4 0.878104
PT162 2007 11 4 5.38683
PT162 2007 12 5 0.0237166
PT163 1980 04 2 54.3088
PT163 1980 06 5 1.99069
PT163 1980 07 5 2.23894
PT163 1980 08 5 163.035
PT163 1980 09 2 0.565445
PT163 1981 01 2 3.27201
PT163 1981 02 5 4.10279
PT163 1981 03 2 0.318847
PT163 1981 04 2 0.265704
PT163 1981 05 3 6.16968
PT163 1981 06 3 21.6172
PT163 1981 07 3 1017.37
PT163 1981 08 3 67.5931
PT163 1981 09 3 22.3026
PT163 1981 10 5 5.23684
PT163 1981 11 5 14.2459
PT163 1982 06 5 3.4736
PT163 1982 07 5 9.42906
PT163 1982 08 5 157.352
PT163 1982 09 5 127.482
PT163 1983 06 2 0.458632
PT163 1983 07 2 4.74206
PT163 1983 08 2 25.6924
PT163 1983 09 2 23.3273
PT163 1983 11 3 0.681117
PT163 1983 12 3 0.143703
PT163 1984 03 3 353.614
PT163 1984 05 2 1.2748
PT163 1984 07 5 0.79869
PT163 1984 08 5 648.419
PT163 1984 09 5 221.362
PT163 1984 10 3 0.627035
PT163 1985 06 3 5.48464
PT163 1985 07 3 45.2413
PT163 1985 08 3 69.503
PT163 1985 09 3 80.4281
PT163 1985 10 3 237.371
PT163 1986 03 2 0.188749
PT163 1986 04 3 0.894174
PT163 1986 05 3 0.414087
PT163 1986 06 3 18.9785
PT163 1986 07 3 134.417
PT163 1986 08 3 105.307
PT163 1986 09 3 53.4485
PT163 1986 10 2 0.234056
PT163 1987 05 3 17.4907
PT163 1987 06 3 7.09642
PT163 1987 07 3 4924.98
PT163 1987 08 3 852.519
PT163 1987 09 3 795.402
PT163 1988 07 3 0.777923
PT163 1988 08 3 26.0781
PT163 1988 09 3 22.8876
PT163 1988 10 3 27.893
PT163 1989 01 2 0.0813153
PT163 1989 02 2 0.222304
PT163 1989 06 5 0.810491
PT163 1989 07 5 213.955
PT163 1989 08 5 95.5587
PT163 1989 09 5 1765.98
PT163 1989 10 5 50.8127
PT163 1990 07 5 352.756
PT163 1990 08 5 2515.18
PT163 1990 09 5 133.719
PT163 1991 05 4 369.645
PT163 1991 06 4 143.251
PT163 1991 07 4 301.183
PT163 1991 08 4 523.134
PT163 1991 09 4 505.377
PT163 1991 10 4 3.29124
PT163 1992 02 4 4.93945
PT163 1992 03 4 13.5078
PT163 1992 04 4 16.2326
PT163 1992 05 4 120.208
PT163 1992 06 4 11.9446
PT163 1992 07 83 66.1771
PT163 1992 08 83 277.957
PT163 1992 09 83 26.3658
PT163 1993 03 83 2.29775
PT163 1993 04 83 10.3822
PT163 1993 05 2 0.179502
PT163 1993 06 2 35.8901
PT163 1993 07 139 328.22
PT163 1993 08 139 1209.32
PT163 1993 09 139 14.5548
PT163 1994 01 139 0.207706
PT163 1994 02 4 0.0174492
PT163 1994 03 4 8.23697
PT163 1994 04 4 12.5154
PT163 1994 05 4 4.33531
PT163 1994 06 81 21.142
PT163 1994 07 81 10.4759
PT163 1994 08 128 94.0166
PT163 1994 09 132 81.0682
PT163 1994 10 132 19.1947
PT163 1995 01 3 0.00151305
PT163 1995 02 3 0.057977
PT163 1995 03 3 3.82372
PT163 1995 04 3 129.982
PT163 1995 05 3 3.30558
PT163 1995 06 3 131.517
PT163 1995 07 102 4758.4
PT163 1995 08 149 2399.77
PT163 1995 09 149 145.535
PT163 1995 10 149 78.0095
PT163 1996 02 2 0.0517655
PT163 1996 03 2 2.83924
PT163 1996 04 2 3.318
PT163 1996 05 2 2.53821
PT163 1996 06 2 15.1364
PT163 1996 07 2 108.089
PT163 1996 08 93 80.4647
PT163 1996 09 93 22.0864
PT163 1996 10 93 8.05469
PT163 1996 11 5 2.64763
PT163 1997 01 4 0.0920598
PT163 1997 02 4 0.024765
PT163 1997 03 4 5.56917
PT163 1997 04 4 5.83786
PT163 1997 05 4 15.4016
PT163 1997 06 4 6.56387
PT163 1997 07 4 38.5321
PT163 1997 08 4 45.6624
PT163 1997 09 4 32.795
PT163 1998 01 2 0.0114638
PT163 1998 02 2 4.70109
PT163 1998 03 2 4.30732
PT163 1998 04 3 0.0216311
PT163 1998 06 3 7.04442
PT163 1998 07 3 9.23644
PT163 1998 08 3 840.859
PT163 1998 09 3 6.48034
PT163 1998 10 3 4.30245
PT163 1998 11 2 0.0686795
PT163 1998 12 2 0.758624
PT163 1999 01 4 6.1995
PT163 1999 02 4 4.5889
PT163 1999 03 4 11.5297
PT163 1999 04 4 90.3091
PT163 1999 05 4 3.19214
PT163 1999 06 4 87.8273
PT163 1999 07 4 111.921
PT163 1999 08 4 109.782
PT163 1999 09 4 3.35236
PT163 1999 10 4 2.0136
PT163 1999 11 5 1.58897
PT163 2000 01 5 3.932
PT163 2000 02 5 2.50259
PT163 2000 03 5 20.0848
PT163 2000 04 2 0.00591536
PT163 2000 05 2 0.34386
PT163 2000 06 2 22.3502
PT163 2000 07 2 239.306
PT163 2000 08 2 624.566
PT163 2000 09 2 27.6063
PT163 2000 10 2 30.0451
PT163 2001 02 2 0.771189
PT163 2001 04 2 15.3038
PT163 2001 05 2 1.23615
PT163 2001 06 2 38.1242
PT163 2001 07 2 24.1553
PT163 2001 08 2 16.7315
PT163 2001 09 2 489.565
PT163 2001 10 2 0.633223
PT163 2001 11 2 0.947405
PT163 2001 12 2 38.9177
PT163 2002 01 3 0.023148
PT163 2002 02 3 0.0589378
PT163 2002 03 3 0.326092
PT163 2002 04 3 8.20222
PT163 2002 05 3 2.32035
PT163 2002 06 3 26.2647
PT163 2002 07 3 575.737
PT163 2002 08 105 239.507
PT163 2002 09 105 5.02956
PT163 2002 10 105 2.22058
PT163 2002 11 3 0.0117193
PT163 2003 01 5 2.06951
PT163 2003 02 4 1.10785
PT163 2003 03 4 4.11478
PT163 2003 04 4 3.16051
PT163 2003 05 4 4.14219
PT163 2003 06 4 552.103
PT163 2003 07 4 41.5953
PT163 2003 08 102 6080.46
PT163 2003 09 102 74.1657
PT163 2003 10 102 4.46628
PT163 2003 11 5 2.0885
PT163 2004 02 5 13.9682
PT163 2004 03 5 110.486
PT163 2004 04 4 0.910291
PT163 2004 05 4 1.86931
PT163 2004 06 4 113.339
PT163 2004 07 4 766.434
PT163 2004 08 4 54.2082
PT163 2004 09 4 19.1012
PT163 2004 10 4 69.2923
PT163 2004 11 4 0.5572
PT163 2004 12 3 0.0713785
PT163 2005 01 3 10.5957
PT163 2005 02 3 24.7749
PT163 2005 03 3 24.1493
PT163 2005 04 3 2.19516
PT163 2005 05 3 8.51433
PT163 2005 06 3 154.366
PT163 2005 07 86 522.139
PT163 2005 08 121 19009.3
PT163 2005 09 121 20.3953
PT163 2005 10 121 360.923
PT163 2005 12 5 3.09997
PT163 2006 01 2 0.0260482
PT163 2006 02 2 0.0013123
PT163 2006 04 5 0.856342
PT163 2006 05 5 12.0545
PT163 2006 06 5 11.9758
PT163 2006 07 5 78.1983
PT163 2006 08 115 5689.34
PT163 2006 09 115 4.51858
PT163 2006 10 115 0.635521
PT163 2007 01 115 0.364305
PT163 2007 02 2 0.000846158
PT163 2007 03 2 0.482117
PT163 2007 04 2 1.13503
PT163 2007 05 5 2.5792
PT163 2007 06 5 1.1402
PT163 2007 07 5 50.4393
PT163 2007 08 5 259.191
PT163 2007 09 5 2757.76
PT163 2007 10 5 7.59326
PT163 2007 11 5 15.4949
PT163 2007 12 5 0.0386234
PT164 1980 05 2 0.790074
PT164 1980 06 5 9.92807
PT164 1980 07 5 1897.05
PT164 1980 08 5 621.52
PT164 1980 09 5 3225.07
PT164 1980 10 5 17.9722
PT164 1980 12 3 0.70506
PT164 1981 01 3 263.199
PT164 1981 05 2 2.60488
PT164 1981 06 3 107.962
PT164 1981 07 3 6191.88
PT164 1981 08 3 2268.26
PT164 1981 09 3 16.4197
PT164 1981 11 3 25.4833
PT164 1982 01 2 0.0937397
PT164 1982 03 4 7.86977
PT164 1982 06 4 9.1226
PT164 1982 07 4 296.289
PT164 1982 08 136 6087.87
PT164 1982 09 81 1276.2
PT164 1983 02 2 0.0707986
PT164 1983 03 2 1.22947
PT164 1983 04 3 1856.31
PT164 1983 05 2 38.6789
PT164 1983 06 2 50.6241
PT164 1983 07 2 73.1518
PT164 1983 08 127 265.545
PT164 1983 09 202 16413.1
PT164 1983 10 202 600.789
PT164 1984 02 202 7.29394
PT164 1984 03 202 11.6052
PT164 1984 04 2 0.542128
PT164 1984 07 2 48.408
PT164 1984 08 123 1806.78
PT164 1984 09 121 350.138
PT164 1984 10 121 9.81547
PT164 1985 04 2 1.57822
PT164 1985 07 87 4683.38
PT164 1985 08 271 2836.22
PT164 1985 09 251 20181.7
PT164 1985 10 251 987.103
PT164 1986 03 5 1.22841
PT164 1986 04 5 12.07
PT164 1986 05 5 3.23911
PT164 1986 06 5 346.499
PT164 1986 07 202 1806.98
PT164 1986 08 128 1331.16
PT164 1986 09 128 319.229
PT164 1986 10 4 14.7734
PT164 1987 05 3 0.183569
PT164 1987 06 3 20.5944
PT164 1987 07 3 137.231
PT164 1987 08 118 2073.45
PT164 1987 09 118 10669.1
PT164 1987 10 2 0.115716
PT164 1988 07 2 5.56917
PT164 1988 08 2 62.4209
PT164 1988 09 108 1506.28
PT164 1988 10 108 518.662
PT164 1988 12 2 7.41206
PT164 1989 05 2 0.635568
PT164 1989 06 2 8.83429
PT164 1989 07 143 5368.84
PT164 1989 08 171 2993.56
PT164 1989 09 83 130.761
PT164 1989 10 83 83.6939
PT164 1990 06 83 20.3529
PT164 1990 07 86 9850.34
PT164 1990 08 94 10551.5
PT164 1990 09 94 72.9394
PT164 1991 04 2 0.345793
PT164 1991 06 85 103.965
PT164 1991 07 166 2070.57
PT164 1991 08 214 18298
PT164 1991 09 89 134.263
PT164 1991 10 5 10.4056
PT164 1992 01 5 3.53721
PT164 1992 02 5 4.04921
PT164 1992 03 5 65.3544
PT164 1992 04 5 522.687
PT164 1992 05 5 86.2464
PT164 1992 06 5 75.6012
PT164 1992 07 136 304.604
PT164 1992 08 149 27413.7
PT164 1992 09 149 152.999
PT164 1993 02 4 7.13793
PT164 1993 03 4 47.4078
PT164 1993 04 4 24.1569
PT164 1993 05 3 0.369671
PT164 1993 06 3 16.1148
PT164 1993 07 3 76.5167
PT164 1993 08 146 1510.77
PT164 1993 09 146 22.5851
PT164 1994 01 146 4.45508
PT164 1994 02 5 2.1413
PT164 1994 03 5 19.2077
PT164 1994 04 5 37.4578
PT164 1994 05 5 4.28962
PT164 1994 06 5 144.846
PT164 1994 07 5 28.5068
PT164 1994 08 106 368.555
PT164 1994 09 106 647.133
PT164 1994 10 106 3.66357
PT164 1995 01 106 1.90495
PT164 1995 02 4 1.64566
PT164 1995 03 4 40.1712
PT164 1995 04 4 28.0079
PT164 1995 05 4 223.219
PT164 1995 06 4 59.3465
PT164 1995 07 105 2572.4
PT164 1995 08 207 5959.1
PT164 1995 09 207 8.61099
PT164 1995 10 207 847.252
PT164 1996 02 2 0.00928891
PT164 1996 03 2 6.74202
PT164 1996 04 2 4.41012
PT164 1996 05 3 0.198044
PT164 1996 06 3 59.8327
PT164 1996 07 3 429.489
PT164 1996 08 3 301.398
PT164 1996 09 3 47.6968
PT164 1996 10 3 9.8548
PT164 1996 11 3 0.254568
PT164 1997 02 3 12.0571
PT164 1997 03 3 883.506
PT164 1997 04 3 47.5197
PT164 1997 05 3 1.98749
PT164 1997 06 3 1.01331
PT164 1997 07 3 260.021
PT164 1997 08 3 24.6069
PT164 1997 09 3 19.3239
PT164 1998 02 3 4.18985
PT164 1998 03 3 8.70703
PT164 1998 04 4 2.11638
PT164 1998 05 4 0.773337
PT164 1998 06 4 10.193
PT164 1998 07 4 259.125
PT164 1998 08 144 573.235
PT164 1998 09 144 193.847
PT164 1998 10 144 4.85777
PT164 1998 11 4 2.58117
PT164 1998 12 4 0.702653
PT164 1999 01 3 0.0286579
PT164 1999 02 3 4.53092
PT164 1999 03 3 368.315
PT164 1999 04 3 11.8636
PT164 1999 05 3 2.52578
PT164 1999 06 3 38.5215
PT164 1999 07 92 1460.16
PT164 1999 08 92 307.514
PT164 1999 09 92 321.559
PT164 1999 10 92 11.3964
PT164 1999 11 92 2.38863
PT164 1999 12 2 1.29013
PT164 2000 01 2 2.22939
PT164 2000 02 2 1.91447
PT164 2000 03 2 47.132
PT164 2000 04 3 2.80262
PT164 2000 05 3 2.03986
PT164 2000 06 3 31.3695
PT164 2000 07 94 1261.29
PT164 2000 08 153 9132.19
PT164 2000 09 153 415.397
PT164 2000 10 153 14.2102
PT164 2001 02 153 4.91966
PT164 2001 03 2 0.938014
PT164 2001 04 2 6.09044
PT164 2001 05 2 2.09526
PT164 2001 06 2 214.271
PT164 2001 07 2 88.9731
PT164 2001 08 85 121.56
PT164 2001 09 89 3842.3
PT164 2001 10 89 3.08992
PT164 2001 11 89 18.2265
PT164 2001 12 89 2493.26
PT164 2002 01 3 0.036262
PT164 2002 02 3 11.4143
PT164 2002 03 3 4.59733
PT164 2002 04 3 3.71787
PT164 2002 05 3 1.08875
PT164 2002 06 3 142.638
PT164 2002 07 139 4913.57
PT164 2002 08 139 161.495
PT164 2002 09 139 25.8021
PT164 2002 10 139 10.5482
PT164 2003 01 2 0.0698366
PT164 2003 02 4 0.19081
PT164 2003 03 4 50.5518
PT164 2003 04 4 2.29535
PT164 2003 05 4 5.1867
PT164 2003 06 4 676.034
PT164 2003 07 4 44.3388
PT164 2003 08 4 2586.22
PT164 2003 09 4 128.165
PT164 2003 10 4 0.515964
PT164 2003 11 2 0.0213444
PT164 2004 02 2 4.41856
PT164 2004 03 2 7.61607
PT164 2004 04 2 9.65482
PT164 2004 05 2 4.05716
PT164 2004 06 2 8.06894
PT164 2004 07 2 211.29
PT164 2004 08 2 82.9078
