GR432 1988 09 2 761.175
GR432 1988 10 2 142.826
GR432 1988 11 2 6.08565
GR432 1989 01 2 0.58161
GR432 1989 02 2 1.37144
GR432 1989 05 2 119.501
GR432 1989 06 5 503.251
GR432 1989 07 4 188.05
GR432 1989 08 5 418.497
GR432 1989 09 5 1233.74
GR432 1989 10 5 102.113
GR432 1990 01 2 14.8729
GR432 1990 02 3 9.82254
GR432 1990 03 3 72.7801
GR432 1990 04 5 3.16248
GR432 1990 06 5 470.881
GR432 1990 07 5 114.119
GR432 1990 08 5 220.967
GR432 1990 09 5 149.241
GR432 1990 10 5 172.375
GR432 1990 11 4 216.547
GR432 1991 04 2 4.30358
GR432 1991 05 4 18.6198
GR432 1991 06 3 139.864
GR432 1991 07 3 9.29386
GR432 1991 08 3 56.5297
GR432 1991 10 5 17.7942
GR432 1992 06 2 1.11288
GR432 1992 07 5 26.3606
GR432 1992 08 4 32.6948
GR432 1992 09 4 7.25708
GR432 1992 10 5 197.64
GR432 1992 11 3 3.35885
GR432 1992 12 2 0.518595
GR432 1993 04 5 84.6603
GR432 1993 06 2 14.3888
GR432 1993 07 4 2929.64
GR432 1993 09 2 0.275498
GR432 1993 10 2 32.3712
GR432 1993 11 5 12.6198
GR432 1994 03 2 3.57713
GR432 1994 04 3 2.01489
GR432 1994 06 5 20.8561
GR432 1994 07 3 72.942
GR432 1994 08 3 10357.9
GR432 1994 09 3 2.41418
GR432 1995 02 3 2.21172
GR432 1995 06 2 40.0983
GR432 1995 07 5 1851.72
GR432 1995 08 4 100.549
GR432 1995 09 3 14.9013
GR432 1995 10 2 2.35018
GR432 1996 06 2 143.008
GR432 1996 07 3 18.1115
GR432 1996 08 2 0.471704
GR432 1996 09 3 155.226
GR432 1997 02 2 3.21975
GR432 1997 06 2 11.1601
GR432 1997 07 2 21.9588
GR432 1997 08 2 34.6844
GR432 1997 09 3 65.1783
GR432 1997 10 4 12.9273
GR432 2001 02 3 0.355218
GR432 2001 03 3 4.29898
GR432 2002 06 2 73.094
GR432 2002 09 2 1.14479
GR433 1983 03 3 3.85987
GR433 1983 04 3 2.35086
GR433 1983 05 3 7.95672
GR433 1983 06 3 0.781965
GR433 1983 07 4 17.6273
GR433 1983 08 4 38.9574
GR433 1983 09 4 32.6637
GR433 1983 10 4 9.39817
GR433 1983 11 3 1.68773
GR433 1984 01 3 2.1789
GR433 1984 05 4 7.0645
GR433 1984 06 2 1.4359
GR433 1984 07 2 48.9193
GR433 1984 08 2 692.046
GR433 1984 09 2 320.04
GR433 1985 04 2 10.1645
GR433 1985 07 3 162.823
GR433 1985 08 3 15.8108
GR433 1985 09 3 43.7096
GR433 1985 10 4 24.896
GR433 1985 11 5 10.3783
GR433 1986 04 2 1.61325
GR433 1986 06 2 2.00904
GR433 1986 07 2 2.13526
GR433 1986 08 2 78.2589
GR433 1986 09 2 702.429
GR433 1987 06 4 3.72237
GR433 1987 07 2 5.46053
GR433 1987 08 2 411.575
GR433 1987 09 2 349.66
GR433 1987 10 3 196.929
GR433 1988 06 2 27.6091
GR433 1988 07 3 2943.82
GR433 1988 08 4 23.1377
GR433 1988 09 4 262.255
GR433 1988 10 3 164.047
GR433 1989 04 2 10.0781
GR433 1989 06 5 20.1088
GR433 1989 07 5 266.031
GR433 1989 08 5 223.641
GR433 1989 09 5 112.147
GR433 1989 10 2 3.80907
GR433 1990 01 2 26.3674
GR433 1990 06 2 3.6559
GR433 1990 07 2 150.945
GR433 1990 08 2 128.338
GR433 1990 09 2 114.68
GR433 1990 10 2 152.508
GR433 1990 11 2 148.28
GR433 1991 05 2 0.671479
GR433 1991 06 2 3.22577
GR433 1991 07 2 11.1871
GR433 1991 08 2 50.8118
GR433 1991 09 2 247.033
GR433 1991 10 2 218.335
GR433 1992 03 2 3.50318
GR433 1992 04 2 1.32184
GR433 1992 06 4 4.11824
GR433 1992 07 4 79.8397
GR433 1992 08 4 31.889
GR433 1992 09 4 71.0644
GR433 1992 10 4 1287.75
GR433 1993 03 4 24.4474
GR433 1993 04 2 3.10145
GR433 1993 06 2 10.7311
GR433 1993 07 2 212.102
GR433 1993 08 2 1121.84
GR433 1993 09 2 42.1191
GR433 1993 10 2 54.5766
GR433 1994 06 2 0.482882
GR433 1994 07 2 47.823
GR433 1994 08 2 81.3898
GR433 1994 09 2 545.645
GR433 1994 11 2 0.546155
GR433 1995 06 2 55.6296
GR433 1995 07 2 480.135
GR433 1995 08 4 1354.16
GR433 1995 09 4 50.8609
GR433 1995 10 4 33.0637
GR433 1996 04 2 19.3721
GR433 1996 06 3 7.87974
GR433 1996 07 3 354.593
GR433 1996 08 3 30.1438
GR433 1996 09 3 53.614
GR433 1996 10 3 7.3072
GR433 1997 06 5 8.72498
GR433 1997 07 5 55.566
GR433 1997 08 5 305.513
GR433 1997 09 5 33.2445
GR433 1997 10 5 100.513
GR433 2003 01 2 0.329606
GR433 2004 04 2 3.19015
GR433 2004 08 2 5.66272
GR433 2004 09 2 21.0721
GR434 1983 06 2 46.5605
GR434 1983 07 5 134.18
GR434 1983 08 5 188.25
GR434 1983 09 5 102.711
GR434 1983 10 3 22.9991
GR434 1984 05 2 12.2332
GR434 1984 06 2 0.19395
GR434 1984 07 2 372.888
GR434 1984 08 2 211.622
GR434 1984 09 2 85.0839
GR434 1984 10 2 14.2013
GR434 1985 07 2 1858.82
GR434 1985 08 2 496.199
GR434 1985 09 2 440.738
GR434 1986 05 2 0.404918
GR434 1986 06 2 11.093
GR434 1986 07 4 44.7904
GR434 1986 08 4 467.807
GR434 1986 09 4 42.0197
GR434 1986 10 3 43.466
GR434 1987 03 2 5.43282
GR434 1987 07 2 14.6539
GR434 1987 08 2 126.277
GR434 1987 09 2 1440.39
GR434 1987 10 2 235.768
GR434 1988 04 2 7.08582
GR434 1988 05 5 5.74481
GR434 1988 06 5 268.413
GR434 1988 07 5 739.321
GR434 1988 08 5 278.571
GR434 1988 09 5 437.121
GR434 1988 10 5 112.238
GR434 1989 01 2 22.3477
GR434 1989 05 2 1.77329
GR434 1989 06 2 11.2698
GR434 1989 07 2 60.1486
GR434 1989 08 2 186.99
GR434 1989 09 2 79.9187
GR434 1989 10 2 91.553
GR434 1990 04 2 0.64634
GR434 1990 05 5 7.51482
GR434 1990 06 5 41.8531
GR434 1990 07 5 489.085
GR434 1990 08 5 107.61
GR434 1990 09 5 266.271
GR434 1990 10 5 269.635
GR434 1990 11 5 113.293
GR434 1991 06 5 50.4028
GR434 1991 07 3 6.04207
GR434 1991 08 3 59.2352
GR434 1991 09 3 429.589
GR434 1991 10 3 95.1656
GR434 1992 04 2 25.4959
GR434 1992 07 5 48.1994
GR434 1992 08 3 39.3497
GR434 1992 09 3 87.4895
GR434 1992 10 3 181.21
GR434 1993 01 2 2.03261
GR434 1993 03 2 66.8847
GR434 1993 04 3 28.2772
GR434 1993 05 2 2.45916
GR434 1993 06 5 9.04482
GR434 1993 07 5 896.875
GR434 1993 08 5 761.438
GR434 1993 09 5 39.6902
GR434 1993 10 5 77.0636
GR434 1993 11 4 25.0746
GR434 1994 03 2 6.10136
GR434 1994 05 4 6.38181
GR434 1994 06 4 133.479
GR434 1994 07 4 19.3585
GR434 1994 08 4 37.2772
GR434 1994 09 4 83.1536
GR434 1994 10 4 6.99933
GR434 1995 05 4 16.6712
GR434 1995 06 2 14.2964
GR434 1995 07 4 6.42533
GR434 1995 08 4 41.6214
GR434 1995 09 4 8.58191
GR434 1995 10 5 8.29362
GR434 1996 05 3 481.172
GR434 1996 06 3 6.56538
GR434 1996 07 3 641.161
GR434 1996 08 3 5.23884
GR434 1996 09 3 302.802
GR434 1996 10 3 8.9726
GR434 1996 11 2 14.8066
GR434 1997 05 4 1.65901
GR434 1997 06 4 8.23186
GR434 1997 07 4 91.3876
GR434 1997 08 4 14.3609
GR434 1997 09 4 30.599
GR434 1997 10 4 11.6878
GR434 1997 12 2 0.731035
HR012 1996 01 2 20.5493
HR012 1996 02 2 131.415
HR012 1996 03 2 695.398
HR012 1996 04 2 210.857
HR012 1996 05 2 218.272
HR012 1996 06 2 135.741
HR012 1996 07 2 905.995
HR012 1996 08 2 126.688
HR012 1996 09 2 0.21835
HR012 1996 10 2 9.01605
HR012 1996 11 2 2.28415
HR012 1996 12 2 2.0232
HR012 1997 01 3 0.0103762
HR012 1997 02 3 544.358
HR012 1997 03 3 274.447
HR012 1997 04 3 1801.99
HR012 1997 05 3 14.1259
HR012 1997 06 3 7.74628
HR012 1997 07 3 57.4281
HR012 1997 08 3 15.647
HR012 1997 09 3 121.178
HR012 1997 10 3 187.004
HR012 1997 11 3 15.2827
HR012 1997 12 3 5.12047
HR012 1998 01 3 2.52552
HR012 1998 02 253 12248.6
HR012 1998 03 110 1456.81
HR012 1998 04 110 391.019
HR012 1998 05 110 63.3264
HR012 1998 06 110 65.4737
HR012 1998 07 110 224.027
HR012 1998 08 110 183.046
HR012 1998 09 110 2334.06
HR012 1998 10 110 26.742
HR012 1998 11 110 963.834
HR012 1998 12 110 877.371
HR012 1999 01 110 16.4991
HR012 1999 02 110 2.603
HR012 1999 03 110 552.986
HR012 1999 04 110 567.494
HR012 1999 05 110 122.179
HR012 1999 06 110 31.7917
HR012 1999 07 110 158.162
HR012 1999 08 110 230.953
HR012 1999 09 110 143.846
HR012 1999 10 110 177.037
HR012 1999 11 110 29.9795
HR012 1999 12 110 153.998
HR012 2000 01 110 158.084
HR012 2000 02 100 3160.08
HR012 2000 03 213 1784.74
HR012 2000 04 213 62.3032
HR012 2000 05 213 58.9787
HR012 2000 06 147 1950.1
HR012 2000 07 147 591.453
HR012 2000 08 195 6293.39
HR012 2000 09 195 1076.88
HR012 2000 10 195 187.639
HR012 2000 11 195 124.69
HR012 2000 12 195 176.11
HR012 2001 01 195 230.006
HR012 2001 02 195 67.258
HR012 2001 03 195 203.771
HR012 2001 04 195 174.282
HR012 2001 05 195 42.2977
HR012 2001 06 195 3.39222
HR012 2001 07 195 236.153
HR012 2001 08 121 309.234
HR012 2001 09 121 133.7
HR012 2001 10 121 69.5727
HR012 2001 11 121 514.873
HR012 2001 12 121 192.893
HR012 2002 01 121 2437.68
HR012 2002 02 93 873.109
HR012 2002 03 154 8824.48
HR012 2002 04 83 3611.11
HR012 2002 05 83 40.2045
HR012 2002 06 83 18.9318
HR012 2002 07 83 1275.84
HR012 2002 08 83 833.485
HR012 2002 09 83 2152.61
HR012 2002 10 83 108.291
HR012 2002 11 83 72.994
HR012 2002 12 83 43.9144
HR012 2003 01 83 4.93859
HR012 2003 02 83 127.402
HR012 2003 03 155 626.004
HR012 2003 04 99 707.282
HR012 2003 05 99 1366.41
HR012 2003 06 102 2330.4
HR012 2003 07 102 84.2099
HR012 2003 08 105 1951.87
HR012 2003 09 105 12.728
HR012 2003 10 105 102.165
HR012 2003 11 105 430.123
HR012 2003 12 105 343.747
HR012 2004 01 105 430.13
HR012 2004 02 105 168.511
HR012 2004 03 105 121.951
HR012 2004 04 105 136.462
HR012 2004 05 105 71.3074
HR012 2004 06 105 31.7918
HR012 2004 07 105 107.071
HR012 2004 08 105 794.973
HR012 2004 09 105 4.72757
HR012 2004 10 105 6.43367
HR012 2004 11 105 200.053
HR012 2004 12 105 24.602
HR012 2005 01 105 175.016
HR012 2005 02 105 14.719
HR012 2005 03 88 682.536
HR012 2005 04 111 855.334
HR012 2005 05 111 115.213
HR012 2005 06 111 136.078
HR012 2005 07 111 1.30835
HR012 2005 08 111 1.47697
HR012 2005 09 111 4.84825
HR012 2005 10 111 3.43789
HR012 2005 11 111 13.3683
HR012 2005 12 111 3.42573
HR012 2006 01 111 0.180517
HR012 2006 02 111 209.478
HR012 2006 03 102 153.759
HR012 2006 04 102 293.913
HR012 2006 05 102 0.43414
HR012 2006 06 102 7.98163
HR012 2006 07 102 480.705
HR012 2006 08 102 1.20138
HR012 2006 09 102 0.827468
HR012 2006 10 102 0.388325
HR012 2006 11 102 19.8062
HR012 2006 12 102 0.627604
HR013 1996 03 102 47.8127
HR013 1996 04 102 40.1591
HR013 1996 05 2 2.65538
HR013 1996 06 2 1.48393
HR013 1996 08 3 182.057
HR013 1996 10 2 0.00198315
HR013 1996 11 2 0.147349
HR013 1997 02 2 38.4717
HR013 1997 03 2 45.3166
HR013 1997 04 2 9.67003
HR013 1997 05 4 0.00988805
HR013 1997 06 2 0.0208762
HR013 1997 08 2 2.82901
HR013 1997 09 3 0.0279924
HR013 1997 10 3 3.60725
HR013 1997 11 3 0.109953
HR013 1998 02 3 2785.51
HR013 1998 03 3 122.055
HR013 1998 04 3 23.2089
HR013 1998 05 2 9.1798
HR013 1998 06 2 0.00321222
HR013 1998 07 3 0.646219
HR013 1998 08 2 0.006106
HR013 1998 09 2 2.24284
HR013 1998 11 2 0.082012
HR013 1999 02 3 0.146114
HR013 1999 03 3 14.2877
HR013 1999 04 3 52.3098
HR013 1999 05 3 10.9959
HR013 1999 10 4 1.96135
HR013 1999 11 2 0.00291963
HR013 2000 02 2 6.24664
HR013 2000 03 2 346.291
HR013 2000 04 2 21.034
HR013 2000 05 2 14.7085
HR013 2000 06 2 61.6001
HR013 2000 07 4 6.17404
HR013 2000 08 4 56.5854
HR013 2000 11 2 0.050682
HR013 2000 12 2 1.00835
HR013 2001 02 4 4.64162
HR013 2001 05 3 1.39238
HR013 2001 06 2 0.0381045
HR013 2001 07 2 0.138885
HR013 2001 08 2 4.56487
HR013 2002 01 3 307.637
HR013 2002 02 3 1.97862
HR013 2002 03 3 16.9239
HR013 2002 04 3 32.683
HR013 2002 05 2 0.57201
HR013 2002 06 4 0.097871
HR013 2002 07 4 3.61841
HR013 2002 11 2 0.0959994
HR013 2003 03 2 37.1177
HR013 2003 04 2 9.77269
HR013 2003 05 2 58.8365
HR013 2003 06 2 114.445
HR013 2003 08 2 65.5137
HR013 2003 11 2 0.311743
HR013 2004 03 2 0.0585928
HR013 2004 04 2 0.00555225
HR013 2004 05 2 0.194782
HR013 2004 07 3 1.20658
HR013 2005 01 3 0.173018
HR013 2005 03 3 0.241745
HR013 2005 04 3 2.08541
HR013 2005 06 3 0.0224134
HR013 2005 10 2 0.00106146
HR013 2006 03 2 2.0847
HR013 2006 04 3 1.27596
HR013 2006 06 3 0.185613
HR013 2006 07 3 0.0958678
HR014 1996 03 4 1.32741
HR014 1996 04 4 0.734234
HR014 1996 07 4 0.0619931
HR014 1997 02 4 104.75
HR014 1997 03 4 10.7123
HR014 1997 04 2 0.612874
HR014 1997 05 2 0.000927
HR014 1998 02 2 1010.99
HR014 1998 04 4 2.84792
HR014 1999 03 3 10.437
HR014 1999 10 2 7.81214
HR014 2000 01 2 2.74704
HR014 2000 02 2 26.0186
HR014 2000 03 2 39.2702
HR014 2000 04 2 0.0514842
HR014 2000 05 2 0.674571
HR014 2000 06 5 19.9483
HR014 2000 07 3 0.420509
HR014 2000 11 2 0.126195
HR014 2001 02 2 129.461
HR014 2001 03 3 0.608665
HR014 2001 05 3 0.0408176
HR014 2001 07 2 1.08523
HR014 2001 08 2 228.824
HR014 2002 01 2 2.47431
HR014 2002 02 2 32.825
HR014 2002 03 2 2641.94
HR014 2002 04 2 683.278
HR014 2002 06 2 0.624446
HR014 2002 07 2 15.4535
HR014 2002 08 2 0.044226
HR014 2002 09 2 2.39136
HR014 2002 10 3 8.35122
HR014 2002 11 5 1.30146
HR014 2003 03 5 8.22318
HR014 2003 04 5 12.3884
HR014 2003 05 3 35.2247
HR014 2003 06 3 88.022
HR014 2003 07 4 3.57074
HR014 2003 08 4 196.737
HR014 2003 09 3 0.0101115
HR014 2003 10 2 0.0537188
HR014 2003 11 2 0.0988495
HR014 2003 12 2 2.57975
HR014 2004 02 2 41.4686
HR014 2004 03 5 32.7
HR014 2004 05 2 2.278
HR014 2004 08 2 0.253668
HR014 2005 01 3 0.887064
HR014 2005 03 3 17.221
HR014 2005 04 3 29.8844
HR014 2005 05 3 7.36899
HR014 2006 03 3 28.2004
HR014 2006 04 3 75.4808
HR014 2006 05 2 0.0011113
HR014 2006 06 2 0.000581179
HR014 2006 07 3 148.785
HR014 2006 11 3 1.04127
HR015 1996 03 3 23.0537
HR015 1996 04 3 70.0373
HR015 1996 05 2 12.6471
HR015 1996 06 4 2.04435
HR015 1996 07 3 2.00483
HR015 1996 11 2 0.0451314
HR015 1997 02 4 3.12926
HR015 1997 03 4 40.9533
HR015 1997 04 4 66.1452
HR015 1997 05 4 13.3688
HR015 1997 07 2 0.0900792
HR015 1997 08 2 0.00796674
HR015 1997 09 3 30.7492
HR015 1997 10 3 0.557494
HR015 1997 11 3 0.110348
HR015 1997 12 2 0.000995374
HR015 1998 01 3 0.00307354
HR015 1998 02 3 7144.89
HR015 1998 03 3 95.2193
HR015 1998 04 3 156.511
HR015 1998 05 4 0.834315
HR015 1998 08 4 2.47131
HR015 1999 01 2 0.655755
HR015 1999 03 2 185.199
HR015 1999 04 2 47.5863
HR015 1999 05 2 0.859651
HR015 1999 06 3 0.00634632
HR015 1999 07 3 0.00642951
HR015 1999 08 2 0.26364
HR015 1999 10 2 0.0541092
HR015 2000 02 2 10514.7
HR015 2000 03 2 96.2089
HR015 2000 04 2 13.9964
HR015 2000 05 5 0.341266
HR015 2000 06 5 81.2559
HR015 2000 07 5 7.10335
HR015 2000 08 5 192.106
HR015 2000 09 4 194.34
HR015 2000 10 5 8.62984
HR015 2001 02 5 1.76255
HR015 2001 03 3 0.248767
HR015 2001 04 4 0.0768744
HR015 2001 05 2 1.46708
HR015 2001 07 4 28.184
HR015 2001 08 4 182.97
HR015 2001 09 2 0.447
HR015 2001 10 2 0.309859
HR015 2001 11 3 0.151119
HR015 2002 01 2 0.00366862
HR015 2002 02 2 17.3642
HR015 2002 03 2 341.75
HR015 2002 04 2 556.154
HR015 2002 05 3 1.68798
HR015 2002 06 3 11.9717
HR015 2002 07 3 7.63294
HR015 2002 10 3 7.05929
HR015 2002 11 3 10.5837
HR015 2003 03 3 89.959
HR015 2003 04 3 7.27541
HR015 2003 05 3 199.005
HR015 2003 06 3 8.64959
HR015 2003 07 5 3.42611
HR015 2003 08 5 3369.42
HR015 2003 09 4 2.15322
HR015 2003 11 2 11.4652
HR015 2003 12 2 0.79359
HR015 2004 02 3 0.113431
HR015 2004 03 4 789.945
HR015 2004 05 3 0.821591
HR015 2004 07 3 0.101903
HR015 2004 08 3 45.7146
HR015 2004 09 2 0.0145205
HR015 2005 03 5 6.76218
HR015 2005 04 5 11.1862
HR015 2005 05 5 2.64463
HR015 2005 06 4 1.60013
HR015 2005 08 2 0.00129621
HR015 2005 10 2 1.76336
HR015 2006 02 2 2.68376
HR015 2006 03 2 26.3984
HR015 2006 04 2 1.01172
HR015 2006 05 2 0.0336533
HR015 2006 06 2 0.059405
HR015 2006 07 2 1.59062
HR015 2006 09 3 0.0127949
HR015 2006 10 2 0.0145126
HR015 2006 11 2 1.36499
HR015 2006 12 2 0.0109469
HR016 1996 03 3 0.282992
HR016 1996 04 2 0.103453
HR016 1997 03 2 0.00832638
HR016 1998 02 4 37.4544
HR016 1998 03 4 4.95972
HR016 1998 04 2 0.0435693
HR016 1999 02 3 0.126163
HR016 1999 03 2 0.00429352
HR016 1999 04 2 29.3068
HR016 2000 03 2 0.00160071
HR016 2000 06 2 63.557
HR016 2000 08 2 0.0234164
HR016 2000 09 2 0.481185
HR016 2000 10 2 1.41594
HR016 2001 02 2 0.00169702
HR016 2001 06 2 0.00141328
HR016 2002 03 3 0.968564
HR016 2002 04 3 72.244
HR016 2002 06 2 1.30441
HR016 2002 09 2 15.466
HR016 2002 10 2 2.55766
HR016 2003 03 3 0.00664142
HR016 2003 05 2 4.84153
HR016 2003 09 3 1.46617
HR016 2004 03 5 13.1399
HR016 2005 03 4 0.0774787
HR016 2005 04 5 0.276465
HR016 2006 03 4 0.562632
HR016 2006 04 3 0.147105
HR016 2006 07 3 0.63966
HR021 1996 03 3 115.973
HR021 1996 04 3 21.828
HR021 1996 05 3 2.23926
HR021 1996 06 3 0.0281108
HR021 1996 07 3 0.0274778
HR021 1996 11 4 0.00996394
HR021 1997 02 4 2.48915
HR021 1997 03 4 11.1421
HR021 1997 04 4 23.9267
HR021 1997 05 3 3.40742
HR021 1997 08 2 0.000709184
HR021 1997 09 4 2.49314
HR021 1997 10 2 0.342969
HR021 1997 11 5 1.52115
HR021 1997 12 2 0.00338292
HR021 1998 02 2 982.533
HR021 1998 03 2 82.9333
HR021 1998 04 2 83.2885
HR021 1998 05 5 0.621423
HR021 1998 07 2 0.37455
HR021 1998 08 3 32.9311
HR021 1998 09 4 1.16826
HR021 1998 11 2 13.8289
HR021 1999 02 2 0.0172477
HR021 1999 03 2 38.2055
HR021 1999 04 2 90.4376
HR021 1999 05 2 0.0139293
HR021 1999 06 4 2.20753
HR021 1999 09 2 0.000985518
HR021 1999 10 4 46.1357
HR021 2000 01 3 10.9913
HR021 2000 02 3 20.3801
HR021 2000 03 3 530.956
HR021 2000 04 5 10.7475
HR021 2000 05 4 1.80572
HR021 2000 06 4 156.439
HR021 2000 07 4 50.892
HR021 2000 08 4 83.0017
HR021 2000 09 3 0.765086
HR021 2000 10 2 0.0199129
HR021 2000 11 4 0.335726
HR021 2000 12 2 0.00906365
HR021 2001 02 5 1.03145
HR021 2001 03 5 23.225
HR021 2001 04 2 0.0183092
HR021 2001 05 3 0.00620024
HR021 2001 06 3 0.33638
HR021 2001 07 2 0.0128456
HR021 2001 08 4 95.2123
HR021 2001 10 2 0.194747
HR021 2001 12 2 14.408
HR021 2002 02 2 3.5417
HR021 2002 03 2 59.0054
HR021 2002 04 2 1130.8
HR021 2002 05 2 8.98056
HR021 2002 06 4 0.0106941
HR021 2002 07 5 9.0959
HR021 2002 10 5 39.625
HR021 2002 11 5 15.31
HR021 2003 03 5 2.09505
HR021 2003 04 5 39.1409
HR021 2003 05 4 5.12135
HR021 2003 06 4 53.4263
HR021 2003 07 4 1.07906
HR021 2003 08 4 19.8559
HR021 2003 09 4 17.6779
HR021 2003 10 5 202.395
HR021 2004 01 2 2.01525
HR021 2004 02 3 0.709475
HR021 2004 03 3 98.8384
HR021 2004 04 3 3.40145
HR021 2004 05 2 1.14921
HR021 2004 06 3 4.25818
HR021 2004 07 4 0.635498
HR021 2004 09 2 0.00806236
HR021 2005 03 4 1.88665
HR021 2005 04 4 8.39091
HR021 2005 05 2 1.993
HR021 2005 06 2 0.105476
HR021 2005 11 2 2.51503
HR021 2006 02 2 1.08183
HR021 2006 03 2 18.7228
HR021 2006 04 5 7.12052
HR021 2006 05 2 0.00122719
HR021 2006 06 4 0.0222922
HR021 2006 07 4 13.0833
HR021 2006 08 2 0.311258
HR021 2006 10 2 0.0256183
HR021 2006 11 2 14.1826
HR022 1996 03 2 5.50212
HR022 1996 04 2 33.4841
HR022 1996 05 2 0.082542
HR022 1996 06 4 7.42748
HR022 1997 02 3 0.0410884
HR022 1997 03 3 89.7345
HR022 1997 04 5 15.5215
HR022 1997 05 4 1.61618
HR022 1997 08 3 0.363285
HR022 1997 10 2 1.89289
HR022 1997 12 2 0.00569142
HR022 1998 02 2 68.4756
HR022 1998 03 2 106.385
HR022 1998 04 2 79.1392
HR022 1998 05 2 0.0123045
HR022 1998 08 5 15.9903
HR022 1999 03 5 31.834
HR022 1999 04 5 6.36827
HR022 1999 06 2 0.0154082
HR022 1999 08 2 0.0129648
HR022 1999 09 2 0.432603
HR022 1999 11 2 0.204504
HR022 2000 02 2 81.2253
HR022 2000 03 2 93.6803
HR022 2000 04 5 2.47067
HR022 2000 05 5 73.327
HR022 2000 06 5 78.4517
HR022 2000 07 5 54.7861
HR022 2000 08 5 156.905
HR022 2000 09 3 0.185728
HR022 2000 10 3 19.8322
HR022 2000 11 3 0.260545
HR022 2001 02 3 1.32899
HR022 2001 03 3 3.98161
HR022 2001 04 2 5.58422
HR022 2001 08 2 69.0912
HR022 2002 01 3 0.0208428
HR022 2002 02 3 217.687
HR022 2002 03 3 50.7295
HR022 2002 04 5 5.68491
HR022 2002 06 3 0.0679334
HR022 2002 07 2 37.6439
HR022 2002 08 2 0.0077385
HR022 2002 11 3 0.260727
HR022 2003 03 3 11.848
HR022 2003 04 3 142.301
HR022 2003 05 3 3.08466
HR022 2003 06 5 33.4708
HR022 2003 07 5 3.68578
HR022 2003 08 5 608.191
HR022 2003 09 3 0.205305
HR022 2004 03 3 16.6066
HR022 2004 04 4 213.449
HR022 2004 06 2 1.53433
HR022 2004 07 2 1.29065
HR022 2004 08 2 0.00130464
HR022 2004 09 2 0.877281
HR022 2005 01 3 9.12753
HR022 2005 03 4 1.05943
HR022 2005 04 4 10.1026
HR022 2005 05 2 0.0971073
HR022 2005 06 5 3.97248
HR022 2005 07 3 0.26212
HR022 2005 12 2 0.0333657
HR022 2006 01 2 0.304669
HR022 2006 02 3 0.383253
HR022 2006 03 3 25.35
HR022 2006 04 4 9.14038
HR022 2006 05 2 0.0380736
HR022 2006 06 3 0.0136404
HR022 2006 07 5 0.914105
HR022 2006 08 2 0.221294
HR022 2006 09 2 0.000829531
HR022 2006 11 4 1.34801
HR023 1996 02 2 0.0133044
HR023 1996 03 2 22.3835
HR023 1996 04 2 13.5328
HR023 1996 08 2 0.0177617
HR023 1997 02 2 0.0051245
HR023 1997 03 2 8.57084
HR023 1997 04 2 14.7237
HR023 1997 05 3 15.127
HR023 1998 02 3 582.913
HR023 1998 03 3 76.9028
HR023 1998 04 3 314.593
HR023 1998 05 3 10.7154
HR023 1998 07 3 23.753
HR023 1998 08 3 5.47121
HR023 1998 11 2 0.0537675
HR023 1999 02 2 0.0103791
HR023 1999 03 2 12.7879
HR023 1999 04 3 27.5008
HR023 1999 05 2 0.0145165
HR023 1999 08 2 11.6933
HR023 2000 02 2 185.008
HR023 2000 03 2 726.681
HR023 2000 04 5 10.0137
HR023 2000 06 5 664.956
HR023 2000 07 5 16.9164
HR023 2000 08 5 34.1118
HR023 2000 09 2 0.154153
HR023 2000 10 2 3.32736
HR023 2001 02 2 94.996
HR023 2001 03 2 4.74923
HR023 2001 04 2 0.000521008
HR023 2001 08 5 6.19989
HR023 2001 11 2 0.00266442
HR023 2002 02 2 290.911
HR023 2002 03 2 180.349
HR023 2002 04 2 522.56
HR023 2002 05 2 0.349758
HR023 2002 06 5 6.05123
HR023 2002 07 4 5.46068
HR023 2002 10 2 3.19068
HR023 2003 03 2 56.7173
HR023 2003 04 2 2.72449
HR023 2003 05 2 14.6809
HR023 2003 06 2 31.525
HR023 2003 07 2 9.89084
HR023 2003 08 2 252.673
HR023 2003 09 2 0.0585667
HR023 2003 10 2 0.0947368
HR023 2003 11 3 13.5859
HR023 2003 12 2 1.63574
HR023 2004 01 3 21.5952
HR023 2004 03 3 16.1485
HR023 2004 04 3 1.40132
HR023 2004 06 2 0.135617
HR023 2004 07 2 38.0916
HR023 2004 08 3 3.53369
HR023 2004 09 4 1.17314
HR023 2004 11 2 0.886403
HR023 2004 12 2 0.187612
HR023 2005 01 3 0.00922583
HR023 2005 03 3 7.4766
HR023 2005 04 3 130.934
HR023 2005 05 2 0.800808
HR023 2005 07 2 0.00163717
HR023 2005 08 4 0.176869
HR023 2005 09 2 0.00203634
HR023 2005 10 2 0.140625
HR023 2005 11 2 0.00931146
HR023 2005 12 4 0.0453085
HR023 2006 02 2 1.58478
HR023 2006 03 2 27.2746
HR023 2006 04 2 6.99052
HR023 2006 06 2 0.230696
HR023 2006 07 2 2.44671
HR023 2006 08 5 15.594
HR023 2006 09 2 0.00343508
HR023 2006 10 2 0.010406
HR023 2006 11 4 7.3914
HR023 2006 12 2 0.0230772
HR024 1996 02 2 44.6085
HR024 1996 03 2 12.1843
HR024 1996 04 2 19.4731
HR024 1996 06 4 53.9696
HR024 1996 07 2 0.000604238
HR024 1996 08 3 0.158901
HR024 1996 09 2 0.0938964
HR024 1996 10 2 0.00432039
HR024 1997 02 2 47.3962
HR024 1997 03 2 384.135
HR024 1997 04 2 14.3155
HR024 1997 05 5 0.263578
HR024 1997 06 2 0.0102494
HR024 1997 08 4 4.18728
HR024 1997 09 3 0.53697
HR024 1997 11 3 0.0134241
HR024 1998 02 3 2210.41
HR024 1998 03 3 93.5414
HR024 1998 04 3 6.34728
HR024 1998 05 2 25.0007
HR024 1998 06 3 0.414468
HR024 1998 07 3 7.95153
HR024 1998 08 3 3.89319
HR024 1998 11 3 73.1653
HR024 1999 03 3 75.9788
HR024 1999 05 2 3.23323
HR024 1999 07 3 0.199077
HR024 1999 08 2 3.44625
HR024 2000 02 2 85.2408
HR024 2000 03 2 659.504
HR024 2000 05 2 0.286261
HR024 2000 06 2 756.112
HR024 2000 07 2 6.3625
HR024 2000 08 2 45.1275
HR024 2000 09 3 1.40484
HR024 2000 10 2 0.0718038
HR024 2001 02 2 0.00150201
HR024 2001 03 4 3.08878
HR024 2001 04 2 0.0021813
HR024 2001 05 2 0.0145253
HR024 2001 06 2 0.213962
HR024 2001 07 2 0.655295
HR024 2001 08 2 16.4086
HR024 2001 10 2 0.56462
HR024 2002 01 2 0.143491
HR024 2002 02 5 2.19373
HR024 2002 03 5 72.1561
HR024 2002 04 3 48.5113
HR024 2002 07 3 448.39
HR024 2002 08 3 0.134698
HR024 2002 09 2 2.50646
HR024 2003 02 2 0.0136876
HR024 2003 03 2 58.0468
HR024 2003 04 2 7.75199
HR024 2003 06 5 6.56816
HR024 2003 07 5 1.81956
HR024 2003 08 5 37.7012
HR024 2003 09 5 6.4594
HR024 2003 10 3 30.0264
HR024 2003 11 2 0.013284
HR024 2004 03 2 1177.2
HR024 2004 04 2 0.0079245
HR024 2004 06 2 0.00584769
HR024 2004 07 2 9.61564
HR024 2004 09 3 0.00644118
HR024 2004 11 2 0.022743
HR024 2005 03 4 11.5947
HR024 2005 04 4 21.8595
HR024 2005 05 2 0.667115
HR024 2005 06 3 0.255153
HR024 2005 09 2 0.00113727
HR024 2005 10 2 0.0869301
HR024 2006 02 4 5.0013
HR024 2006 03 4 54.7388
HR024 2006 04 3 2.68973
HR024 2006 05 2 0.0156192
HR024 2006 07 2 0.0791605
HR024 2006 08 2 0.000823258
HR024 2006 09 2 0.00665669
HR024 2006 10 5 0.817577
HR024 2006 11 5 11.1167
HR025 1996 02 2 8.45613
HR025 1996 03 2 5.99881
HR025 1996 04 2 27.224
HR025 1996 05 3 5.06545
HR025 1996 06 3 2.48168
HR025 1996 07 4 159.985
HR025 1996 08 3 1.03398
HR025 1996 09 2 0.0318783
HR025 1996 10 2 0.00196194
HR025 1997 02 3 7.52459
HR025 1997 03 3 109.613
HR025 1997 04 3 1.44881
HR025 1997 05 5 15.4427
HR025 1997 06 3 0.00943725
HR025 1997 07 2 0.0116674
HR025 1997 08 3 0.18655
HR025 1997 09 3 589.543
HR025 1997 10 5 25.1057
HR025 1997 11 2 28.4342
HR025 1997 12 3 0.00306415
HR025 1998 01 3 0.00301397
HR025 1998 02 3 359.683
HR025 1998 03 3 377.206
HR025 1998 04 3 83.0651
HR025 1998 05 5 33.049
HR025 1998 07 5 5.27701
HR025 1998 08 5 8.31563
HR025 1998 09 2 1.00889
HR025 1998 10 4 6.69486
HR025 1998 11 4 86.7952
HR025 1998 12 3 13.6735
HR025 1999 01 2 1.12877
HR025 1999 02 5 0.0708043
HR025 1999 03 5 96.2102
HR025 1999 04 5 100.728
HR025 1999 05 5 1.8254
HR025 1999 06 4 0.00872463
HR025 1999 07 4 4.05943
HR025 1999 08 4 172.827
HR025 1999 09 5 1.90503
HR025 1999 10 3 1.50285
HR025 1999 11 2 0.00271481
HR025 1999 12 3 0.0748662
