PT171 2000 02 89 12.5008
PT171 2000 03 89 30.1212
PT171 2000 04 3 0.0343002
PT171 2000 05 3 2.12424
PT171 2000 06 265 88.9573
PT171 2000 07 396 241.95
PT171 2000 08 688 642.114
PT171 2000 09 595 396.286
PT171 2000 10 402 222.134
PT171 2000 11 402 5.86271
PT171 2000 12 3 0.0126085
PT171 2001 02 3 5.06146
PT171 2001 04 3 4.38178
PT171 2001 05 3 1.8762
PT171 2001 06 154 34.078
PT171 2001 07 260 59.5735
PT171 2001 08 303 215.011
PT171 2001 09 356 711.517
PT171 2001 10 356 24.9949
PT171 2001 11 356 66.4882
PT171 2001 12 356 44.5031
PT171 2002 01 5 0.0684362
PT171 2002 02 5 5.96513
PT171 2002 03 5 1.8609
PT171 2002 04 5 4.47211
PT171 2002 05 5 26.5176
PT171 2002 06 231 102.055
PT171 2002 07 459 937.503
PT171 2002 08 268 163.098
PT171 2002 09 115 48.0774
PT171 2002 10 115 6.56058
PT171 2002 11 115 0.322499
PT171 2003 01 5 0.630859
PT171 2003 02 5 0.566122
PT171 2003 03 5 4.16102
PT171 2003 04 5 5.04374
PT171 2003 05 5 22.5005
PT171 2003 06 163 29.2927
PT171 2003 07 289 460.502
PT171 2003 08 285 156.827
PT171 2003 09 265 3998.61
PT171 2003 10 265 24.0362
PT171 2003 11 265 1.74521
PT171 2003 12 2 0.617405
PT171 2004 01 2 0.0108905
PT171 2004 02 2 0.823913
PT171 2004 03 2 4.01713
PT171 2004 04 2 3.72
PT171 2004 05 2 6.89892
PT171 2004 06 180 81.0336
PT171 2004 07 307 615.041
PT171 2004 08 159 151.282
PT171 2004 09 191 95.6717
PT171 2004 10 144 275.75
PT171 2004 11 144 32.1238
PT171 2004 12 144 15.7928
PT171 2005 01 144 28.7242
PT171 2005 02 144 56.8594
PT171 2005 03 144 19.1522
PT171 2005 04 144 2.45588
PT171 2005 05 144 15.7959
PT171 2005 06 153 62.5165
PT171 2005 07 202 535.268
PT171 2005 08 234 811.037
PT171 2005 09 132 111.612
PT171 2005 10 88 37.7055
PT171 2005 11 88 0.469021
PT171 2005 12 88 3.65049
PT171 2006 01 88 1.43123
PT171 2006 02 88 0.924951
PT171 2006 03 88 3.03731
PT171 2006 04 88 0.828222
PT171 2006 05 97 10.9232
PT171 2006 06 143 19.172
PT171 2006 07 183 49.0485
PT171 2006 08 279 72.4127
PT171 2006 09 136 52.1562
PT171 2006 10 136 3.99764
PT171 2007 01 2 0.0437028
PT171 2007 02 4 0.00698883
PT171 2007 03 4 1.24474
PT171 2007 04 4 5.90541
PT171 2007 05 4 1.95381
PT171 2007 06 4 10.7579
PT171 2007 07 123 34.3733
PT171 2007 08 183 156.479
PT171 2007 09 127 40.5991
PT171 2007 10 130 94.7423
PT171 2007 11 155 143.061
PT171 2007 12 155 6.46318
PT172 1980 06 3 5.34905
PT172 1980 07 3 336.489
PT172 1980 08 3 66.7228
PT172 1980 09 3 98.5024
PT172 1980 10 4 9.05427
PT172 1981 01 4 5.03455
PT172 1981 02 4 9.5338
PT172 1981 03 3 0.868566
PT172 1981 04 2 0.40932
PT172 1981 05 2 2.41171
PT172 1981 06 2 28.2418
PT172 1981 07 102 648.847
PT172 1981 08 102 63.5553
PT172 1981 09 102 20.7525
PT172 1981 10 102 5.75204
PT172 1981 11 102 7.45907
PT172 1981 12 2 0.0716264
PT172 1982 05 2 0.0760787
PT172 1982 06 2 1.36265
PT172 1982 07 2 15.9534
PT172 1982 08 2 30.4635
PT172 1982 09 2 7.99347
PT172 1983 06 2 0.131912
PT172 1983 07 2 34.698
PT172 1983 08 2 20.0483
PT172 1983 09 2 50.8872
PT172 1983 10 2 0.294427
PT172 1984 01 2 0.128483
PT172 1984 02 2 0.661642
PT172 1984 03 2 1.21757
PT172 1984 04 2 0.951559
PT172 1984 05 4 0.289068
PT172 1984 06 4 7.87268
PT172 1984 07 4 24.685
PT172 1984 08 4 176.375
PT172 1984 09 4 14.4615
PT172 1985 09 2 0.331704
PT172 1986 05 2 1.64458
PT172 1987 06 2 3.17022
PT172 1987 08 2 0.451466
PT172 1989 09 2 0.230196
PT172 1991 05 2 0.0507035
PT172 1991 06 2 0.0109948
PT172 1992 08 2 57.5445
PT172 1992 09 2 35.393
PT172 1992 10 4 1.23499
PT172 1993 06 4 19.8936
PT172 1993 07 4 300.392
PT172 1993 08 4 35.0507
PT172 1993 09 4 1.52906
PT172 1994 02 2 1.16064
PT172 1994 06 2 14.1378
PT172 1994 07 2 19.6037
PT172 1994 08 2 32.6986
PT172 1994 09 2 37.7414
PT172 1995 05 2 0.0290732
PT172 1995 06 164 166.953
PT172 1995 07 183 282.284
PT172 1995 08 178 103.575
PT172 1995 09 88 29.865
PT172 1995 10 88 17.3102
PT172 1996 01 2 0.00274176
PT172 1996 03 4 0.141355
PT172 1996 04 3 0.0143797
PT172 1996 05 3 6.3917
PT172 1996 06 86 146.859
PT172 1996 07 157 72.0139
PT172 1996 08 106 70.8175
PT172 1996 09 85 18.0286
PT172 1996 10 85 26.6737
PT172 1996 11 85 1.66554
PT172 1997 03 4 1.00661
PT172 1997 04 4 0.679154
PT172 1997 05 4 1.88416
PT172 1997 06 4 3.47923
PT172 1997 07 94 16.1185
PT172 1997 08 84 7.88927
PT172 1997 09 130 44.4796
PT172 1997 10 130 23.8008
PT172 1997 11 2 0.0051934
PT172 1998 01 2 0.00389841
PT172 1998 02 2 0.0740395
PT172 1998 03 2 3.16377
PT172 1998 04 2 0.112885
PT172 1998 05 2 4.77516
PT172 1998 06 122 24.7228
PT172 1998 07 225 41.6163
PT172 1998 08 228 78.2536
PT172 1998 09 108 28.673
PT172 1998 10 108 17.3297
PT172 1998 11 108 10.292
PT172 1998 12 108 19.3823
PT172 1999 01 108 0.133517
PT172 1999 02 108 3.17038
PT172 1999 03 108 5.13197
PT172 1999 04 108 6.375
PT172 1999 05 108 5.19893
PT172 1999 06 93 29.3447
PT172 1999 07 146 30.2626
PT172 1999 08 137 17.3574
PT172 1999 09 82 10.8536
PT172 1999 10 82 5.40983
PT172 1999 11 82 0.56056
PT172 1999 12 4 0.0476992
PT172 2000 01 4 0.863973
PT172 2000 02 4 0.808593
PT172 2000 03 4 2.07914
PT172 2000 04 4 0.854547
PT172 2000 05 4 0.353835
PT172 2000 06 169 53.7576
PT172 2000 07 232 216.419
PT172 2000 08 248 189.34
PT172 2000 09 173 205.325
PT172 2000 10 89 66.1004
PT172 2000 11 89 2.64908
PT172 2000 12 5 0.0353793
PT172 2001 02 5 1.71197
PT172 2001 03 3 0.057169
PT172 2001 04 3 8.51802
PT172 2001 05 3 5.14195
PT172 2001 06 93 68.6246
PT172 2001 07 99 199.839
PT172 2001 08 99 28.1095
PT172 2001 09 99 17.7986
PT172 2001 10 99 3.20706
PT172 2001 11 99 9.30665
PT172 2001 12 99 1.13444
PT172 2002 01 99 0.173462
PT172 2002 02 99 3.72979
PT172 2002 03 99 2.07114
PT172 2002 04 99 1.47606
PT172 2002 05 99 41.5861
PT172 2002 06 108 99.1771
PT172 2002 07 143 271.638
PT172 2002 08 109 66.8731
PT172 2002 09 109 18.3809
PT172 2002 10 5 3.82277
PT172 2002 11 4 0.810202
PT172 2002 12 2 0.00144644
PT172 2003 01 2 0.372123
PT172 2003 02 2 0.0597391
PT172 2003 03 2 3.62646
PT172 2003 04 2 4.07215
PT172 2003 05 2 10.6404
PT172 2003 06 95 89.9827
PT172 2003 07 119 85.4066
PT172 2003 08 119 340.484
PT172 2003 09 119 31.5409
PT172 2003 10 119 6.95713
PT172 2003 11 2 0.0735735
PT172 2003 12 3 0.0222206
PT172 2004 01 4 0.0320472
PT172 2004 02 2 0.629855
PT172 2004 03 2 3.1242
PT172 2004 04 2 0.737443
PT172 2004 05 2 10.7504
PT172 2004 06 97 88.1376
PT172 2004 07 110 1889.53
PT172 2004 08 110 127.526
PT172 2004 09 110 12.2728
PT172 2004 10 110 188.855
PT172 2004 11 110 0.60726
PT172 2004 12 110 0.720143
PT172 2005 01 110 1.34105
PT172 2005 02 110 5.46502
PT172 2005 03 110 13.8937
PT172 2005 04 110 16.091
PT172 2005 05 110 18.717
PT172 2005 06 110 30.5987
PT172 2005 07 110 252.461
PT172 2005 08 110 15.6868
PT172 2005 09 110 1.63877
PT172 2005 10 110 1.13197
PT172 2005 11 3 0.00235578
PT172 2005 12 3 0.061778
PT172 2006 01 3 0.0538595
PT172 2006 02 3 0.0231788
PT172 2006 03 3 0.173545
PT172 2006 04 3 1.66562
PT172 2006 05 3 14.3558
PT172 2006 06 107 16.2266
PT172 2006 07 119 30.5401
PT172 2006 08 127 40.3692
PT172 2006 09 90 24.3409
PT172 2006 10 90 1.11085
PT172 2006 11 90 0.00736037
PT172 2006 12 90 0.073359
PT172 2007 01 4 0.00174047
PT172 2007 02 4 0.00255364
PT172 2007 03 4 1.22988
PT172 2007 04 4 0.22364
PT172 2007 05 4 5.61927
PT172 2007 06 4 10.1704
PT172 2007 07 4 207.803
PT172 2007 08 4 130.732
PT172 2007 09 4 5.69075
PT172 2007 10 4 0.754839
PT172 2007 11 4 0.691171
PT172 2007 12 4 0.759959
PT181 1980 03 2 2.45387
PT181 1980 04 2 0.108958
PT181 1980 05 2 0.103602
PT181 1980 06 2 17.334
PT181 1980 07 2 228.442
PT181 1980 08 2 137.171
PT181 1980 09 2 155.413
PT181 1980 10 2 53.3192
PT181 1981 01 2 68.5486
PT181 1981 02 2 2.96531
PT181 1981 03 2 8.90097
PT181 1981 04 2 314.937
PT181 1981 05 5 1.6211
PT181 1981 06 5 14.4766
PT181 1981 07 5 5533.48
PT181 1981 08 5 52.2955
PT181 1981 09 5 44.1423
PT181 1981 10 5 13.841
PT181 1981 11 5 5.5919
PT181 1982 06 5 4.28348
PT181 1982 07 5 9.96278
PT181 1982 08 5 11.511
PT181 1982 09 5 19.1355
PT181 1983 06 3 416.458
PT181 1983 07 3 29.1208
PT181 1983 08 3 11.0782
PT181 1983 09 3 106.714
PT181 1983 10 3 12.327
PT181 1984 02 2 1.35897
PT181 1984 03 3 3.2122
PT181 1984 05 2 2.57976
PT181 1984 06 2 1.29344
PT181 1984 07 5 27.2515
PT181 1984 08 3 26.2487
PT181 1984 09 3 2.08036
PT181 1984 10 3 11.2456
PT181 1985 01 2 1.25458
PT181 1985 02 2 0.67176
PT181 1985 03 4 2.48188
PT181 1985 04 4 2.03445
PT181 1985 05 2 2.94298
PT181 1985 06 2 12.5555
PT181 1985 07 2 195.259
PT181 1985 08 2 573.684
PT181 1985 09 2 51.403
PT181 1985 10 2 287.22
PT181 1985 11 2 12.9499
PT181 1985 12 2 0.155604
PT181 1986 03 3 2.88271
PT181 1986 04 3 2.39179
PT181 1986 05 3 2.0381
PT181 1986 06 5 8.73454
PT181 1986 07 2 4.44296
PT181 1986 08 3 87.898
PT181 1986 09 2 1.06554
PT181 1986 11 2 1.3729
PT181 1987 03 2 3.09777
PT181 1987 05 4 9.40636
PT181 1987 06 4 64.1705
PT181 1987 07 2 1.45361
PT181 1987 08 2 118.869
PT181 1987 09 2 89.1492
PT181 1988 07 5 83.8977
PT181 1988 08 5 149.789
PT181 1988 09 5 64.3773
PT181 1988 10 4 23.984
PT181 1989 05 2 26.9066
PT181 1989 06 4 6.7593
PT181 1990 05 5 18.4626
PT181 1992 01 2 0.0132419
PT181 1992 04 2 0.53938
PT181 1992 05 3 1.29964
PT181 1992 06 3 1.79765
PT181 1992 07 3 8.52184
PT181 1992 08 3 30.7496
PT181 1992 09 3 150.047
PT181 1992 10 3 4.49953
PT181 1993 06 3 6.65086
PT181 1993 07 3 3.34119
PT181 1993 08 3 23.4753
PT181 1993 09 3 3.54352
PT181 1994 01 3 1.77615
PT181 1994 02 3 1.42312
PT181 1994 03 3 13.585
PT181 1994 04 3 19.1224
PT181 1994 05 3 22.3753
PT181 1994 06 3 82.2787
PT181 1994 07 3 113.602
PT181 1994 08 3 384.931
PT181 1994 09 3 45.6127
PT181 1994 10 3 11.4163
PT181 1995 01 3 1.72157
PT181 1995 02 3 1.14316
PT181 1995 03 3 67.8442
PT181 1995 04 3 47.5747
PT181 1995 05 3 172.511
PT181 1995 06 3 171.996
PT181 1995 07 3 2386.45
PT181 1995 08 3 77.2307
PT181 1995 09 3 48.8943
PT181 1995 10 3 104.421
PT181 1996 02 3 4.23112
PT181 1996 03 4 0.00985905
PT181 1996 04 2 0.024433
PT181 1996 05 4 0.684946
PT181 1996 06 4 125.155
PT181 1996 07 4 155.157
PT181 1996 08 4 26.396
PT181 1996 09 4 7.27719
PT181 1996 10 4 44.3462
PT181 1996 11 4 25.1083
PT181 1996 12 3 0.0125649
PT181 1997 01 2 0.106981
PT181 1997 02 5 1.08002
PT181 1997 03 5 10.4726
PT181 1997 04 5 27.9428
PT181 1997 05 5 30.4891
PT181 1997 06 5 32.5359
PT181 1997 07 5 45.0376
PT181 1997 08 5 25.7701
PT181 1997 09 5 15.4565
PT181 1997 10 5 16.3949
PT181 1997 12 2 0.0015964
PT181 1998 01 2 0.00135291
PT181 1998 02 2 1.40697
PT181 1998 03 2 4.88669
PT181 1998 04 2 1.40403
PT181 1998 05 5 0.760785
PT181 1998 06 5 64.2579
PT181 1998 07 5 21.1658
PT181 1998 08 5 1159.59
PT181 1998 09 5 0.00515721
PT181 1998 10 5 4.10236
PT181 1998 11 5 6.94369
PT181 1999 02 2 1.28027
PT181 1999 03 3 5.51796
PT181 1999 04 4 1.43525
PT181 1999 05 3 2.9475
PT181 1999 06 3 99.0185
PT181 1999 07 3 149.766
PT181 1999 08 3 10.7668
PT181 1999 09 3 20.162
PT181 1999 10 3 13.7983
PT181 1999 11 3 0.0017905
PT181 2000 02 3 0.49365
PT181 2000 03 3 0.718025
PT181 2000 04 3 1.11735
PT181 2000 06 3 2.37247
PT181 2000 07 3 133.305
PT181 2000 08 3 262.699
PT181 2000 09 3 17.3242
PT181 2000 10 3 15.2548
PT181 2001 02 2 0.0439592
PT181 2001 03 2 3.20353
PT181 2001 04 2 12.5044
PT181 2001 05 2 4.85018
PT181 2001 06 2 92.0272
PT181 2001 07 2 310.964
PT181 2001 08 2 250.449
PT181 2001 09 2 5.00088
PT181 2001 10 5 10.0771
PT181 2001 11 5 9.73935
PT181 2001 12 2 2.80618
PT181 2002 01 3 1.15364
PT181 2002 02 3 3.12972
PT181 2002 03 3 0.48459
PT181 2002 04 3 3.81338
PT181 2002 05 3 63.8361
PT181 2002 06 3 102.117
PT181 2002 07 3 197.042
PT181 2002 08 3 644.817
PT181 2002 09 3 8.61144
PT181 2002 10 2 0.55947
PT181 2003 01 2 1.96427
PT181 2003 02 3 0.719737
PT181 2003 03 3 1.56739
PT181 2003 04 3 2.56292
PT181 2003 05 3 33.1221
PT181 2003 06 3 435.781
PT181 2003 07 3 100.563
PT181 2003 08 3 12741.3
PT181 2003 09 3 11647.6
PT181 2003 10 3 12.4468
PT181 2004 01 2 0.537239
PT181 2004 02 2 2.68514
PT181 2004 03 4 3.4505
PT181 2004 04 4 71.8766
PT181 2004 05 3 0.0101841
PT181 2004 06 3 286.983
PT181 2004 07 3 736.168
PT181 2004 08 3 356.619
PT181 2004 09 3 29.0581
PT181 2004 10 3 27.7635
PT181 2004 11 3 0.772371
PT181 2004 12 3 0.0187186
PT181 2005 01 3 10.5024
PT181 2005 02 3 10.1799
PT181 2005 03 3 273.385
PT181 2005 04 3 4.25936
PT181 2005 05 3 81.2573
PT181 2005 06 3 368.809
PT181 2005 07 3 355.364
PT181 2005 08 3 26.786
PT181 2005 09 3 50.7379
PT181 2005 10 5 264.762
PT181 2005 11 3 0.915701
PT181 2005 12 3 0.0205492
PT181 2006 01 2 1.17227
PT181 2006 02 2 0.221664
PT181 2006 03 4 0.0798236
PT181 2006 04 5 13.5086
PT181 2006 05 5 16.0117
PT181 2006 06 5 122.737
PT181 2006 07 5 290.56
PT181 2006 08 5 40.4434
PT181 2006 09 5 5.66024
PT181 2006 10 5 0.119401
PT181 2006 11 4 0.00336321
PT181 2006 12 2 0.000812763
PT181 2007 01 5 0.00371003
PT181 2007 02 4 0.881118
PT181 2007 03 4 3.35972
PT181 2007 04 5 3.39655
PT181 2007 05 5 4.40016
PT181 2007 06 4 1.6896
PT181 2007 07 4 535.815
PT181 2007 08 4 15.7349
PT181 2007 09 4 3.2338
PT181 2007 10 4 2.82553
PT181 2007 11 4 3.9153
PT181 2007 12 4 8.23374
PT182 1980 06 3 13.9731
PT182 1980 07 3 29.1992
PT182 1980 08 3 31.9004
PT182 1980 09 2 0.754177
PT182 1980 10 5 15.2416
PT182 1980 11 2 2.63937
PT182 1980 12 2 7.1956
PT182 1981 01 4 6.76298
PT182 1981 02 4 26.4749
PT182 1981 03 2 3.74925
PT182 1981 05 3 3.06774
PT182 1981 06 3 28.4704
PT182 1981 07 3 2221.67
PT182 1981 08 5 33.3514
PT182 1981 09 5 177.045
PT182 1981 10 2 0.531816
PT182 1981 11 2 19.3398
PT182 1981 12 2 3.14043
PT182 1982 06 2 5.73071
PT182 1982 07 2 31.0279
PT182 1982 08 2 34.5528
PT182 1982 09 2 19.359
PT182 1983 07 2 44.2775
PT182 1983 08 2 130.785
PT182 1983 09 2 302.899
PT182 1983 10 2 17.8133
PT182 1984 03 2 1.24695
PT182 1984 07 2 81.5493
PT182 1984 08 2 22.385
PT182 1984 09 2 20.0862
PT182 1984 10 2 284.386
PT182 1985 03 4 1.99249
PT182 1985 04 4 2.07488
PT182 1985 05 3 0.197114
PT182 1985 06 3 1.44723
PT182 1985 07 3 95.2972
PT182 1985 08 3 180.136
PT182 1985 09 3 56.6209
PT182 1985 10 3 168.566
PT182 1985 11 3 17.4684
PT182 1985 12 3 2.99008
PT182 1986 03 2 0.0720711
PT182 1986 05 5 3.62796
PT182 1986 06 5 45.8717
PT182 1986 07 93 4316.48
PT182 1986 08 93 434.475
PT182 1987 06 2 1.07107
PT182 1989 08 2 0.309141
PT182 1989 09 2 2.04596
PT182 1992 06 2 1.61012
PT182 1992 07 2 1068.78
PT182 1992 08 2 80.4705
PT182 1992 09 2 191.828
PT182 1992 10 2 5.04525
PT182 1993 06 2 1.88724
PT182 1993 07 2 23.6513
PT182 1993 08 2 71.2674
PT182 1993 09 5 104.048
PT182 1994 01 4 2.40116
PT182 1994 02 3 2.87778
PT182 1994 03 3 2.86595
PT182 1994 04 3 20.9044
PT182 1994 05 3 40.2992
PT182 1994 06 3 33.5081
PT182 1994 07 3 155.222
PT182 1994 08 3 125.689
PT182 1994 09 3 341.948
PT182 1994 10 3 39.7846
PT182 1995 01 3 1.88288
PT182 1995 02 4 7.50029
PT182 1995 03 4 3.90808
PT182 1995 04 4 30.7501
PT182 1995 05 4 28.7939
PT182 1995 06 4 60.0054
PT182 1995 07 4 354.19
PT182 1995 08 4 117.512
PT182 1995 09 4 18.1537
PT182 1995 10 5 6.7923
PT182 1996 02 3 0.00192318
PT182 1996 03 4 0.646374
PT182 1996 04 4 1.77076
PT182 1996 05 4 2.1824
PT182 1996 06 4 536.749
PT182 1996 07 4 92.9822
PT182 1996 08 4 162.596
PT182 1996 09 4 50.2936
PT182 1996 10 4 61.2594
PT182 1996 11 4 1.0214
PT182 1996 12 2 0.00119825
PT182 1997 01 2 0.00132172
PT182 1997 02 2 2.14037
PT182 1997 03 2 5.41509
PT182 1997 04 2 3.36945
PT182 1997 05 2 5.28055
PT182 1997 06 2 1.90727
PT182 1997 07 2 19.6078
PT182 1997 08 2 22.3451
PT182 1997 09 2 19.1279
PT182 1997 10 4 0.701522
PT182 1998 02 4 1.44128
PT182 1998 03 4 3.96066
PT182 1998 04 2 1.37039
PT182 1998 05 5 2.14384
PT182 1998 06 5 2.6674
PT182 1998 07 5 165.53
PT182 1998 08 5 88.7753
PT182 1998 09 5 2.08723
PT182 1998 10 5 7.48912
PT182 1998 11 3 0.305887
PT182 1998 12 2 0.0290124
PT182 1999 01 2 3.45342
PT182 1999 02 2 8.43297
PT182 1999 03 3 0.654593
PT182 1999 04 3 17.1373
PT182 1999 05 4 3.95697
PT182 1999 06 4 12.3488
PT182 1999 07 4 578.522
PT182 1999 08 4 24.6524
PT182 1999 09 4 5.91369
PT182 1999 10 4 19.2026
PT182 1999 11 4 0.559205
PT182 2000 01 2 0.000797063
PT182 2000 02 3 0.00147191
PT182 2000 03 3 2.76468
PT182 2000 06 3 14.8512
PT182 2000 07 3 21.652
PT182 2000 08 3 532.702
PT182 2000 09 3 52.9091
PT182 2000 10 3 30.2675
PT182 2001 02 2 0.294831
PT182 2001 05 3 4.46793
PT182 2001 06 3 393.759
PT182 2001 07 3 1061.07
PT182 2001 08 3 716.328
PT182 2001 09 3 46.2655
PT182 2002 02 3 0.425146
PT182 2002 03 2 0.469063
PT182 2002 04 3 3.03795
PT182 2002 05 3 13.3465
PT182 2002 06 3 197.898
PT182 2002 07 3 470.348
PT182 2002 08 3 90.3346
PT182 2002 09 3 3.67997
PT182 2003 02 3 2.305
PT182 2003 03 2 0.553715
PT182 2003 05 5 5.55874
PT182 2003 06 5 233.35
PT182 2003 07 5 33496.7
PT182 2003 08 5 49998.8
PT182 2003 09 4 8.87477
PT182 2004 04 3 1.11805
PT182 2004 06 3 326.256
PT182 2004 07 3 442.714
PT182 2004 08 3 146.545
PT182 2004 09 5 3.64227
PT182 2004 10 5 12.0451
PT182 2004 11 3 0.0241672
PT182 2004 12 2 0.470666
PT182 2005 01 5 0.00433264
PT182 2005 02 5 7.10558
PT182 2005 03 5 6.29641
PT182 2005 04 5 3.60531
PT182 2005 05 5 10.0306
PT182 2005 06 5 20.3091
PT182 2005 07 5 499.243
PT182 2005 08 5 786.911
PT182 2005 09 5 315.385
PT182 2005 10 4 1.32495
PT182 2006 01 3 0.504
PT182 2006 02 2 1.20143
PT182 2006 03 2 0.786806
PT182 2006 04 2 1.57252
PT182 2006 05 2 4.17805
PT182 2006 06 2 25.3418
PT182 2006 07 2 1479.02
PT182 2006 08 2 143.22
PT182 2006 09 2 16.539
PT182 2006 10 2 0.0115325
PT182 2007 03 4 0.723101
PT182 2007 04 5 3.47998
PT182 2007 05 5 1.27998
PT182 2007 06 5 26.5674
PT182 2007 07 5 679.222
PT182 2007 08 5 67.6421
PT182 2007 09 5 65.7164
PT182 2007 10 5 2.39569
PT182 2007 11 5 6.63608
PT183 1980 02 2 0.148374
PT183 1980 03 2 2.67398
PT183 1980 06 2 465.387
PT183 1980 07 2 732.412
PT183 1980 08 2 148.372
PT183 1980 09 2 348.056
PT183 1980 10 3 21.1674
PT183 1980 12 2 3.68224
PT183 1981 01 5 8.81645
PT183 1981 02 4 28.3582
PT183 1981 03 2 0.905058
PT183 1981 05 2 3.34089
PT183 1981 06 2 4.41409
PT183 1981 07 2 35.601
PT183 1981 08 2 12.8901
PT183 1981 09 4 15.1219
PT183 1981 10 4 14.4835
PT183 1981 11 5 13.0118
PT183 1981 12 5 3.86207
PT183 1982 06 5 6.80359
PT183 1982 07 5 20.4507
PT183 1982 08 5 20.4075
PT183 1982 09 5 15.0321
PT183 1983 05 2 8.00639
PT183 1983 07 2 16.2495
PT183 1983 08 2 12.6209
PT183 1983 09 2 23.6345
PT183 1983 10 2 128.331
PT183 1984 07 2 70.0716
PT183 1985 05 2 1.49805
PT183 1985 06 2 20.424
PT183 1985 07 2 90.3922
PT183 1985 08 2 97.9944
PT183 1985 09 2 75.4268
PT183 1985 10 2 55.1133
PT183 1985 11 2 19.3458
PT183 1986 07 2 109.897
PT183 1986 08 2 16.0379
PT183 1989 10 2 10.5067
PT183 1991 06 2 0.0706825
PT183 1991 07 2 0.393615
PT183 1992 07 3 207.329
PT183 1992 08 3 414.664
PT183 1992 09 3 59.3107
PT183 1992 10 3 4.61044
PT183 1993 06 2 0.854037
PT183 1993 07 2 690.208
PT183 1993 08 3 82.5317
PT183 1993 09 2 13.3293
PT183 1994 01 2 0.359451
PT183 1994 03 2 11.0649
PT183 1994 04 2 17.4103
PT183 1994 05 2 17.9693
PT183 1994 06 2 212.527
PT183 1994 07 2 411.024
PT183 1994 08 85 582.422
PT183 1994 09 85 175.176
PT183 1994 10 85 97.217
PT183 1995 01 2 0.68039
PT183 1995 02 2 0.00502119
PT183 1995 03 2 69.6833
PT183 1995 04 2 33.8432
PT183 1995 05 2 47.4724
PT183 1995 06 2 93.7088
PT183 1995 07 2 88.7037
PT183 1995 08 2 77.1546
PT183 1995 09 2 109.2
PT183 1995 10 2 21.7762
PT183 1996 03 2 0.06648
PT183 1996 04 3 1.08548
PT183 1996 05 2 1.96677
PT183 1996 06 2 119.907
PT183 1996 07 2 1232.86
PT183 1996 08 2 185.732
PT183 1996 09 2 92.2374
PT183 1996 10 2 218.143
PT183 1997 03 5 3.09813
PT183 1997 04 4 4.33911
PT183 1997 05 5 8.62841
PT183 1997 06 5 1.97461
PT183 1997 07 5 58.6576
PT183 1997 08 5 26.7547
PT183 1997 09 5 25.828
PT183 1997 10 5 5.56659
PT183 1998 03 5 4.9154
PT183 1998 04 2 0.00131604
PT183 1998 05 3 1.91961
PT183 1998 06 5 2.15803
PT183 1998 07 3 1.15224
PT183 1998 08 3 12.2228
PT183 1998 09 2 0.00101368
PT183 1998 10 3 2.72618
PT183 1998 11 2 0.000679598
PT183 1999 02 2 0.697974
PT183 1999 04 2 1.429
PT183 1999 06 2 6.2196
PT183 1999 08 4 0.00240011
PT183 1999 09 2 0.573315
PT183 1999 10 2 0.351891
PT183 1999 11 4 0.680295
PT183 2000 01 2 0.00131858
PT183 2000 04 2 0.259515
PT183 2000 06 2 0.00143268
PT183 2000 07 4 8.71318
PT183 2000 08 4 30.9414
PT183 2000 09 4 31.7538
PT183 2000 10 4 2.47844
PT183 2000 11 2 0.643985
PT183 2001 04 2 0.499011
PT183 2001 06 2 225.838
PT183 2001 07 2 692.626
PT183 2001 08 2 44.1701
PT183 2002 02 2 0.642905
PT183 2002 03 3 6.69525
PT183 2002 04 3 8.93594
PT183 2002 05 3 12.9719
PT183 2002 06 3 63.0509
PT183 2002 07 3 1101.66
PT183 2002 08 3 1040
PT183 2002 09 3 134.08
PT183 2003 04 2 3.3947
PT183 2003 06 5 11.8091
PT183 2003 07 5 88.867
PT183 2003 08 5 9262.68
PT183 2003 09 5 177.841
PT183 2004 05 3 3.07531
PT183 2004 06 3 2163.04
PT183 2004 07 3 1814.73
PT183 2004 08 2 10.3642
PT183 2004 09 3 56.2153
PT183 2005 01 3 3.98521
PT183 2005 02 4 3.87289
PT183 2005 03 4 2.17182
PT183 2005 04 4 5.41652
PT183 2005 05 2 0.546959
PT183 2005 06 2 42.2472
PT183 2005 07 2 794.897
PT183 2005 08 2 603.917
PT183 2005 09 4 1.57941
PT183 2006 02 4 0.00319272
PT183 2006 03 2 0.0010106
PT183 2006 04 2 0.00137344
PT183 2006 05 2 27.7384
PT183 2006 06 2 141.927
PT183 2006 07 2 457.159
PT183 2006 08 2 7013.69
PT183 2006 09 2 79.9896
PT183 2006 10 2 20.2988
PT183 2006 12 2 0.00140992
PT183 2007 01 2 0.000869723
PT183 2007 03 3 0.404207
PT183 2007 04 5 0.29213
PT183 2007 05 5 16.3665
PT183 2007 06 5 3.57734
PT183 2007 07 5 319.862
PT183 2007 08 5 203.034
PT183 2007 09 5 4.71579
PT183 2007 10 2 0.0135911
PT183 2007 11 4 2.54381
PT183 2007 12 2 0.00597875
PT184 1980 06 2 16.0051
PT184 1980 07 3 65.9081
PT184 1980 08 3 54.4049
PT184 1980 10 4 83.4132
PT184 1981 01 2 0.744362
PT184 1981 05 2 2.03113
PT184 1981 06 3 4.26534
PT184 1981 07 4 36.9467
PT184 1981 08 4 10.3436
PT184 1981 09 4 85.5882
PT184 1982 06 4 17.3153
PT184 1982 07 4 18.4879
PT184 1982 08 4 19.9699
PT184 1982 09 4 61.6864
PT184 1983 07 4 11.4647
PT184 1983 08 4 11.0798
PT184 1983 09 4 26.8899
PT184 1983 10 2 2.62544
PT184 1984 07 2 0.810556
PT184 1985 06 2 44.3564
PT184 1985 07 2 1010.31
PT184 1985 08 2 1776.58
PT184 1985 09 2 301.115
PT184 1985 10 2 107.75
PT184 1986 05 2 5.68485
PT184 1986 06 2 11.7881
PT184 1986 07 4 220.832
PT184 1986 08 2 2.51684
PT184 1986 09 2 18.4536
PT184 1986 10 4 49.3476
PT184 1987 01 2 2.16969
PT184 1987 05 2 0.331705
PT184 1987 06 2 431.009
PT184 1987 07 2 328.322
PT184 1987 08 5 18.6276
PT184 1987 09 5 25.9963
PT184 1988 07 5 44.3603
PT184 1988 08 5 26.8546
PT184 1988 09 5 18.5443
PT184 1988 10 2 23.4414
PT184 1988 11 2 21.6884
PT184 1989 08 2 2.74824
PT184 1990 05 4 4.69181
PT184 1992 07 4 42.0198
PT184 1992 08 4 90.4925
PT184 1992 09 4 159.94
PT184 1992 10 3 10.5193
PT184 1993 06 5 41.9887
PT184 1993 07 5 416.842
PT184 1993 08 5 46.525
PT184 1993 09 3 3.45176
PT184 1994 03 2 0.300135
PT184 1994 04 2 5.81996
PT184 1994 05 2 56.25
PT184 1994 06 2 85.5075
PT184 1994 07 2 886.713
PT184 1994 08 2 398.475
PT184 1994 09 2 252.223
PT184 1994 10 2 42.7017
PT184 1995 01 3 0.00250926
PT184 1995 02 2 0.111374
PT184 1995 03 2 2.55233
PT184 1995 04 2 22.3081
PT184 1995 05 2 72.1585
PT184 1995 06 2 79.2947
PT184 1995 07 2 72.0681
PT184 1995 08 2 76.2168
PT184 1995 09 2 44.6374
PT184 1995 10 2 31.5483
PT184 1996 02 2 0.00106899
PT184 1996 06 2 447.877
PT184 1996 07 2 430.184
PT184 1996 08 2 33.5677
PT184 1996 09 2 63.4537
PT184 1996 10 2 302.367
PT184 1996 11 2 4.649
PT184 1996 12 2 0.000774736
PT184 1997 02 2 0.54392
PT184 1997 03 2 0.59337
PT184 1997 04 4 1.12471
PT184 1997 05 4 14.0614
PT184 1997 06 4 141.184
PT184 1997 07 4 30.9993
PT184 1997 08 4 50.703
PT184 1997 09 4 16.1988
PT184 1997 10 4 22.1753
PT184 1998 03 5 0.00376484
PT184 1998 04 2 0.000578183
PT184 1998 05 4 0.00377097
PT184 1998 06 4 14.1817
PT184 1998 07 4 20.002
PT184 1998 08 4 12.6402
PT184 1998 09 3 86.6423
PT184 1998 10 4 0.523113
PT184 1998 11 2 0.686521
PT184 1999 03 2 1.25509
PT184 1999 06 5 7.8468
PT184 1999 07 4 12.5507
PT184 1999 09 4 4.71061
PT184 1999 10 2 2.58172
PT184 1999 11 2 0.641385
PT184 2000 01 3 0.379394
PT184 2000 06 2 3.36654
PT184 2000 07 2 207.337
PT184 2000 08 5 53.0208
PT184 2000 09 5 3.64497
PT184 2000 10 5 5.62784
PT184 2001 05 2 3.68808
PT184 2001 06 2 387.297
PT184 2001 07 2 770.59
PT184 2001 08 2 236.273
PT184 2001 09 2 105.257
PT184 2001 10 3 29.8199
PT184 2002 01 2 0.322493
PT184 2002 04 2 0.372629
PT184 2002 05 2 36.4575
PT184 2002 06 2 291.639
PT184 2002 07 2 456.702
PT184 2002 08 2 370.471
PT184 2002 09 4 7.91967
PT184 2002 10 2 4.96498
PT184 2003 03 2 2.4267
PT184 2003 05 2 153.425
PT184 2003 06 2 326.054
PT184 2003 07 2 716.17
PT184 2003 08 2 1837.46
PT184 2003 09 5 106.412
PT184 2003 10 4 38.4438
PT184 2004 03 2 0.938126
PT184 2004 04 2 6.98358
PT184 2004 05 4 3.80459
PT184 2004 06 4 472.727
PT184 2004 07 4 9343.85
