FR813 2001 09 5 364.763
FR813 2002 01 2 4.14384
FR813 2002 02 2 9.28879
FR813 2002 03 5 88.3929
FR813 2002 04 5 48.4715
FR813 2002 05 2 0.0603943
FR813 2002 07 2 280.175
FR813 2002 08 2 152.091
FR813 2002 09 2 0.0236612
FR813 2003 03 3 13.8963
FR813 2003 04 3 3.70521
FR813 2003 05 5 2.91919
FR813 2003 06 5 26.5153
FR813 2003 07 5 803.764
FR813 2003 08 5 225.458
FR813 2003 09 5 72.1575
FR813 2003 10 5 9.00801
FR813 2004 01 5 8.43617
FR813 2004 02 3 1.52428
FR813 2004 03 3 1.99688
FR813 2004 04 2 0.261798
FR813 2004 05 3 1.00401
FR813 2004 06 3 16.4348
FR813 2004 07 3 33.4548
FR813 2004 08 3 2.17901
FR813 2004 09 5 2.22933
FR813 2004 11 3 2.57271
FR813 2004 12 2 1.18013
FR813 2005 01 2 29.4203
FR813 2005 02 2 21.2092
FR813 2005 03 2 30.3365
FR813 2005 04 5 7.87785
FR813 2005 05 5 2.32249
FR813 2005 06 5 16.4821
FR813 2005 07 5 502.181
FR813 2005 08 5 174.862
FR813 2005 09 4 7.07704
FR813 2006 01 2 4.15166
FR813 2006 03 2 32.6908
FR813 2006 04 5 12.6278
FR813 2006 05 5 9.22452
FR813 2006 06 5 241.569
FR813 2006 07 5 111.784
FR813 2006 08 5 980.752
FR813 2006 09 5 5.35102
FR813 2006 11 3 0.872962
FR814 1985 01 2 1.5771
FR814 1985 02 2 84.136
FR814 1985 03 2 74.2889
FR814 1985 04 2 157.993
FR814 1985 07 2 21.7646
FR814 1985 08 2 67.5487
FR814 1985 09 2 137.892
FR814 1985 10 2 10.9543
FR814 1985 12 2 122.663
FR814 1986 01 4 3.74517
FR814 1986 03 4 62.8082
FR814 1986 04 3 4.68147
FR814 1986 05 3 39.561
FR814 1986 06 3 31.1061
FR814 1986 07 3 506.015
FR814 1986 08 3 207.33
FR814 1986 09 4 6.26555
FR814 1986 11 2 3.9906
FR814 1986 12 2 3.46462
FR814 1987 01 2 3.00188
FR814 1987 03 4 8.53674
FR814 1987 04 4 8.45381
FR814 1987 05 4 6.72837
FR814 1987 07 4 3.11415
FR814 1987 08 2 1.1294
FR814 1987 09 5 7.09055
FR814 1987 12 2 1.44273
FR814 1988 03 2 70.7023
FR814 1988 04 2 2.97146
FR814 1988 06 2 0.86619
FR814 1988 08 2 1.23991
FR814 1988 09 3 3.20445
FR814 1988 11 4 1.09248
FR814 1988 12 4 36.5886
FR814 1989 01 4 59.5994
FR814 1989 02 4 356.136
FR814 1989 03 4 253.039
FR814 1989 04 2 3.66393
FR814 1989 05 5 10.2871
FR814 1989 06 4 17.2484
FR814 1989 07 4 99.1712
FR814 1989 08 3 3.19094
FR814 1989 09 3 7.11055
FR814 1989 10 3 78.381
FR814 1990 01 3 50.9229
FR814 1990 02 5 14.5215
FR814 1990 03 5 111.736
FR814 1990 04 3 4.50396
FR814 1990 05 2 3.66434
FR814 1990 06 2 1.18472
FR814 1990 07 2 197.848
FR814 1990 08 2 144.798
FR814 1990 09 5 24.1966
FR814 1990 10 2 4.23453
FR814 1991 01 3 8.14904
FR814 1991 02 4 8.5997
FR814 1991 04 4 65.0992
FR814 1991 05 5 27.7689
FR814 1991 06 2 2.62334
FR814 1991 07 2 16.5912
FR814 1991 08 2 31.5042
FR814 1991 12 5 37.4286
FR814 1992 01 3 15.272
FR814 1992 02 3 80.106
FR814 1992 03 4 20.7035
FR814 1992 04 4 203.258
FR814 1992 05 4 46.9542
FR814 1993 01 3 2.59879
FR814 1993 02 3 196.898
FR814 1993 03 3 62.8844
FR814 1993 04 3 5.17905
FR814 1993 07 4 0.15871
FR814 1993 08 4 98.2586
FR814 1993 09 5 1.86236
FR814 1993 12 2 0.383279
FR814 1994 01 2 10.5346
FR814 1994 02 4 5.22124
FR814 1994 03 4 143.662
FR814 1994 04 5 17.7313
FR814 1994 05 2 0.0790036
FR814 1994 06 2 1.24047
FR814 1994 07 2 53.758
FR814 1994 08 2 84.8486
FR814 1994 09 2 2.08737
FR814 1994 10 4 16.2056
FR814 1994 11 3 1.30494
FR814 1994 12 5 2.31795
FR814 1995 01 3 10.8301
FR814 1995 02 3 6.47382
FR814 1995 03 3 154.7
FR814 1995 04 3 61.3327
FR814 1995 05 5 1.34958
FR814 1995 06 4 6.44267
FR814 1995 07 4 58.7472
FR814 1995 08 4 13.7234
FR814 1995 09 2 0.968512
FR814 1996 02 3 4.25327
FR814 1996 03 3 77.3463
FR814 1996 04 3 49.4262
FR814 1996 05 2 0.247438
FR814 1996 06 3 1.51407
FR814 1996 07 2 1.76192
FR814 1996 09 2 1.59471
FR814 1996 10 3 1.39008
FR814 1996 11 4 2.06343
FR814 1997 02 4 36.5296
FR814 1997 03 4 99.8916
FR814 1997 04 4 131.458
FR814 1997 05 2 1.57973
FR814 1997 06 2 3.86736
FR814 1997 07 2 2.74534
FR814 1997 08 2 5.1292
FR814 1998 02 2 55.2573
FR814 1998 03 2 47.9479
FR814 1998 08 2 68.1467
FR814 1999 02 3 7.43844
FR814 1999 03 3 247.578
FR814 1999 04 4 2.00965
FR814 1999 07 2 61.8589
FR814 2000 01 5 1.37475
FR814 2000 02 5 31.7657
FR814 2000 03 5 11.3877
FR814 2000 05 2 2.93163
FR814 2000 06 4 0.0388355
FR814 2000 07 4 0.312645
FR814 2000 08 4 4.85314
FR814 2000 09 5 5.97412
FR814 2001 02 5 3.06986
FR814 2001 04 2 1.49532
FR814 2001 06 2 0.210094
FR814 2001 07 3 0.779202
FR814 2001 08 4 5.31481
FR814 2001 09 4 0.103866
FR814 2001 11 4 2.52294
FR814 2001 12 4 3.939
FR814 2002 01 5 8.9502
FR814 2002 02 5 5.44051
FR814 2002 03 5 54.8144
FR814 2002 04 5 22.183
FR814 2002 05 2 0.0281262
FR814 2002 06 2 0.210489
FR814 2002 07 2 27.3133
FR814 2002 08 2 7.78321
FR814 2002 10 3 1.7835
FR814 2002 11 2 0.40579
FR814 2003 01 2 1.92696
FR814 2003 02 4 0.883895
FR814 2003 03 4 423.984
FR814 2003 04 4 274.701
FR814 2003 05 4 9.02793
FR814 2003 06 4 43.7521
FR814 2003 07 4 344.798
FR814 2003 08 4 1368.48
FR814 2003 09 2 0.0146836
FR814 2003 10 2 0.064574
FR814 2004 01 2 0.238412
FR814 2004 02 2 19.0989
FR814 2004 03 2 9.34848
FR814 2004 04 2 18.0113
FR814 2004 05 5 4.05674
FR814 2004 06 5 5.20667
FR814 2004 07 5 9.94174
FR814 2004 08 4 34.0898
FR814 2004 09 3 4.88104
FR814 2005 01 3 9.99361
FR814 2005 02 3 5.58747
FR814 2005 03 3 21.8608
FR814 2005 04 3 0.914313
FR814 2005 05 4 7.13041
FR814 2005 06 4 0.00694691
FR814 2005 07 4 12.4471
FR814 2005 08 4 4.81701
FR814 2005 09 2 1.30103
FR814 2005 11 2 0.035807
FR814 2006 01 4 1.30408
FR814 2006 02 4 7.40341
FR814 2006 03 5 1.92875
FR814 2006 04 4 4.09172
FR814 2006 06 4 1.05966
FR814 2006 07 4 1.06638
FR814 2006 08 5 3.83148
FR814 2006 12 3 3.99744
FR815 1985 01 3 40.2992
FR815 1985 02 3 20.6078
FR815 1985 03 3 97.204
FR815 1985 04 3 87.07
FR815 1985 05 3 4.57601
FR815 1985 06 4 4.15605
FR815 1985 07 4 127.379
FR815 1985 08 4 52.4105
FR815 1985 09 4 165.484
FR815 1985 10 4 475.33
FR815 1985 11 4 8.47455
FR815 1985 12 4 302.476
FR815 1986 01 4 23.9584
FR815 1986 03 4 15.1684
FR815 1986 04 4 17.4609
FR815 1986 05 4 55.9009
FR815 1986 06 4 571.805
FR815 1986 07 4 2091.63
FR815 1986 08 4 1118.13
FR815 1986 09 4 318.785
FR815 1986 10 4 15.6539
FR815 1986 11 4 3.18186
FR815 1987 01 2 3.23265
FR815 1987 03 2 16.1501
FR815 1987 04 2 185.752
FR815 1987 05 3 8.24782
FR815 1987 06 3 1.14905
FR815 1987 07 3 7.81737
FR815 1987 08 3 38.6804
FR815 1987 09 3 4.67642
FR815 1987 10 3 5.46801
FR815 1987 12 5 7.40712
FR815 1988 02 5 1.92708
FR815 1988 03 5 10.3272
FR815 1988 04 3 1.58658
FR815 1988 05 3 0.285222
FR815 1988 07 3 5.70272
FR815 1988 08 3 46.5688
FR815 1988 09 3 32.4298
FR815 1988 10 3 7.43038
FR815 1988 11 2 2.73496
FR815 1988 12 4 40.6385
FR815 1989 02 2 2.01544
FR815 1989 03 2 147.734
FR815 1989 05 5 13.709
FR815 1989 06 5 68.5399
FR815 1989 07 5 163.379
FR815 1989 08 5 858.021
FR815 1989 09 5 4.3367
FR815 1989 10 5 3.21566
FR815 1989 12 3 0.70494
FR815 1990 02 5 63.232
FR815 1990 03 3 41.0245
FR815 1990 04 3 2.43288
FR815 1990 05 2 0.594645
FR815 1990 07 2 48.7988
FR815 1990 08 2 6.25338
FR815 1990 09 2 1.97705
FR815 1991 01 2 0.290158
FR815 1991 03 3 4.55992
FR815 1991 04 3 2.83687
FR815 1991 05 5 2.26825
FR815 1991 07 5 5.64168
FR815 1991 08 5 117.237
FR815 1991 09 5 0.850948
FR815 1991 10 2 2.42345
FR815 1991 12 2 12.6992
FR815 1992 02 2 8.41886
FR815 1992 03 2 2.01648
FR815 1992 04 2 11.7915
FR815 1992 05 2 0.559635
FR815 1992 07 3 4.10922
FR815 1992 08 5 10.399
FR815 1992 09 5 59.0185
FR815 1992 11 2 1.56467
FR815 1992 12 3 11.2117
FR815 1993 02 3 148.918
FR815 1993 03 3 17.1631
FR815 1993 06 5 5.09597
FR815 1993 07 5 18.9763
FR815 1993 08 5 20.4341
FR815 1993 09 5 9.32419
FR815 1993 10 3 5.92376
FR815 1993 11 2 0.642715
FR815 1993 12 3 1.97361
FR815 1994 01 4 5.65488
FR815 1994 03 4 26.0617
FR815 1994 06 4 84.1105
FR815 1994 07 4 164.961
FR815 1994 08 4 296.979
FR815 1994 09 4 4.8833
FR815 1994 11 2 0.58858
FR815 1994 12 2 0.0608181
FR815 1995 01 3 3.41964
FR815 1995 02 5 2.14752
FR815 1995 03 5 288.58
FR815 1995 04 5 384.099
FR815 1995 05 4 625.015
FR815 1995 06 3 182.098
FR815 1995 07 3 54.4346
FR815 1995 08 3 262.084
FR815 1995 09 3 8.15452
FR815 1995 10 3 7.6131
FR815 1995 11 3 50.0291
FR815 1996 03 3 6.35409
FR815 1996 04 3 22.1337
FR815 1996 05 2 0.315509
FR815 1996 06 3 0.976734
FR815 1996 07 3 100.653
FR815 1996 08 3 32.4752
FR815 1996 09 3 16.3151
FR815 1996 10 3 20.9653
FR815 1996 11 3 8.6763
FR815 1997 02 3 20.9491
FR815 1997 03 3 101.571
FR815 1997 04 3 176.711
FR815 1997 05 3 14.577
FR815 1997 06 3 4.10108
FR815 1997 07 3 1.5231
FR815 1997 08 3 1.32727
FR815 1997 09 5 4.35195
FR815 1997 10 5 34.316
FR815 1998 01 5 9.08818
FR815 1998 02 4 5.37325
FR815 1998 03 4 69.6872
FR815 1998 04 4 11.7426
FR815 1998 05 4 6.30653
FR815 1998 06 4 24.1722
FR815 1998 07 4 23.1417
FR815 1998 08 4 37.3251
FR815 1998 09 4 35.7296
FR815 1998 10 4 9.36631
FR815 1998 11 4 9.6502
FR815 1998 12 3 4.0714
FR815 1999 01 2 0.801978
FR815 1999 02 2 26.344
FR815 1999 03 2 26.7639
FR815 1999 04 3 2.05075
FR815 1999 05 2 0.610855
FR815 1999 06 3 0.67596
FR815 1999 07 3 9.35311
FR815 1999 08 3 0.52229
FR815 1999 09 5 5.63486
FR815 1999 10 2 0.0866542
FR815 1999 11 3 1.04423
FR815 1999 12 3 1.1163
FR815 2000 01 5 2.21859
FR815 2000 02 5 6.50981
FR815 2000 03 5 19.4064
FR815 2000 06 4 3.9855
FR815 2000 07 3 2.67087
FR815 2000 08 3 633.486
FR815 2000 09 4 7.66592
FR815 2000 10 2 2.40937
FR815 2001 01 2 0.445852
FR815 2001 02 3 8.99897
FR815 2001 03 2 0.63977
FR815 2001 04 4 7.06332
FR815 2001 05 2 1.49995
FR815 2001 06 2 29.6311
FR815 2001 07 2 13.7629
FR815 2001 08 2 31.1531
FR815 2001 09 2 210.794
FR815 2001 10 3 0.949071
FR815 2001 11 5 7.26564
FR815 2001 12 3 10.2651
FR815 2002 01 3 13.009
FR815 2002 02 4 9.53144
FR815 2002 03 3 0.993417
FR815 2002 05 3 6.18437
FR815 2002 07 3 11.4189
FR815 2002 08 3 10.929
FR815 2002 09 2 1.25516
FR815 2002 10 2 12.4278
FR815 2002 11 4 8.25147
FR815 2003 01 3 3.4101
FR815 2003 02 2 1.25086
FR815 2003 03 2 4.338
FR815 2003 04 4 2.68177
FR815 2003 06 4 23.9566
FR815 2003 07 4 322.003
FR815 2003 08 4 150.596
FR815 2003 09 4 79.3498
FR815 2003 10 4 3.00781
FR815 2003 11 3 1.15786
FR815 2004 01 5 2.77402
FR815 2004 03 5 10.2837
FR815 2004 04 4 13.4239
FR815 2004 05 2 1.4005
FR815 2004 06 2 19.6832
FR815 2004 07 2 27.5946
FR815 2004 08 2 40.1563
FR815 2004 09 2 27.3149
FR815 2004 10 2 14.1756
FR815 2004 11 2 111.056
FR815 2004 12 3 7.25584
FR815 2005 01 3 27.4779
FR815 2005 02 2 0.511727
FR815 2005 03 2 8.78526
FR815 2005 04 2 5.98277
FR815 2005 05 2 8.38792
FR815 2005 06 2 12.3999
FR815 2005 07 2 391.756
FR815 2005 08 2 2063.7
FR815 2005 09 2 1.1646
FR815 2005 10 2 3.55829
FR815 2006 01 4 4.27077
FR815 2006 03 4 17.0006
FR815 2006 04 2 4.54264
FR815 2006 05 2 310.403
FR815 2006 06 2 154.868
FR815 2006 07 2 43.7827
FR815 2006 08 2 493.815
FR815 2006 09 3 0.823397
FR815 2006 10 3 3.5157
FR815 2006 11 5 4.73438
FR815 2006 12 3 3.27904
FR821 1985 03 4 17.2839
FR821 1985 04 4 9.85313
FR821 1985 06 2 4.123
FR821 1985 07 2 27.5607
FR821 1985 08 2 17.2021
FR821 1985 09 2 84.4703
FR821 1985 10 3 2.93204
FR821 1985 12 3 89.711
FR821 1986 03 3 310.065
FR821 1986 07 3 2.63158
FR821 1986 08 3 20.0809
FR821 1987 03 4 17.6935
FR821 1987 04 4 7.84486
FR821 1987 07 4 9.15798
FR821 1987 08 4 3.99826
FR821 1987 09 4 41.1389
FR821 1988 02 4 26.3059
FR821 1988 03 4 22.7357
FR821 1988 07 3 0.473155
FR821 1988 08 3 0.670266
FR821 1988 09 3 4.27025
FR821 1989 01 3 23.2099
FR821 1989 02 3 179.936
FR821 1989 03 3 475.882
FR821 1989 06 2 0.111434
FR821 1989 08 2 90.8467
FR821 1989 09 4 12.7841
FR821 1989 10 5 7.98292
FR821 1990 02 2 8.10858
FR821 1990 03 2 562.916
FR821 1990 04 3 6.12031
FR821 1991 02 5 10.6148
FR821 1991 03 2 2.40964
FR821 1992 02 5 19.6411
FR821 1992 03 4 6.55818
FR821 1992 04 2 2.75444
FR821 1992 05 4 10.2269
FR821 1992 07 2 0.130429
FR821 1992 08 3 1.44122
FR821 1993 01 4 221.142
FR821 1993 02 4 44.3754
FR821 1993 03 4 5.4423
FR821 1993 04 2 0.974804
FR821 1993 07 3 3.1552
FR821 1993 08 4 3.18255
FR821 1994 01 4 9.35142
FR821 1994 02 3 1.69768
FR821 1994 03 3 50.53
FR821 1994 06 3 31.2023
FR821 1994 07 3 20.3549
FR821 1994 08 3 63.935
FR821 1994 09 2 1.44309
FR821 1995 01 2 1.47766
FR821 1995 02 3 4.09847
FR821 1995 03 3 64.6183
FR821 1995 04 3 78.3954
FR821 1995 06 2 0.526415
FR821 1995 07 3 18.4254
FR821 1996 02 3 2.4469
FR821 1996 03 3 75.5976
FR821 1996 04 3 52.638
FR821 1996 05 3 11.3873
FR821 1996 06 3 0.517816
FR821 1996 07 3 2.59351
FR821 1996 08 3 0.275728
FR821 1996 09 3 0.0645966
FR821 1996 11 3 1.00687
FR821 1997 02 3 64.0604
FR821 1997 03 3 283.458
FR821 1997 04 3 58.8121
FR821 1997 05 3 2.68885
FR821 1997 06 3 18.0265
FR821 1997 07 3 3.96115
FR821 1997 08 3 2.44612
FR821 1997 09 4 0.544492
FR821 1997 10 4 5.78052
FR821 1997 12 3 12.7194
FR821 1998 01 3 275.975
FR821 1998 02 3 190.214
FR821 1998 03 3 333.353
FR821 1998 04 3 3.59373
FR821 1998 05 3 7.98693
FR821 1998 07 3 152.05
FR821 1998 08 3 10.654
FR821 1998 09 2 0.173877
FR821 1998 10 2 2.92742
FR821 1998 11 2 0.487102
FR821 1998 12 3 9.98326
FR821 1999 01 3 0.465689
FR821 1999 02 3 24.2638
FR821 1999 03 3 50.9477
FR821 1999 04 5 5.41305
FR821 1999 06 2 0.144385
FR821 1999 07 2 110.149
FR821 1999 08 4 51.5189
FR821 1999 09 3 1.58286
FR821 1999 11 2 4.34406
FR821 2000 01 2 35.3436
FR821 2000 02 2 75.9869
FR821 2000 03 2 53.1686
FR821 2000 06 4 7.52922
FR821 2000 07 4 4.75764
FR821 2000 08 4 42.1575
FR821 2000 09 4 2.14546
FR821 2001 02 4 13.9321
FR821 2001 03 4 8.99064
FR821 2001 04 4 31.7189
FR821 2001 05 2 0.14986
FR821 2001 06 3 1.1838
FR821 2001 07 3 7.02642
FR821 2001 08 3 3.36392
FR821 2001 09 3 346.012
FR821 2001 12 4 1.34054
FR821 2002 01 2 2.93127
FR821 2002 02 4 3.48515
FR821 2002 03 4 175.031
FR821 2002 04 5 134.539
FR821 2002 06 2 0.0686775
FR821 2002 07 4 644.963
FR821 2002 08 2 0.0894688
FR821 2003 01 3 0.403352
FR821 2003 02 4 1.57074
FR821 2003 03 4 36.9578
FR821 2003 04 4 8.70738
FR821 2003 05 3 2.07827
FR821 2003 06 3 15.382
FR821 2003 07 3 627.924
FR821 2003 08 3 55.2755
FR821 2003 09 2 0.773054
FR821 2004 02 2 15.7827
FR821 2004 03 2 61.0527
FR821 2004 06 2 9.99691
FR821 2004 07 5 17.0563
FR821 2004 08 5 163.137
FR821 2005 02 2 58.3298
FR821 2005 03 5 16.3777
FR821 2005 04 4 10.4638
FR821 2005 05 3 59.3699
FR821 2005 07 3 11.9729
FR821 2005 08 3 1771.82
FR821 2006 03 3 16.0658
FR821 2006 04 4 0.889488
FR821 2006 06 5 10.9967
FR821 2006 07 5 34.8761
FR821 2006 08 5 61.1874
FR821 2006 09 2 0.946666
FR822 1985 01 2 0.147604
FR822 1985 02 5 2.55589
FR822 1985 03 3 0.830946
FR822 1985 04 3 25.9327
FR822 1985 05 2 2.27207
FR822 1985 06 2 0.167893
FR822 1985 07 2 17.1044
FR822 1985 09 4 6.51497
FR822 1985 10 4 12.6311
FR822 1985 12 4 46.8329
FR822 1986 01 2 2.76376
FR822 1986 02 2 1.84847
FR822 1986 03 5 2.44142
FR822 1986 04 3 2.94231
FR822 1986 05 2 0.638315
FR822 1986 06 4 5.21175
FR822 1986 07 3 1.71866
FR822 1986 08 3 4.54167
FR822 1986 09 3 28.9162
FR822 1986 12 2 0.56278
FR822 1987 03 4 14.221
FR822 1987 04 4 14.749
FR822 1987 05 4 1.18732
FR822 1987 06 2 0.065209
FR822 1987 08 2 0.0901392
FR822 1987 09 3 0.528684
FR822 1988 02 2 1.20973
FR822 1988 03 4 27.6131
FR822 1988 04 3 2.25104
FR822 1988 08 3 15.2637
FR822 1988 12 2 1.41347
FR822 1989 01 2 81.0669
FR822 1989 02 2 68.7503
FR822 1989 03 2 371.449
FR822 1989 05 2 1.6614
FR822 1989 07 2 45.5858
FR822 1989 08 2 17.4958
FR822 1989 09 3 55.2882
FR822 1989 10 4 9.42954
FR822 1989 12 2 0.0531422
FR822 1990 01 4 22.3251
FR822 1990 02 4 9.86808
FR822 1990 03 4 34.8752
FR822 1990 04 5 8.28943
FR822 1990 05 3 3.00475
FR822 1990 06 2 0.147495
FR822 1990 07 2 19.8563
FR822 1990 08 2 5.97948
FR822 1990 09 3 1.52519
FR822 1991 03 2 9.39398
FR822 1991 04 3 8.94523
FR822 1991 05 2 1.54043
FR822 1991 07 2 61.9428
FR822 1991 08 4 65.6475
FR822 1991 09 3 0.867271
FR822 1992 03 5 18.7025
FR822 1992 04 4 16.5251
FR822 1993 01 2 0.124375
FR822 1993 02 2 46.705
FR822 1993 03 5 11.8714
FR822 1993 08 5 332.352
FR822 1993 09 2 0.0700337
FR822 1994 02 2 2.294
FR822 1994 03 3 0.898432
FR822 1994 05 2 0.353601
FR822 1994 07 2 7.90687
FR822 1994 08 5 1.79924
FR822 1995 03 2 3.93271
FR822 1995 04 2 5.06705
FR822 1995 06 2 0.0120978
FR822 1995 07 2 4.57702
FR822 1995 08 3 0.300256
FR822 1996 03 3 3.25636
FR822 1996 04 3 13.1423
FR822 1996 05 3 1.32874
FR822 1996 07 3 1.13369
FR822 1997 03 5 2.16865
FR822 1997 04 3 0.565227
FR822 1997 05 2 0.159627
FR822 1997 08 2 0.827254
FR822 1997 09 4 2.92288
FR822 1997 10 3 0.272456
FR822 1997 12 2 3.40048
FR822 1998 03 2 0.455169
FR822 1998 04 2 0.65708
FR822 1998 05 4 3.69579
FR822 1998 07 5 0.675092
FR822 1998 08 3 0.450877
FR822 1998 09 2 0.00790127
FR822 1998 12 2 4.49955
FR822 1999 03 2 5.60789
FR822 1999 04 4 9.88976
FR822 1999 05 2 0.0173695
FR822 1999 06 2 0.0156389
FR822 1999 07 4 0.418527
FR822 1999 08 2 0.0126873
FR822 2000 02 2 3.50973
FR822 2000 03 3 1.91658
FR822 2000 04 2 5.33121
FR822 2000 07 4 0.282598
FR822 2000 08 3 0.25726
FR822 2000 09 2 1.07252
FR822 2001 02 2 0.373219
FR822 2001 03 2 14.4049
FR822 2001 06 2 0.0312912
FR822 2001 07 2 0.02966
FR822 2001 08 5 1.94955
FR822 2002 01 2 2.8977
FR822 2002 02 3 8.55704
FR822 2002 03 4 22.256
FR822 2002 04 2 4.28484
FR822 2002 08 3 1.91549
FR822 2003 03 3 25.1485
FR822 2003 04 3 11.8877
FR822 2003 07 3 229.784
FR822 2003 08 4 0.602074
FR822 2004 03 2 1.14796
FR822 2004 06 2 8.61834
FR822 2004 08 3 15.7554
FR822 2004 09 2 0.017171
FR822 2004 12 2 0.24092
FR822 2005 02 5 16.5827
FR822 2005 07 3 0.0120273
FR822 2005 09 2 3.59469
FR822 2006 02 2 8.39142
FR822 2006 06 3 3.13671
FR822 2006 07 2 2.67446
FR822 2006 08 2 0.67364
FR823 1985 01 4 2.19513
FR823 1985 02 4 8.0586
FR823 1985 03 4 135.422
FR823 1985 04 4 351.779
FR823 1985 05 4 1.25426
FR823 1985 06 4 5.27373
FR823 1985 07 4 1856.17
FR823 1985 08 4 530.596
FR823 1985 09 4 157.662
FR823 1985 10 4 216.461
FR823 1985 11 4 118.437
FR823 1985 12 4 199.318
FR823 1986 01 4 92.3296
FR823 1986 02 5 11.2429
FR823 1986 03 5 549.625
FR823 1986 04 5 22.2201
FR823 1986 05 4 3.40407
FR823 1986 06 4 9.19511
FR823 1986 07 4 2694.96
FR823 1986 08 4 4366.04
FR823 1986 09 4 21.5579
FR823 1986 10 4 159.811
FR823 1986 11 4 4.13131
FR823 1986 12 4 22.236
FR823 1987 01 4 28.5968
FR823 1987 02 2 1.19792
FR823 1987 03 2 17.0724
FR823 1987 04 2 42.2655
FR823 1987 05 2 18.8637
FR823 1987 06 2 5.86552
FR823 1987 07 4 16.427
FR823 1987 08 5 5.16519
FR823 1987 09 5 6.95573
FR823 1987 10 2 3.32958
FR823 1987 11 3 1.36212
FR823 1988 01 2 0.0548367
FR823 1988 02 2 15.9547
FR823 1988 03 2 793.113
FR823 1988 08 3 4.17873
FR823 1988 09 5 55.1772
FR823 1988 10 2 0.0603903
FR823 1988 11 2 0.850856
FR823 1988 12 2 21.2721
FR823 1989 01 2 96.8768
FR823 1989 02 2 413.184
FR823 1989 03 2 195.477
FR823 1989 04 3 0.819156
FR823 1989 05 4 9.21552
FR823 1989 06 4 26.2731
FR823 1989 07 4 77.0308
FR823 1989 08 4 131.62
FR823 1989 09 2 0.126648
FR823 1989 10 5 77.104
FR823 1989 11 3 8.13357
FR823 1989 12 4 26.351
FR823 1990 01 4 299.705
FR823 1990 02 4 187.537
FR823 1990 03 4 706.798
FR823 1990 04 4 27.5107
FR823 1990 05 3 1.17048
FR823 1990 06 3 4.64065
FR823 1990 07 5 44.8353
FR823 1990 08 5 35.5574
FR823 1990 09 5 126.144
FR823 1990 11 2 4.38471
FR823 1991 01 2 35.9747
FR823 1991 02 2 9.47268
FR823 1991 03 2 35.9299
FR823 1991 04 4 0.783294
FR823 1991 05 3 20.1499
FR823 1991 06 3 39.2982
FR823 1991 07 3 0.804525
FR823 1991 08 5 26.0221
FR823 1991 09 5 27.5407
FR823 1991 12 5 4.56591
FR823 1992 01 2 1.83882
FR823 1992 02 5 34.2737
FR823 1992 03 3 2.23796
FR823 1992 05 2 0.124005
FR823 1992 06 2 1.6588
FR823 1992 07 2 1.52328
FR823 1992 08 2 9.78254
FR823 1992 09 2 3.13497
FR823 1992 10 2 3.89561
FR823 1992 11 2 1.64512
FR823 1992 12 2 4.68079
FR823 1993 01 2 79.0702
FR823 1993 02 2 55.8738
FR823 1993 03 2 15.376
FR823 1993 04 2 10.8763
FR823 1993 05 2 4.15164
FR823 1993 06 2 21.1979
FR823 1993 07 2 43.4737
FR823 1993 08 2 28.4817
FR823 1993 09 2 23.8345
FR823 1993 10 3 2.44416
FR823 1993 11 5 2.6532
FR823 1993 12 5 53.9332
FR823 1994 01 5 163.722
FR823 1994 02 5 7.45164
FR823 1994 03 5 88.0673
FR823 1994 04 5 44.8617
FR823 1994 05 5 0.797082
FR823 1994 06 5 18.4777
FR823 1994 07 5 14.6465
FR823 1994 08 5 860.071
FR823 1994 09 5 1.30644
FR823 1994 10 5 1.59984
FR823 1994 11 2 0.385174
FR823 1994 12 2 13.7303
FR823 1995 01 2 109.204
FR823 1995 02 2 86.7828
FR823 1995 03 2 655.449
FR823 1995 04 2 19.0882
FR823 1995 05 3 1.04951
FR823 1995 06 3 1.57337
FR823 1995 07 3 4.28305
FR823 1995 08 3 0.0626095
FR823 1995 09 3 0.52047
FR823 1995 10 3 4.3857
FR823 1995 11 3 16.1336
FR823 1996 01 3 1.78788
FR823 1996 02 3 50.8207
FR823 1996 03 3 65.917
FR823 1996 04 3 20.6673
FR823 1996 05 3 4.26255
FR823 1996 06 3 14.5214
FR823 1996 07 3 23.0013
FR823 1996 08 3 19.7161
FR823 1996 09 3 4.06102
FR823 1996 10 4 10.1606
FR823 1996 11 3 0.130442
FR823 1996 12 5 0.16939
FR823 1997 01 3 0.89327
FR823 1997 02 3 331.665
FR823 1997 03 3 659.795
FR823 1997 04 3 76.3621
FR823 1997 05 3 26.3266
FR823 1997 06 3 1.31007
FR823 1997 07 3 1.46925
FR823 1997 08 3 2.01155
FR823 1997 09 3 2.71874
FR823 1997 10 3 97.0031
FR823 1997 11 3 1.80766
FR823 1997 12 3 7.20149
FR823 1998 01 3 59.05
FR823 1998 02 3 209.991
FR823 1998 03 3 507.653
FR823 1998 04 3 9.17275
FR823 1998 05 3 2.302
FR823 1998 06 4 0.164962
FR823 1998 07 4 20.3246
FR823 1998 08 4 15.0644
FR823 1998 09 4 149.132
FR823 1998 10 4 29.1053
FR823 1998 11 4 3.88707
FR823 1998 12 4 439.045
FR823 1999 01 4 196.948
FR823 1999 02 4 545.486
FR823 1999 03 4 302.161
FR823 1999 04 4 25.3362
FR823 1999 05 2 0.138161
FR823 1999 06 2 8.58324
FR823 1999 07 2 172.462
FR823 1999 08 2 34.9028
FR823 1999 09 2 6.35749
FR823 1999 10 2 1.38154
FR823 1999 11 4 8.9668
FR823 1999 12 4 1.81477
FR823 2000 01 4 85.9875
FR823 2000 02 4 138.57
FR823 2000 03 4 89.6775
FR823 2000 04 4 8.42026
FR823 2000 05 4 7.14769
FR823 2000 06 4 2.08848
FR823 2000 07 4 2.51076
FR823 2000 08 4 26.9354
FR823 2000 09 4 39.5651
FR823 2000 10 4 0.791985
FR823 2000 12 5 14.3266
FR823 2001 01 2 0.072536
FR823 2001 02 2 87.3146
FR823 2001 03 2 1.84677
FR823 2001 04 4 0.819269
FR823 2001 06 4 3.49092
FR823 2001 07 4 11.1021
FR823 2001 08 4 153.149
FR823 2001 09 4 185.851
FR823 2001 10 4 0.784679
FR823 2001 11 4 3.01872
FR823 2001 12 4 126.177
FR823 2002 01 4 838.664
FR823 2002 02 4 208.882
FR823 2002 03 4 643.332
FR823 2002 04 4 81.8496
FR823 2002 05 2 0.949844
FR823 2002 06 2 1.47293
FR823 2002 07 2 6.85788
FR823 2002 08 2 11.388
FR823 2002 09 5 2.01768
FR823 2002 10 2 0.0402062
FR823 2002 11 3 0.0704999
FR823 2003 01 3 0.360441
FR823 2003 02 3 91.9119
FR823 2003 03 3 37.78
FR823 2003 04 3 21.7399
FR823 2003 05 3 5.7582
FR823 2003 06 3 18.2359
FR823 2003 07 3 93.8471
FR823 2003 08 3 3399.55
FR823 2003 09 3 4.90676
FR823 2003 10 3 13.8019
FR823 2003 11 4 2.23509
FR823 2003 12 4 2.01849
FR823 2004 01 4 25.528
FR823 2004 02 4 69.7099
FR823 2004 03 4 24.1994
FR823 2004 04 4 11.136
FR823 2004 05 4 1.03221
FR823 2004 06 4 2.42199
FR823 2004 07 4 4.72906
FR823 2004 08 4 54.0516
FR823 2004 09 4 2.48655
FR823 2004 10 4 7.77742
FR823 2004 11 5 2.75884
FR823 2004 12 4 2.75619
FR823 2005 01 4 50.2902
FR823 2005 02 4 32.1131
FR823 2005 03 4 37.1789
FR823 2005 04 4 33.0872
FR823 2005 05 4 1.20033
FR823 2005 06 4 1.90557
FR823 2005 07 4 138.045
FR823 2005 08 4 31.4806
FR823 2005 09 4 0.0637705
FR823 2005 10 3 0.0503136
FR823 2005 12 3 1.12019
FR823 2006 01 4 0.696852
FR823 2006 02 4 0.262145
FR823 2006 03 4 8.69935
FR823 2006 04 4 17.6395
FR823 2006 05 4 18.572
FR823 2006 06 4 53.556
FR823 2006 07 4 50.0999
FR823 2006 08 4 15.0264
FR823 2006 09 3 0.0364486
FR823 2006 10 2 0.0407232
FR823 2006 11 4 1.28951
FR823 2006 12 5 0.724593
FR824 1985 01 5 9.3238
FR824 1985 02 5 6.76119
FR824 1985 03 5 10.0029
FR824 1985 04 5 112.451
FR824 1985 05 5 58.506
FR824 1985 06 5 59.2608
FR824 1985 07 5 71.0479
FR824 1985 08 5 58.368
FR824 1985 09 5 78.2798
FR824 1985 10 5 11.8414
FR824 1985 11 5 1.44715
FR824 1985 12 3 3.15083
FR824 1986 01 2 0.31131
FR824 1986 02 4 0.888321
FR824 1986 03 4 23.8433
FR824 1986 04 4 6.96716
FR824 1986 05 4 21.8857
FR824 1986 06 4 21.9426
FR824 1986 07 4 2719.27
FR824 1986 08 4 753.96
FR824 1986 09 4 3.65149
FR824 1986 10 4 5.42614
FR824 1986 11 5 1.9481
FR824 1986 12 5 2.23222
FR824 1987 01 3 0.168845
FR824 1987 02 3 2.67154
FR824 1987 03 3 167.064
FR824 1987 04 3 13.8273
FR824 1987 05 3 6.54885
FR824 1987 06 3 6.8973
FR824 1987 07 3 564.237
FR824 1987 08 3 25.7397
