FR712 2006 04 3 28.8975
FR712 2006 05 3 24.3821
FR712 2006 06 3 42.9981
FR712 2006 07 3 15.3897
FR712 2006 08 3 21.8449
FR712 2006 09 5 0.837293
FR712 2006 12 2 21.6597
FR713 1988 02 4 4.77808
FR713 1988 03 4 9.95975
FR713 1988 07 3 1.69703
FR713 1988 08 4 4.45077
FR713 1989 01 4 3.83093
FR713 1989 02 4 79.9185
FR713 1989 03 4 104.542
FR713 1989 06 3 1.60452
FR713 1989 07 3 22.2118
FR713 1989 08 3 33.5459
FR713 1989 09 3 6.34869
FR713 1989 10 2 7.2653
FR713 1989 11 3 12.8216
FR713 1990 01 3 3.69667
FR713 1990 02 2 0.458813
FR713 1990 03 5 6.91615
FR713 1990 04 4 2.83483
FR713 1990 07 5 4.48469
FR713 1990 08 5 93.4797
FR713 1990 09 3 0.625035
FR713 1991 01 3 1.50733
FR713 1991 02 4 2.26152
FR713 1991 03 3 1.13763
FR713 1991 04 2 0.545491
FR713 1991 05 3 15.3597
FR713 1991 06 2 0.216484
FR713 1991 07 2 24.8134
FR713 1991 08 2 7.60125
FR713 1991 09 3 1.56069
FR713 1992 01 3 0.436632
FR713 1992 02 5 4.11786
FR713 1992 03 5 17.7501
FR713 1992 04 2 1.06354
FR713 1992 05 2 0.12923
FR713 1992 08 4 1.04685
FR713 1992 09 2 0.0630962
FR713 1993 01 3 0.665262
FR713 1993 02 5 5.35082
FR713 1993 03 5 45.2569
FR713 1993 05 2 0.100123
FR713 1993 07 2 0.134506
FR713 1993 08 2 3.85193
FR713 1994 03 2 19.9363
FR713 1994 04 2 0.0559966
FR713 1994 05 2 0.234505
FR713 1994 06 2 1.41668
FR713 1994 07 2 28.6198
FR713 1994 08 2 5.86102
FR713 1994 09 2 0.697893
FR713 1995 02 2 4.18413
FR713 1995 03 2 0.24457
FR713 1995 04 5 5.02948
FR713 1995 05 5 4.67194
FR713 1995 06 2 0.0347404
FR713 1995 07 2 10.2945
FR713 1995 08 5 3.13816
FR713 1995 11 2 6.60905
FR713 1996 02 2 5.1052
FR713 1996 03 2 55.8653
FR713 1996 04 5 9.89725
FR713 1996 06 2 0.335197
FR713 1996 09 2 0.0814384
FR713 1997 01 2 1.6362
FR713 1997 02 4 6.04257
FR713 1997 03 4 89.9287
FR713 1997 04 4 12.1056
FR713 1997 05 4 4.90527
FR713 1997 08 4 2.88709
FR713 1997 09 2 0.5427
FR713 1997 10 2 0.256093
FR713 1998 01 4 5.73391
FR713 1998 02 4 31.4177
FR713 1998 03 4 4.15547
FR713 1998 05 2 4.8878
FR713 1998 07 4 0.634505
FR713 1998 08 4 9.8174
FR713 1999 02 3 0.231395
FR713 1999 03 3 5.10416
FR713 1999 04 5 3.55985
FR713 1999 07 5 9.68595
FR713 1999 08 2 0.582185
FR713 1999 09 2 0.406347
FR713 2000 01 2 0.337658
FR713 2000 02 3 1.42715
FR713 2000 03 3 42.7068
FR713 2000 06 3 0.97476
FR713 2000 07 3 0.363196
FR713 2000 08 3 13.2206
FR713 2001 02 2 1.08777
FR713 2001 06 2 0.292303
FR713 2001 07 4 0.159769
FR713 2001 08 5 1.20943
FR713 2001 09 4 4.44869
FR713 2001 11 2 3.04524
FR713 2001 12 2 1.0822
FR713 2002 01 2 4.50073
FR713 2002 02 2 0.54242
FR713 2002 03 2 54.64
FR713 2002 04 4 1.84226
FR713 2002 06 2 0.158969
FR713 2002 07 5 1.76751
FR713 2002 08 5 25.8383
FR713 2003 02 5 11.9601
FR713 2003 03 5 15.3844
FR713 2003 04 4 5.40085
FR713 2003 05 2 0.112888
FR713 2003 06 2 149.557
FR713 2003 07 2 49.1598
FR713 2003 08 2 64.561
FR713 2003 09 4 13.8897
FR713 2003 12 2 1.04327
FR713 2004 02 4 2.60646
FR713 2004 05 4 2.38535
FR713 2004 06 5 0.575348
FR713 2004 07 5 89.4597
FR713 2004 08 2 0.586698
FR713 2004 09 2 1.99711
FR713 2005 01 2 0.930526
FR713 2005 02 4 0.716684
FR713 2005 03 4 13.4342
FR713 2005 04 5 5.46565
FR713 2005 06 5 1.58791
FR713 2005 07 5 2.62914
FR713 2005 08 5 10.9473
FR713 2005 11 2 2.8629
FR713 2005 12 2 0.0449731
FR713 2006 02 3 0.264011
FR713 2006 03 5 1.3798
FR713 2006 04 5 4.55478
FR713 2006 05 5 0.548526
FR713 2006 06 4 1.21119
FR713 2006 07 4 18.6176
FR713 2006 08 4 24.6773
FR713 2006 09 3 0.0753939
FR713 2006 10 2 1.68033
FR713 2006 11 2 0.0628829
FR714 1994 02 2 0.270156
FR714 1994 03 4 8.71913
FR714 1995 04 3 15.3316
FR714 1995 08 2 0.195632
FR714 1995 09 3 0.747655
FR714 1996 03 4 0.492124
FR714 1996 04 4 1.99125
FR714 1996 07 3 0.454452
FR714 1997 02 3 3.44057
FR714 1997 03 3 65.6338
FR714 1997 04 3 4.81257
FR714 1997 08 5 8.83659
FR714 1998 05 2 2.95884
FR714 1999 01 2 15.8951
FR714 2003 07 2 324.539
FR714 2003 08 2 179.649
FR714 2004 07 5 7.56317
FR714 2004 08 2 10.3048
FR714 2005 05 2 13.4407
FR714 2006 04 2 2.15848
FR714 2006 05 3 0.064298
FR714 2006 06 5 1.64555
FR714 2006 08 2 1.73154
FR715 1993 03 4 4.46113
FR715 1993 04 2 34.1163
FR715 1993 06 2 1.3309
FR715 1994 03 5 1.63295
FR715 1994 07 5 3.1313
FR715 1994 08 5 6.97561
FR715 1994 09 4 5.78289
FR715 1995 04 4 8.07246
FR715 1995 06 2 0.12588
FR715 1995 07 2 2.57426
FR715 1997 01 3 0.46122
FR715 1997 02 3 21.8823
FR715 1997 03 3 11.3064
FR715 1997 04 3 12.9982
FR715 1997 05 3 5.98253
FR715 1997 06 3 10.9613
FR715 1997 08 3 1.16339
FR715 1998 02 3 41.9306
FR715 1998 03 3 7.03019
FR715 1998 04 3 1.00706
FR715 1998 05 2 0.241746
FR715 1998 07 2 10.0384
FR715 1998 08 2 33.6719
FR715 2003 03 4 29.696
FR715 2003 05 2 5.6178
FR715 2003 07 2 0.616512
FR715 2003 08 3 104.459
FR715 2003 09 2 20.1972
FR715 2005 07 3 13.1784
FR716 1993 02 2 0.357261
FR716 1993 03 2 9.9053
FR716 1993 07 2 0.172357
FR716 1993 08 2 4.94959
FR716 1993 09 2 0.337548
FR716 1994 06 3 0.200426
FR716 1994 07 3 2.46109
FR716 1994 08 3 0.802605
FR716 1994 09 2 0.0839338
FR716 1995 03 2 0.145956
FR716 1995 04 2 0.294193
FR716 1995 06 3 0.287832
FR716 1995 07 3 7.43008
FR716 1995 08 3 6.1541
FR716 1995 09 3 0.421789
FR716 1996 06 3 3.60722
FR716 1996 07 3 4.89702
FR716 1996 08 3 0.865104
FR716 1996 09 2 0.119536
FR716 1997 03 2 1.22211
FR716 1997 04 2 29.857
FR716 1997 05 2 1.68566
FR716 1997 06 2 0.667462
FR716 1997 07 3 0.144209
FR716 1997 08 3 3.49208
FR716 1997 09 3 3.14877
FR716 1998 05 2 0.416092
FR716 2000 08 2 0.118665
FR716 2002 06 2 0.166327
FR717 1993 01 2 1.35142
FR717 1993 02 2 0.0946595
FR717 1993 03 2 1.09883
FR717 1993 07 2 0.167884
FR717 1993 08 2 3.82078
FR717 1993 09 2 0.151279
FR717 1994 05 2 1.74924
FR717 1994 08 3 0.398824
FR717 1996 02 2 2.57356
FR717 1996 04 3 11.9322
FR717 1996 06 2 5.13277
FR717 1997 04 4 9.18917
FR717 1997 08 3 0.110824
FR717 1998 03 2 0.65646
FR717 1998 07 2 0.210178
FR717 1999 07 2 0.077712
FR717 2000 03 2 0.824177
FR717 2001 04 3 1.9573
FR717 2002 02 3 11.8036
FR717 2002 03 3 10.3412
FR717 2002 04 2 1.52441
FR717 2002 07 2 0.102209
FR717 2003 03 2 7.34919
FR717 2003 07 2 0.49544
FR717 2003 08 5 100.773
FR717 2004 06 2 0.256324
FR717 2004 08 3 0.0898168
FR718 1993 02 2 0.28054
FR718 1994 07 2 0.69375
FR718 1999 05 2 0.129194
FR718 1999 06 2 5.63384
FR718 1999 07 2 0.130125
FR718 2003 07 4 14.6
FR718 2003 08 4 16.9078
FR718 2006 12 3 47.1648
FR721 1993 04 2 2.39799
FR721 1993 08 2 5.1686
FR721 1993 09 3 12.3225
FR721 1994 08 3 13.5635
FR721 1994 09 2 6.35109
FR721 1995 05 2 0.311901
FR721 1995 07 2 10.3089
FR721 1995 08 2 37.4153
FR721 1995 09 3 4.02057
FR721 1997 03 2 8.57148
FR721 1997 04 5 13.6774
FR721 1997 07 3 0.166537
FR721 1997 08 5 2.25315
FR721 1998 02 2 0.273546
FR721 1998 08 3 1.01754
FR721 2002 01 2 3.74565
FR721 2002 02 5 6.28629
FR721 2002 04 5 7.38222
FR721 2002 05 2 1.28587
FR721 2002 06 3 3.13698
FR721 2003 04 4 26.5812
FR721 2003 06 3 16.1902
FR721 2003 07 5 15.9662
FR721 2003 08 5 18.1678
FR721 2003 09 2 0.0124042
FR721 2004 06 5 3.97347
FR721 2005 07 3 0.748318
FR721 2006 06 2 0.519305
FR721 2006 07 2 0.389856
FR722 1993 03 2 2.13186
FR722 1994 03 3 11.1144
FR722 1994 07 2 0.0713405
FR722 1997 04 2 5.1012
FR722 1998 01 2 16.599
FR722 1998 02 2 43.7382
FR722 1998 03 3 21.46
FR722 1998 05 3 87.2465
FR722 1998 08 3 2.26116
FR722 2006 02 5 5.55213
FR722 2006 03 2 1.03336
FR722 2006 04 2 6.08989
FR722 2006 06 5 0.522233
FR722 2006 07 5 0.18717
FR722 2006 08 5 5.67785
FR722 2006 10 2 0.702294
FR722 2006 11 2 5.6717
FR722 2006 12 2 6.51895
FR723 1993 01 3 1.59645
FR723 1993 02 3 24.3181
FR723 1993 03 3 27.5234
FR723 1993 04 4 1.88036
FR723 1993 05 2 7.30905
FR723 1996 04 2 30.2993
FR723 1996 06 2 2.30175
FR723 1996 09 2 36.1265
FR723 1996 10 3 1.70988
FR723 1997 02 3 136.009
FR723 1997 03 3 26.4079
FR723 1997 04 3 15.7281
FR723 1997 05 3 2.74055
FR723 1997 06 2 0.0840176
FR723 1997 07 2 3.43711
FR723 1997 08 2 12.897
FR723 1997 09 2 29.0199
FR723 1997 10 2 0.411528
FR723 1998 01 2 0.0147671
FR723 1998 02 2 82.9326
FR723 1998 03 2 7.3162
FR723 1998 04 3 0.606111
FR723 1998 05 4 1.60831
FR723 1998 06 4 1.79195
FR723 1998 07 4 87.429
FR723 1998 08 4 17.6845
FR723 1998 09 2 0.232094
FR723 1999 03 2 15.6334
FR723 1999 04 2 30.7431
FR723 1999 05 3 0.0442522
FR723 1999 06 3 0.152834
FR723 1999 07 3 5.56221
FR723 1999 08 3 0.883968
FR723 1999 09 3 1.04766
FR723 1999 10 2 0.0417435
FR723 2000 02 2 1.38693
FR723 2000 03 2 4.34646
FR723 2000 04 5 0.947818
FR723 2000 06 5 4.0994
FR723 2000 07 5 6.37338
FR723 2000 08 5 32.9689
FR723 2000 09 5 1.98325
FR723 2000 10 3 0.0454622
FR723 2000 11 4 0.650406
FR723 2000 12 4 0.17444
FR723 2001 02 3 0.0757848
FR723 2001 03 3 3.31548
FR723 2001 04 3 0.151267
FR723 2001 05 2 0.0980479
FR723 2001 06 4 0.211347
FR723 2001 07 4 4.34217
FR723 2001 08 4 4.97428
FR723 2001 09 4 0.469544
FR723 2001 11 2 0.0246786
FR723 2001 12 2 0.186506
FR723 2002 01 2 0.00776732
FR723 2002 02 2 5.948
FR723 2002 03 2 47.8728
FR723 2002 04 2 17.6165
FR723 2002 05 4 0.547241
FR723 2002 06 3 7.30245
FR723 2002 07 2 0.540185
FR723 2002 08 2 6.22291
FR723 2002 09 4 0.344817
FR723 2002 10 4 2.56891
FR723 2002 11 4 0.715635
FR723 2002 12 3 0.135716
FR723 2003 02 4 2.66042
FR723 2003 03 4 30.2689
FR723 2003 04 4 2.54749
FR723 2003 05 4 1.54613
FR723 2003 06 4 49.9106
FR723 2003 07 90 127.278
FR723 2003 08 90 52.6824
FR723 2003 09 90 35.1273
FR723 2003 10 4 0.0422142
FR723 2004 02 4 1.50211
FR723 2004 03 4 1.0583
FR723 2004 04 4 0.440266
FR723 2004 05 3 11.0223
FR723 2004 06 3 3.52701
FR723 2004 07 3 11.4377
FR723 2004 08 3 0.535284
FR723 2004 09 5 0.0565818
FR723 2005 03 2 3.9279
FR723 2005 04 2 2.17893
FR723 2005 05 2 29.5316
FR723 2005 06 2 10.7259
FR723 2005 07 2 202.891
FR723 2005 09 3 1.5879
FR724 1993 01 2 3.14842
FR724 1993 02 2 9.91359
FR724 1993 03 2 189.878
FR724 1994 07 2 11.6583
FR724 1994 08 2 3.91445
FR724 1994 09 2 0.996558
FR724 1995 03 2 1.98385
FR724 1995 04 2 11.327
FR724 1995 05 2 0.715355
FR724 1995 06 2 0.147538
FR724 1995 07 2 2.46461
FR724 1995 08 2 3.59988
FR724 1995 09 4 0.423966
FR724 1995 10 3 0.246712
FR724 1995 11 3 0.266908
FR724 1996 03 3 19.7517
FR724 1996 07 3 1.15504
FR724 1996 08 3 12.4211
FR724 1996 09 3 28.8054
FR724 1996 10 4 2.71286
FR724 1996 11 4 14.2211
FR724 1996 12 2 0.902592
FR724 1997 01 4 1.38554
FR724 1997 02 4 100.335
FR724 1997 03 4 130.832
FR724 1997 04 4 132.678
FR724 1997 05 3 55.0737
FR724 1997 07 3 2.00619
FR724 1997 08 4 1.29505
FR724 1997 09 2 0.235857
FR724 1997 10 2 0.120805
FR724 1997 11 4 2.36205
FR724 1998 02 4 58.3621
FR724 1998 03 4 29.2391
FR724 1998 04 2 0.537516
FR724 1998 05 2 41.4283
FR724 1998 06 2 0.110654
FR724 1998 07 2 76.6927
FR724 1998 08 2 18.1293
FR811 1985 01 2 124.674
FR811 1985 02 2 48.3874
FR811 1985 03 2 73.6268
FR811 1985 04 2 237.222
FR811 1985 05 3 3.50022
FR811 1985 06 2 2.60704
FR811 1985 07 2 38.51
FR811 1985 08 2 389.264
FR811 1985 09 2 3015.67
FR811 1985 10 2 709.678
FR811 1985 11 4 8.03516
FR811 1985 12 4 68.1476
FR811 1986 03 4 13.7511
FR811 1986 04 4 80.0229
FR811 1986 05 5 3.29501
FR811 1986 06 5 93.5827
FR811 1986 07 5 4025.07
FR811 1986 08 5 55.7326
FR811 1986 09 5 1003.39
FR811 1987 02 2 3.88269
FR811 1987 03 5 49.6887
FR811 1987 04 5 12.894
FR811 1987 05 3 6.03472
FR811 1987 06 5 3.74029
FR811 1987 07 5 27.7151
FR811 1987 08 5 47.0284
FR811 1987 09 3 1.71595
FR811 1988 07 3 14.7546
FR811 1988 08 3 44.7409
FR811 1988 09 3 26.7462
FR811 1988 10 3 11.2296
FR811 1988 11 3 5.05126
FR811 1988 12 3 9.09426
FR811 1989 01 5 18.7411
FR811 1989 02 5 46.7309
FR811 1989 03 5 19.9266
FR811 1989 04 3 5.3462
FR811 1989 05 3 6.42066
FR811 1989 06 3 40.6187
FR811 1989 07 3 191.936
FR811 1989 08 3 1837.89
FR811 1989 09 3 932.474
FR811 1989 10 3 11.3884
FR811 1990 01 4 5.13706
FR811 1990 02 5 10.8182
FR811 1990 03 5 21.0197
FR811 1990 04 4 0.871715
FR811 1990 05 3 0.572059
FR811 1990 06 5 3.44818
FR811 1990 07 5 25.8967
FR811 1990 08 4 23.3066
FR811 1990 09 5 6.27152
FR811 1991 03 3 2.8236
FR811 1991 04 5 3.47158
FR811 1991 05 3 3.71832
FR811 1991 07 3 13.6147
FR811 1991 08 3 14.8722
FR811 1991 09 3 3.11315
FR811 1991 10 2 1.98936
FR811 1992 01 2 1.8046
FR811 1992 02 5 0.915921
FR811 1992 03 3 1.0564
FR811 1992 04 3 0.296723
FR811 1992 05 3 0.946944
FR811 1992 06 2 0.103573
FR811 1992 07 2 5.78332
FR811 1992 08 2 0.128229
FR811 1993 01 2 0.128232
FR811 1993 02 3 1.19442
FR811 1993 03 4 3.1727
FR811 1993 04 2 2.00994
FR811 1993 05 2 0.0667745
FR811 1993 06 4 2.72285
FR811 1993 07 4 3.27019
FR811 1993 08 4 5.93909
FR811 1993 09 4 2.61461
FR811 1994 02 2 5.7448
FR811 1994 03 4 1.74314
FR811 1994 04 2 1.13274
FR811 1994 05 3 0.191554
FR811 1994 06 3 107.325
FR811 1994 07 3 18.5466
FR811 1994 08 3 209.431
FR811 1994 09 3 39.3878
FR811 1995 02 2 2.01656
FR811 1995 03 4 10.1267
FR811 1995 04 4 17.5886
FR811 1995 05 3 6.35672
FR811 1995 06 5 15.9103
FR811 1995 07 5 7.48167
FR811 1995 08 5 183.042
FR811 1995 09 4 414.424
FR811 1995 11 4 7.03003
FR811 1996 01 2 1.14594
FR811 1996 02 3 5.23006
FR811 1996 03 3 6.19372
FR811 1996 04 3 11.9883
FR811 1996 05 5 8.08127
FR811 1996 06 4 3.0669
FR811 1996 07 4 8.76167
FR811 1996 08 4 2.05859
FR811 1996 09 4 12.7681
FR811 1996 10 4 2.1663
FR811 1996 11 4 1.20917
FR811 1997 01 2 0.612414
FR811 1997 02 2 39.2802
FR811 1997 03 2 21.4665
FR811 1997 04 2 5.05391
FR811 1997 05 2 0.044763
FR811 1997 06 2 0.00662653
FR811 1997 07 2 14.5758
FR811 1997 08 3 0.115927
FR811 1997 09 5 2.395
FR811 1997 10 5 35.5148
FR811 1997 12 3 4.45347
FR811 1998 02 3 6.2124
FR811 1998 03 3 13.9777
FR811 1998 04 2 0.143412
FR811 1998 05 5 2.27325
FR811 1998 06 5 3.52287
FR811 1998 07 5 54.078
FR811 1998 08 5 389.942
FR811 1998 09 4 4.06629
FR811 1998 10 3 1.93656
FR811 1998 11 3 69.9004
FR811 1998 12 2 3.3211
FR811 1999 01 3 1.28456
FR811 1999 02 3 6.02258
FR811 1999 03 3 22.7606
FR811 1999 04 3 24.6887
FR811 1999 05 2 0.505905
FR811 1999 06 2 19.848
FR811 1999 07 2 27.7143
FR811 1999 08 2 21.2957
FR811 1999 09 3 1.49959
FR811 1999 12 2 1.2224
FR811 2000 02 2 11.2164
FR811 2000 03 2 36.7723
FR811 2000 04 2 0.123441
FR811 2000 05 4 1.5459
FR811 2000 06 2 0.0167199
FR811 2000 07 2 57.0014
FR811 2000 08 2 11.3126
FR811 2000 09 2 11.8851
FR811 2000 10 3 0.613578
FR811 2000 11 3 1.34624
FR811 2001 01 2 0.616725
FR811 2001 02 2 8.09721
FR811 2001 03 2 1.97206
FR811 2001 04 2 13.4862
FR811 2001 05 5 4.2861
FR811 2001 06 5 25.1627
FR811 2001 07 5 70.6393
FR811 2001 08 5 924.486
FR811 2001 09 5 559.742
FR811 2001 10 5 16.0141
FR811 2001 11 5 5.35648
FR811 2001 12 5 8.87778
FR811 2002 01 5 12.3176
FR811 2002 02 5 26.6482
FR811 2002 03 5 14.5804
FR811 2002 04 4 0.53554
FR811 2002 05 2 0.777354
FR811 2002 06 2 0.535844
FR811 2002 07 2 204.872
FR811 2002 08 2 4.66117
FR811 2002 09 2 1.54289
FR811 2002 10 5 0.938125
FR811 2003 01 5 0.319922
FR811 2003 02 3 0.458449
FR811 2003 03 3 14.3618
FR811 2003 04 5 13.5313
FR811 2003 05 5 0.46187
FR811 2003 06 5 6.643
FR811 2003 07 5 147.345
FR811 2003 08 5 351.222
FR811 2003 09 5 34.0543
FR811 2003 10 3 1.39992
FR811 2003 11 5 3.56068
FR811 2004 01 2 0.311478
FR811 2004 03 2 5.52311
FR811 2004 04 4 0.70639
FR811 2004 05 2 0.0408873
FR811 2004 06 3 1.54017
FR811 2004 07 3 27.8502
FR811 2004 08 3 28.3284
FR811 2004 09 3 4.61513
FR811 2004 11 2 0.835483
FR811 2004 12 2 0.0136746
FR811 2005 01 4 0.411429
FR811 2005 02 3 7.91398
FR811 2005 03 3 12.0835
FR811 2005 04 5 1.56192
FR811 2005 05 5 0.925939
FR811 2005 06 5 24.5904
FR811 2005 07 5 979.214
FR811 2005 08 5 213.871
FR811 2005 09 3 0.0359685
FR811 2006 02 2 0.00921347
FR811 2006 03 2 7.21587
FR811 2006 04 3 0.249482
FR811 2006 05 3 10.3956
FR811 2006 06 3 12.8751
FR811 2006 07 3 59.4867
FR811 2006 08 3 170.485
FR811 2006 09 3 0.943679
FR811 2006 10 3 1.43039
FR811 2006 12 4 1.20186
FR812 1985 01 4 5.24195
FR812 1985 02 4 127.804
FR812 1985 03 4 177.069
FR812 1985 04 4 713.131
FR812 1985 05 4 8.26045
FR812 1985 06 4 3.98401
FR812 1985 07 4 41.2535
FR812 1985 08 4 147.28
FR812 1985 09 4 6244.36
FR812 1985 10 4 34.6869
FR812 1985 11 5 1.9211
FR812 1985 12 5 253.68
FR812 1986 01 5 25.6743
FR812 1986 03 5 83.9249
FR812 1986 04 5 11.2042
FR812 1986 05 5 17.3298
FR812 1986 06 5 811.468
FR812 1986 07 5 333.384
FR812 1986 08 5 357.126
FR812 1986 09 5 237.179
FR812 1986 10 3 0.461504
FR812 1986 11 3 0.854056
FR812 1986 12 2 1.85559
FR812 1987 01 2 15.5099
FR812 1987 02 4 3.81715
FR812 1987 03 4 67.5347
FR812 1987 04 4 14.1571
FR812 1987 05 4 15.7595
FR812 1987 06 4 17.8987
FR812 1987 07 4 7.58232
FR812 1987 08 4 49.0191
FR812 1987 09 2 0.105758
FR812 1988 02 2 3.62505
FR812 1988 03 2 47.8089
FR812 1988 05 2 1.47386
FR812 1988 06 2 2.36559
FR812 1988 07 2 14.0312
FR812 1988 08 2 8.82706
FR812 1988 09 2 25.9229
FR812 1988 12 2 45.7335
FR812 1989 01 5 19.6567
FR812 1989 02 5 63.7217
FR812 1989 03 5 26.3361
FR812 1989 04 2 1.04192
FR812 1989 05 2 45.9719
FR812 1989 06 2 30.4549
FR812 1989 07 2 1569.21
FR812 1989 08 2 2753.31
FR812 1989 09 2 517.743
FR812 1989 10 2 24.7235
FR812 1990 01 2 11.5864
FR812 1990 02 2 5.26643
FR812 1990 03 2 138.869
FR812 1990 04 5 5.27522
FR812 1990 05 3 2.00385
FR812 1990 06 5 4.58921
FR812 1990 07 5 76.0061
FR812 1990 08 5 3202.94
FR812 1990 09 5 47.8069
FR812 1990 10 5 3.89884
FR812 1990 11 2 0.227366
FR812 1990 12 2 0.295212
FR812 1991 01 3 12.9228
FR812 1991 02 3 27.0927
FR812 1991 03 3 14.8775
FR812 1991 04 3 21.4555
FR812 1991 05 4 0.200004
FR812 1991 06 4 28.7153
FR812 1991 07 4 162.986
FR812 1991 08 4 21.8232
FR812 1991 09 2 1.36154
FR812 1991 10 2 0.430595
FR812 1991 12 2 14.0354
FR812 1992 01 5 4.39552
FR812 1992 02 5 18.792
FR812 1992 03 5 12.9581
FR812 1992 04 5 10.0323
FR812 1992 05 5 5.14275
FR812 1992 07 3 0.675678
FR812 1992 08 3 2.8115
FR812 1992 11 2 0.934788
FR812 1993 01 2 5.77309
FR812 1993 02 2 41.2583
FR812 1993 03 2 29.7982
FR812 1993 04 2 8.07019
FR812 1993 06 3 0.383061
FR812 1993 07 3 31.598
FR812 1993 08 3 91.4061
FR812 1993 09 3 58.5037
FR812 1994 01 5 10.3342
FR812 1994 03 5 32.1706
FR812 1994 04 5 25.1518
FR812 1994 06 5 49.5751
FR812 1994 07 5 63.9795
FR812 1994 08 5 85.7023
FR812 1994 09 5 4.01626
FR812 1994 10 2 0.821766
FR812 1994 12 2 2.68692
FR812 1995 01 3 4.73819
FR812 1995 02 2 1.04406
FR812 1995 03 2 56.7895
FR812 1995 04 2 84.9886
FR812 1995 05 2 0.95981
FR812 1995 06 2 5.08373
FR812 1995 07 2 233.218
FR812 1995 08 2 42.7755
FR812 1995 09 2 20.2309
FR812 1995 11 2 0.635151
FR812 1996 02 5 13.5849
FR812 1996 03 5 15.3967
FR812 1996 04 5 22.8202
FR812 1996 06 2 0.340404
FR812 1996 07 2 8.72014
FR812 1996 08 2 7.87634
FR812 1996 09 2 21.3038
FR812 1996 10 5 1.88672
FR812 1997 02 5 30.1863
FR812 1997 03 5 61.0597
FR812 1997 04 5 501.398
FR812 1997 05 3 1.94854
FR812 1997 07 3 5.99148
FR812 1997 08 2 0.267142
FR812 1997 09 2 8.18258
FR812 1997 10 3 0.643422
FR812 1998 02 3 41.279
FR812 1998 03 3 32.6253
FR812 1998 05 4 3.54059
FR812 1998 06 4 4.8817
FR812 1998 07 4 27.601
FR812 1998 08 4 626.202
FR812 1998 09 5 7.77114
FR812 1998 10 3 2.47479
FR812 1998 11 5 16.4365
FR812 1998 12 5 5.56356
FR812 1999 02 5 59.7967
FR812 1999 03 5 79.4091
FR812 1999 04 5 64.0018
FR812 1999 05 2 1.64284
FR812 1999 06 5 15.1597
FR812 1999 07 5 319.181
FR812 1999 08 3 1.00758
FR812 1999 09 4 7.22775
FR812 1999 12 3 7.99636
FR812 2000 01 2 1.33
FR812 2000 02 2 2.84246
FR812 2000 03 2 98.293
FR812 2000 06 3 4.20715
FR812 2000 07 3 15.445
FR812 2000 08 3 52.343
FR812 2000 09 4 3.44533
FR812 2001 02 4 8.12153
FR812 2001 04 5 4.12657
FR812 2001 05 2 1.37635
FR812 2001 06 4 0.822524
FR812 2001 07 4 12.3213
FR812 2001 08 4 15.1035
FR812 2001 09 4 128.065
FR812 2001 11 2 0.531412
FR812 2001 12 2 3.8617
FR812 2002 01 4 3.69085
FR812 2002 02 5 3.2093
FR812 2002 03 5 9.59484
FR812 2002 04 5 4.70256
FR812 2002 05 2 0.46944
FR812 2002 06 4 1.32969
FR812 2002 07 4 51.3583
FR812 2002 08 4 15.8306
FR812 2003 01 2 0.706039
FR812 2003 02 2 2.52711
FR812 2003 03 2 46.9182
FR812 2003 04 2 36.7556
FR812 2003 05 2 3.20299
FR812 2003 06 2 6.68402
FR812 2003 07 2 82.4441
FR812 2003 08 2 106.154
FR812 2003 09 2 101.764
FR812 2004 01 2 6.73473
FR812 2004 02 2 2.27908
FR812 2004 03 2 71.3279
FR812 2004 04 3 6.34397
FR812 2004 05 2 0.600315
FR812 2004 06 2 5.36219
FR812 2004 07 2 443.791
FR812 2004 08 2 3.54377
FR812 2004 09 4 9.15307
FR812 2004 11 2 4.90966
FR812 2005 01 2 0.158062
FR812 2005 02 2 10.1259
FR812 2005 03 2 17.8979
FR812 2005 04 3 61.9185
FR812 2005 05 3 7.23324
FR812 2005 06 4 0.907845
FR812 2005 07 4 138.286
FR812 2005 08 4 183.521
FR812 2005 09 3 0.100398
FR812 2006 02 5 6.88712
FR812 2006 03 5 11.8519
FR812 2006 04 3 3.91422
FR812 2006 05 5 14.1375
FR812 2006 06 4 31.5991
FR812 2006 07 4 62.303
FR812 2006 08 4 55.3176
FR812 2006 09 2 0.0796369
FR813 1985 01 2 2.08184
FR813 1985 02 2 5.67164
FR813 1985 03 2 39.9822
FR813 1985 04 2 66.2659
FR813 1985 05 2 9.7748
FR813 1985 06 3 6.57588
FR813 1985 07 3 63.5607
FR813 1985 08 3 152.211
FR813 1985 09 3 1028.66
FR813 1985 10 3 25.069
FR813 1985 11 2 0.0615647
FR813 1985 12 2 14.9805
FR813 1986 01 4 0.41646
FR813 1986 03 4 11.4549
FR813 1986 04 2 0.0640063
FR813 1986 05 5 10.5335
FR813 1986 06 5 7.26649
FR813 1986 07 5 547.653
FR813 1986 08 5 104.211
FR813 1986 09 5 56.372
FR813 1987 03 4 3.13356
FR813 1987 04 5 2.3159
FR813 1987 05 5 7.59044
FR813 1987 06 5 1.69995
FR813 1987 07 5 5.64551
FR813 1987 08 5 13.4975
FR813 1987 09 5 7.03938
FR813 1988 02 2 0.847448
FR813 1988 03 2 8.86985
FR813 1988 06 2 0.14175
FR813 1988 07 2 29.0403
FR813 1988 08 2 5.82581
FR813 1988 09 2 37.904
FR813 1988 10 3 0.300661
FR813 1988 11 4 4.86169
FR813 1988 12 5 1.57769
FR813 1989 01 5 3.00972
FR813 1989 02 5 5.00536
FR813 1989 03 5 2.65644
FR813 1989 05 3 0.769188
FR813 1989 06 3 8.19592
FR813 1989 07 3 1144
FR813 1989 08 3 220.774
FR813 1989 09 3 5.91004
FR813 1989 10 2 0.121341
FR813 1989 12 2 0.101916
FR813 1990 01 3 0.279458
FR813 1990 03 3 32.5033
FR813 1990 04 3 1.0276
FR813 1990 05 2 1.50713
FR813 1990 06 3 2.00088
FR813 1990 07 3 83.8151
FR813 1990 08 3 103.042
FR813 1990 09 3 4.46236
FR813 1990 10 5 1.54972
FR813 1990 12 2 0.761178
FR813 1991 02 3 0.580149
FR813 1991 03 3 0.366231
FR813 1991 04 2 1.19188
FR813 1991 05 5 5.02708
FR813 1991 06 5 4.29805
FR813 1991 07 5 347.024
FR813 1991 08 5 63.3566
FR813 1991 09 5 2.42944
FR813 1991 12 4 18.9024
FR813 1992 01 3 0.204706
FR813 1992 02 5 8.53733
FR813 1992 03 3 1.30578
FR813 1992 04 3 5.59145
FR813 1992 05 3 2.03824
FR813 1992 07 4 1.37755
FR813 1992 08 4 9.73542
FR813 1992 09 5 1.56767
FR813 1993 03 3 0.165645
FR813 1993 04 4 2.92656
FR813 1993 06 4 0.550306
FR813 1993 07 4 95.585
FR813 1993 08 4 139.619
FR813 1993 09 4 9.95421
FR813 1994 01 3 3.11815
FR813 1994 03 5 9.18179
FR813 1994 04 3 6.7844
FR813 1994 05 2 1.31524
FR813 1994 06 2 7.61696
FR813 1994 07 2 351.744
FR813 1994 08 2 118.388
FR813 1994 09 5 7.11153
FR813 1994 10 2 1.3259
FR813 1994 11 2 7.30395
FR813 1995 02 2 28.9669
FR813 1995 03 2 14.2245
FR813 1995 04 2 11.5281
FR813 1995 05 2 1.91775
FR813 1995 06 2 17.8325
FR813 1995 07 2 64.2202
FR813 1995 08 2 31.5827
FR813 1995 09 2 21.7047
FR813 1995 10 3 1.6058
FR813 1995 11 4 5.3735
FR813 1996 04 4 1.40167
FR813 1996 05 4 3.60184
FR813 1996 06 4 10.2933
FR813 1996 07 4 5.04301
FR813 1996 08 3 2.21873
FR813 1996 09 3 31.6829
FR813 1997 02 3 36.0558
FR813 1997 03 3 54.1514
FR813 1997 04 3 32.7554
FR813 1997 05 5 5.53999
FR813 1997 07 5 10.2039
FR813 1997 08 5 61.5211
FR813 1997 09 5 37.7006
FR813 1997 10 5 98.0925
FR813 1998 01 2 0.0436004
FR813 1998 02 2 10.44
FR813 1998 03 2 53.5711
FR813 1998 04 2 32.3092
FR813 1998 05 2 4.32263
FR813 1998 06 2 2.46767
FR813 1998 07 2 348.41
FR813 1998 08 2 12.2251
FR813 1998 09 2 1.26262
FR813 1998 10 2 9.75522
FR813 1998 11 2 12.0153
FR813 1998 12 2 19.0975
FR813 1999 01 2 87.1217
FR813 1999 02 2 141.862
FR813 1999 03 2 150.758
FR813 1999 04 2 52.7172
FR813 1999 06 2 21.3874
FR813 1999 07 2 83.7512
FR813 1999 08 2 59.0888
FR813 1999 09 5 3.33516
FR813 1999 10 5 3.96875
FR813 1999 11 5 5.29643
FR813 1999 12 3 3.46261
FR813 2000 01 2 1.19388
FR813 2000 02 2 14.7777
FR813 2000 03 2 47.6486
FR813 2000 04 3 2.33562
FR813 2000 05 4 1.94768
FR813 2000 06 4 4.42014
FR813 2000 07 4 33.1286
FR813 2000 08 4 157.858
FR813 2000 09 4 44.3752
FR813 2000 10 4 86.9947
FR813 2000 11 5 1.21135
FR813 2001 02 5 32.5233
FR813 2001 03 3 9.6319
FR813 2001 04 2 4.41203
FR813 2001 05 4 44.8878
FR813 2001 06 5 111.178
FR813 2001 07 5 89.1595
FR813 2001 08 5 293.821
