ITF51 2000 06 2 40.7657
ITF51 2000 07 2 563.211
ITF51 2000 08 107 3551.36
ITF51 2000 09 107 422.448
ITF51 2000 10 2 2.9777
ITF51 2000 11 5 34.0048
ITF51 2000 12 2 1.84695
ITF51 2001 03 2 57.6158
ITF51 2001 05 2 1.27786
ITF51 2001 06 2 88.3744
ITF51 2001 07 2 665.024
ITF51 2001 08 2 534.747
ITF51 2001 09 2 252.135
ITF51 2001 10 2 119.059
ITF51 2001 11 2 61.1751
ITF51 2002 01 5 23.318
ITF51 2002 02 5 38.5239
ITF51 2002 03 5 150.38
ITF51 2002 04 4 8.90352
ITF51 2002 06 4 58.5542
ITF51 2002 07 4 203.868
ITF51 2002 08 4 202.5
ITF51 2002 09 2 2.96908
ITF51 2002 10 2 1.58534
ITF51 2002 11 2 65.093
ITF51 2003 02 4 0.368486
ITF51 2003 03 4 52.4241
ITF51 2003 04 4 5.91076
ITF51 2003 05 4 23.9848
ITF51 2003 06 4 33.7388
ITF51 2003 07 4 302.272
ITF51 2003 08 4 140.535
ITF51 2003 09 4 27.8965
ITF51 2003 10 3 11.9881
ITF51 2004 01 4 1.33434
ITF51 2004 02 5 1.27253
ITF51 2004 03 4 4.61027
ITF51 2004 05 2 2.90366
ITF51 2004 06 2 0.0527939
ITF51 2004 07 2 17.4929
ITF51 2004 08 2 419.038
ITF51 2004 09 2 65.31
ITF51 2004 10 3 1.56648
ITF51 2004 11 2 0.0241667
ITF51 2005 01 3 4.30066
ITF51 2005 02 2 0.178911
ITF51 2005 03 2 43.3941
ITF51 2005 04 2 14.3513
ITF51 2005 05 5 7.70828
ITF51 2005 06 4 2.31389
ITF51 2005 07 4 343.262
ITF51 2005 08 4 309.98
ITF51 2005 09 2 1.59619
ITF51 2006 02 5 9.46314
ITF51 2006 03 3 1.7787
ITF51 2006 04 3 8.65827
ITF51 2006 05 2 0.462573
ITF51 2006 06 4 4.69793
ITF51 2006 07 4 77.4262
ITF51 2006 08 4 222.25
ITF51 2006 09 4 101.582
ITF51 2006 10 5 7.13108
ITF51 2006 11 5 10.0321
ITF51 2006 12 3 43.0992
ITF52 1985 07 3 792.147
ITF52 1985 08 3 501.257
ITF52 1985 09 3 214.969
ITF52 1985 10 3 46.7224
ITF52 1986 04 4 14.1514
ITF52 1986 06 4 196.107
ITF52 1986 07 4 758.615
ITF52 1986 08 4 156.636
ITF52 1986 09 4 176.443
ITF52 1986 10 2 3.07575
ITF52 1986 12 2 3.62736
ITF52 1987 01 3 3.85028
ITF52 1987 03 2 6.53475
ITF52 1987 04 2 52.7458
ITF52 1987 06 2 9.91488
ITF52 1987 07 2 318.89
ITF52 1987 08 2 705.63
ITF52 1987 09 2 89.8188
ITF52 1988 03 2 2.10903
ITF52 1988 04 2 1.82755
ITF52 1988 05 2 2.29574
ITF52 1988 06 2 598.215
ITF52 1988 07 89 6474.74
ITF52 1988 08 89 426.258
ITF52 1988 09 89 198.887
ITF52 1988 10 3 4.45459
ITF52 1989 03 3 13.9088
ITF52 1989 04 3 9.52401
ITF52 1989 05 5 51.6521
ITF52 1989 06 3 2.43205
ITF52 1989 07 2 60.0286
ITF52 1989 08 2 36.627
ITF52 1989 09 4 32.0096
ITF52 1989 10 2 0.677638
ITF52 1990 02 2 2.09111
ITF52 1990 03 4 5.2088
ITF52 1990 05 2 1.66401
ITF52 1990 06 2 168.874
ITF52 1990 07 2 304.587
ITF52 1990 08 2 17.9389
ITF52 1990 09 2 38.6384
ITF52 1991 06 2 0.6723
ITF52 1991 07 2 23.6138
ITF52 1991 08 2 97.5319
ITF52 1991 09 3 5.63548
ITF52 1991 10 3 11.2057
ITF52 1992 02 2 1.4619
ITF52 1992 03 5 13.2233
ITF52 1992 04 2 2.6203
ITF52 1992 05 2 1.70423
ITF52 1992 06 3 6.82479
ITF52 1992 07 3 110.055
ITF52 1992 08 3 253.969
ITF52 1992 09 3 211.109
ITF52 1993 01 3 7.90055
ITF52 1993 02 3 5.2527
ITF52 1993 04 2 8.81573
ITF52 1993 06 2 11.8728
ITF52 1993 07 2 692.117
ITF52 1993 08 2 1431.22
ITF52 1993 09 2 70.0621
ITF52 1993 10 3 10.8075
ITF52 1994 03 5 1.00692
ITF52 1994 04 2 0.832823
ITF52 1994 05 4 17.4507
ITF52 1994 06 4 42.933
ITF52 1994 07 4 779.732
ITF52 1994 08 4 218.068
ITF52 1994 09 4 196.465
ITF52 1994 10 4 25.1153
ITF52 1995 01 2 0.649665
ITF52 1995 03 4 9.62721
ITF52 1995 04 3 9.80322
ITF52 1995 05 3 16.1137
ITF52 1995 06 3 283.458
ITF52 1995 07 3 414.134
ITF52 1995 08 3 66.4429
ITF52 1995 09 3 23.4464
ITF52 1995 10 3 23.1875
ITF52 1996 04 2 1.37164
ITF52 1996 06 2 58.955
ITF52 1996 07 2 3814.3
ITF52 1996 08 2 722.776
ITF52 1996 09 2 21.2133
ITF52 1997 02 4 2.22541
ITF52 1997 03 2 5.09525
ITF52 1997 04 5 18.2137
ITF52 1997 05 5 10.3921
ITF52 1997 06 5 156.5
ITF52 1997 07 5 1338.69
ITF52 1997 08 5 386.698
ITF52 1997 09 5 75.863
ITF52 1998 01 2 0.8618
ITF52 1998 03 2 0.413334
ITF52 1998 04 4 10.9973
ITF52 1998 06 4 96.8497
ITF52 1998 07 4 409.16
ITF52 1998 08 4 236.919
ITF52 1998 09 4 152.752
ITF52 1998 10 3 8.0448
ITF52 1998 11 3 4.34571
ITF52 1999 01 2 1.21902
ITF52 1999 02 2 0.65642
ITF52 1999 03 2 2.3078
ITF52 1999 04 2 2.55879
ITF52 1999 05 4 5.43125
ITF52 1999 06 4 112.813
ITF52 1999 07 4 135.256
ITF52 1999 08 4 392.83
ITF52 1999 09 5 9.20093
ITF52 1999 10 5 33.0477
ITF52 2000 02 2 1.06154
ITF52 2000 03 5 17.2787
ITF52 2000 04 4 39.8471
ITF52 2000 05 2 0.789689
ITF52 2000 06 2 128.919
ITF52 2000 07 2 580.456
ITF52 2000 08 2 405.002
ITF52 2000 09 2 70.914
ITF52 2001 06 2 391.413
ITF52 2001 07 2 1058.46
ITF52 2001 08 2 2168.36
ITF52 2001 09 2 113.691
ITF52 2001 10 5 164.793
ITF52 2001 11 3 32.1344
ITF52 2002 02 4 15.48
ITF52 2002 06 4 133.377
ITF52 2002 07 4 128.609
ITF52 2002 08 4 19.3057
ITF52 2002 09 2 2.75138
ITF52 2003 03 3 10.8173
ITF52 2003 04 4 5.15856
ITF52 2003 05 3 1.29129
ITF52 2003 06 3 12.0305
ITF52 2003 07 3 937.208
ITF52 2003 08 3 336.205
ITF52 2003 09 3 36.2287
ITF52 2003 10 2 19.645
ITF52 2004 03 2 2.62248
ITF52 2004 04 2 2.55594
ITF52 2004 06 3 0.836454
ITF52 2004 07 3 173.631
ITF52 2004 08 3 532.292
ITF52 2004 09 3 39.2934
ITF52 2004 10 4 5.74322
ITF52 2005 03 4 8.47182
ITF52 2005 04 2 0.156637
ITF52 2005 05 3 0.876288
ITF52 2005 06 4 14.914
ITF52 2005 07 4 194.148
ITF52 2005 08 4 255.185
ITF52 2005 09 5 16.1413
ITF52 2005 10 2 0.040646
ITF52 2006 04 2 1.42831
ITF52 2006 06 2 65.4385
ITF52 2006 07 2 202.772
ITF52 2006 08 2 233.894
ITF52 2006 09 2 35.3434
ITF52 2006 10 2 8.7842
ITF52 2006 12 2 24.1038
ITF61 1985 02 2 2.8879
ITF61 1985 04 2 343.054
ITF61 1985 05 5 13.1102
ITF61 1985 06 5 19.4394
ITF61 1985 07 133 537.328
ITF61 1985 08 332 2373.45
ITF61 1985 09 174 1544.34
ITF61 1985 10 174 521.034
ITF61 1985 11 174 89.1552
ITF61 1985 12 3 7.66182
ITF61 1986 04 3 41.6584
ITF61 1986 06 3 24.9134
ITF61 1986 07 3 136.786
ITF61 1986 08 150 1330.81
ITF61 1986 09 179 1499.78
ITF61 1986 10 179 148.029
ITF61 1986 12 2 0.553515
ITF61 1987 01 2 2.79344
ITF61 1987 02 2 48.461
ITF61 1987 03 2 55.1128
ITF61 1987 04 2 380.041
ITF61 1987 05 2 32.7002
ITF61 1987 06 2 11.2745
ITF61 1987 07 2 1120.13
ITF61 1987 08 292 2401.48
ITF61 1987 09 192 2780.24
ITF61 1987 10 192 8.74073
ITF61 1988 01 4 3.50082
ITF61 1988 02 2 0.822348
ITF61 1988 03 4 10.0694
ITF61 1988 04 4 21.4841
ITF61 1988 05 5 20.1999
ITF61 1988 06 5 28.1971
ITF61 1988 07 200 1740.49
ITF61 1988 08 316 5899.57
ITF61 1988 09 163 2253.41
ITF61 1988 10 163 12.5227
ITF61 1988 12 2 0.372669
ITF61 1989 01 2 21.4639
ITF61 1989 02 2 549.145
ITF61 1989 03 2 124
ITF61 1989 04 2 474.243
ITF61 1989 05 2 11.3442
ITF61 1989 06 3 9.02124
ITF61 1989 07 3 226.086
ITF61 1989 08 3 220.84
ITF61 1989 09 3 64.753
ITF61 1989 10 5 109.836
ITF61 1989 12 5 92.0794
ITF61 1990 01 5 185.352
ITF61 1990 02 5 39.3818
ITF61 1990 03 5 207.86
ITF61 1990 04 5 6.73553
ITF61 1990 05 5 28.9751
ITF61 1990 06 5 63.1166
ITF61 1990 07 187 1423.5
ITF61 1990 08 191 878.549
ITF61 1990 09 110 631.426
ITF61 1990 10 110 179.899
ITF61 1990 11 3 6.11468
ITF61 1991 01 5 45.5575
ITF61 1991 03 5 131.014
ITF61 1991 05 2 2.55962
ITF61 1991 06 2 19.4578
ITF61 1991 07 2 141.242
ITF61 1991 08 2 457.167
ITF61 1991 09 88 453.027
ITF61 1991 10 89 584.711
ITF61 1991 11 2 0.133645
ITF61 1992 01 2 19.4176
ITF61 1992 02 2 166.341
ITF61 1992 03 2 580.501
ITF61 1992 04 2 126.075
ITF61 1992 05 2 53.0088
ITF61 1992 06 2 30.2341
ITF61 1992 07 2 337.951
ITF61 1992 08 281 3584.63
ITF61 1992 09 311 1665.86
ITF61 1992 10 311 41.5696
ITF61 1992 11 311 75.1524
ITF61 1992 12 3 9.16559
ITF61 1993 02 3 14.7697
ITF61 1993 03 3 31.1827
ITF61 1993 04 3 412.258
ITF61 1993 05 3 1.85777
ITF61 1993 06 3 18.6138
ITF61 1993 07 194 1700.92
ITF61 1993 08 420 10540.5
ITF61 1993 09 124 929.967
ITF61 1993 10 124 300.89
ITF61 1994 02 3 24.2656
ITF61 1994 03 3 359.751
ITF61 1994 04 3 22.131
ITF61 1994 05 3 26.1179
ITF61 1994 06 3 54.8396
ITF61 1994 07 3 356.383
ITF61 1994 08 144 1483.04
ITF61 1994 09 103 673.048
ITF61 1994 10 103 279.014
ITF61 1994 11 3 6.75114
ITF61 1994 12 3 16.291
ITF61 1995 01 4 4.39213
ITF61 1995 02 4 40.2054
ITF61 1995 03 5 21.2366
ITF61 1995 04 5 71.8342
ITF61 1995 05 3 1.5023
ITF61 1995 06 3 20.7508
ITF61 1995 07 3 646.449
ITF61 1995 08 3 246.801
ITF61 1995 09 5 5.40075
ITF61 1995 10 5 31.1332
ITF61 1995 11 5 16.5916
ITF61 1996 01 2 12.1318
ITF61 1996 03 2 12.7317
ITF61 1996 04 2 18.7315
ITF61 1996 05 2 2.76678
ITF61 1996 06 3 27.0616
ITF61 1996 07 119 684.849
ITF61 1996 08 199 1005.08
ITF61 1996 09 199 74.2313
ITF61 1996 10 2 1.88636
ITF61 1996 11 2 367.383
ITF61 1997 01 2 4.00338
ITF61 1997 02 2 32.061
ITF61 1997 03 2 103.316
ITF61 1997 04 2 41.8527
ITF61 1997 05 5 15.4885
ITF61 1997 06 5 283.909
ITF61 1997 07 191 2448.28
ITF61 1997 08 142 3595.48
ITF61 1997 09 142 203.765
ITF61 1997 10 142 60.1368
ITF61 1997 11 2 1.00863
ITF61 1998 01 3 1.35309
ITF61 1998 02 3 28.8036
ITF61 1998 03 3 38.8895
ITF61 1998 04 3 108.25
ITF61 1998 05 3 2.9254
ITF61 1998 06 3 30.4561
ITF61 1998 07 99 3655.58
ITF61 1998 08 132 1724.03
ITF61 1998 09 132 193.186
ITF61 1998 10 4 1.97303
ITF61 1998 11 3 22.4335
ITF61 1999 01 2 1.03896
ITF61 1999 03 4 8.7906
ITF61 1999 04 4 19.9139
ITF61 1999 05 4 12.3848
ITF61 1999 06 4 317.897
ITF61 1999 07 4 664.673
ITF61 1999 08 82 914.27
ITF61 1999 09 82 15.5799
ITF61 1999 10 82 161.24
ITF61 1999 11 5 14.4526
ITF61 2000 01 3 3.90654
ITF61 2000 02 4 16.8704
ITF61 2000 03 4 22.7113
ITF61 2000 04 4 70.928
ITF61 2000 05 3 6.2361
ITF61 2000 06 3 309.02
ITF61 2000 07 103 2289.38
ITF61 2000 08 198 3585.69
ITF61 2000 09 198 1315.57
ITF61 2000 10 4 6.87494
ITF61 2000 11 4 870.844
ITF61 2000 12 2 0.110812
ITF61 2001 01 3 3.99851
ITF61 2001 02 3 3.34485
ITF61 2001 03 3 76.1325
ITF61 2001 04 3 10.0607
ITF61 2001 05 5 14.6576
ITF61 2001 06 5 103.53
ITF61 2001 07 95 1068.57
ITF61 2001 08 197 2001.58
ITF61 2001 09 197 381.911
ITF61 2001 10 197 312.612
ITF61 2001 11 197 215.632
ITF61 2001 12 3 1.17398
ITF61 2002 01 3 23.5149
ITF61 2002 02 3 190.429
ITF61 2002 03 3 2170.03
ITF61 2002 04 3 23.6514
ITF61 2002 05 3 0.885926
ITF61 2002 06 3 18.2399
ITF61 2002 07 3 293.521
ITF61 2002 08 3 34.6643
ITF61 2002 09 2 0.432859
ITF61 2002 10 2 16.0102
ITF61 2002 11 4 16.0747
ITF61 2003 02 4 3.82874
ITF61 2003 03 4 159.938
ITF61 2003 04 5 10.1775
ITF61 2003 05 5 63.4497
ITF61 2003 06 5 81.5986
ITF61 2003 07 160 1051.87
ITF61 2003 08 88 568.061
ITF61 2003 09 88 81.5981
ITF61 2003 10 3 5.02953
ITF61 2003 11 3 9.34064
ITF61 2004 02 3 18.7559
ITF61 2004 03 3 17.9068
ITF61 2004 04 5 9.72126
ITF61 2004 05 2 0.16368
ITF61 2004 06 4 8.65033
ITF61 2004 07 4 334.197
ITF61 2004 08 172 1066.93
ITF61 2004 09 116 819.58
ITF61 2004 10 116 107.388
ITF61 2004 11 116 494.779
ITF61 2005 01 116 4.86155
ITF61 2005 02 4 8.07414
ITF61 2005 03 4 56.8508
ITF61 2005 04 4 183.498
ITF61 2005 05 4 5.39174
ITF61 2005 06 4 20.672
ITF61 2005 07 87 626.105
ITF61 2005 08 140 2290.97
ITF61 2005 09 140 14.5795
ITF61 2005 10 2 3.8197
ITF61 2005 11 3 2.37719
ITF61 2006 01 4 7.51881
ITF61 2006 02 4 58.2755
ITF61 2006 03 4 5.38531
ITF61 2006 04 4 65.2181
ITF61 2006 05 4 21.3951
ITF61 2006 06 4 40.5255
ITF61 2006 07 4 407
ITF61 2006 08 4 267.906
ITF61 2006 09 4 470.858
ITF61 2006 10 4 36.7591
ITF61 2006 11 4 31.0918
ITF61 2006 12 2 0.520502
ITF62 1985 04 2 0.519438
ITF62 1985 07 2 120.053
ITF62 1985 08 2 81.9964
ITF62 1985 09 2 44.1911
ITF62 1985 12 2 3.96594
ITF62 1986 07 2 3.22012
ITF62 1986 08 2 55.7663
ITF62 1986 09 2 28.0801
ITF62 1987 02 2 4.93532
ITF62 1987 03 2 1.30072
ITF62 1987 05 2 2.73596
ITF62 1987 07 5 79.2921
ITF62 1987 08 5 445.14
ITF62 1987 09 5 93.785
ITF62 1988 04 2 3.61708
ITF62 1988 07 2 63.7732
ITF62 1988 08 2 105.918
ITF62 1988 09 2 2341.01
ITF62 1988 10 2 1.18085
ITF62 1990 03 2 2.90049
ITF62 1990 04 2 0.864916
ITF62 1990 05 2 1.14832
ITF62 1990 06 2 20.8626
ITF62 1990 07 2 430.337
ITF62 1990 08 2 97.992
ITF62 1990 09 2 101.756
ITF62 1990 10 2 21.4406
ITF62 1991 06 3 32.3672
ITF62 1991 07 3 80.2896
ITF62 1991 08 3 186.019
ITF62 1991 09 3 184.545
ITF62 1991 10 3 30.1536
ITF62 1992 02 2 0.631175
ITF62 1992 05 3 6.96896
ITF62 1992 06 4 9.0757
ITF62 1992 07 4 148.626
ITF62 1992 08 4 752.472
ITF62 1992 09 4 290.734
ITF62 1992 10 2 2.98952
ITF62 1993 02 4 12.4756
ITF62 1993 03 2 0.29422
ITF62 1993 06 2 11.4731
ITF62 1993 07 2 215.716
ITF62 1993 08 2 442.596
ITF62 1993 09 2 167.327
ITF62 1993 10 2 38.1879
ITF62 1996 04 2 42.2836
ITF62 1996 05 3 3.22613
ITF62 1996 06 2 2.82825
ITF62 1996 07 2 796.091
ITF62 1996 08 2 422.322
ITF62 1996 09 2 91.5933
ITF62 1996 10 2 3.02973
ITF62 1997 02 2 4.91738
ITF62 1997 03 3 10.4279
ITF62 1997 04 2 1.83429
ITF62 1997 05 3 6.99861
ITF62 1997 06 3 56.8169
ITF62 1997 07 3 1214.01
ITF62 1997 08 3 777.994
ITF62 1997 09 3 102.554
ITF62 1997 10 2 6.3518
ITF62 1998 01 2 1.29086
ITF62 1998 02 3 3.6004
ITF62 1998 03 3 5.54636
ITF62 1998 04 2 0.533246
ITF62 1998 05 2 0.67228
ITF62 1998 06 2 77.2249
ITF62 1998 07 2 1032.39
ITF62 1998 08 2 568.207
ITF62 1998 09 2 105.989
ITF62 1998 10 5 4.65965
ITF62 1998 11 5 12.1899
ITF62 1999 02 2 7.13376
ITF62 1999 03 2 1.96415
ITF62 1999 04 3 38.4285
ITF62 1999 05 4 4.10738
ITF62 1999 06 4 10.4191
ITF62 1999 07 4 244.271
ITF62 1999 08 4 137.162
ITF62 1999 10 4 17.8563
ITF62 2000 03 4 85.1494
ITF62 2000 04 4 8.12632
ITF62 2000 06 4 139.044
ITF62 2000 07 4 738.039
ITF62 2000 08 4 3467.97
ITF62 2000 09 4 61.3064
ITF62 2000 11 4 94.6678
ITF62 2001 03 4 14.3518
ITF62 2001 05 4 2.50127
ITF62 2001 06 4 336.64
ITF62 2001 07 4 570.25
ITF62 2001 08 4 1023.59
ITF62 2001 09 4 181.195
ITF62 2001 10 4 224.365
ITF62 2001 11 4 148.938
ITF62 2001 12 2 1.96134
ITF62 2002 02 2 19.4562
ITF62 2002 03 2 81.5256
ITF62 2002 04 4 1.94787
ITF62 2002 06 4 61.7332
ITF62 2002 07 4 152.523
ITF62 2002 08 4 184.321
ITF62 2002 09 2 0.014188
ITF62 2002 10 2 1.35293
ITF62 2002 11 2 0.274988
ITF62 2003 03 4 31.4127
ITF62 2003 05 5 6.38025
ITF62 2003 06 5 140.906
ITF62 2003 07 5 1229.96
ITF62 2003 08 5 262.502
ITF62 2003 09 5 80.2059
ITF62 2003 10 5 35.0603
ITF62 2004 02 2 0.154042
ITF62 2004 03 2 0.810192
ITF62 2004 05 2 0.849776
ITF62 2004 06 5 6.22217
ITF62 2004 07 5 1214.94
ITF62 2004 08 5 357.003
ITF62 2004 09 5 135.402
ITF62 2004 10 3 2.12339
ITF62 2004 11 2 40.1922
ITF62 2005 03 3 2.24272
ITF62 2005 04 4 2.1572
ITF62 2005 05 5 9.61724
ITF62 2005 06 2 0.241032
ITF62 2005 07 2 103.263
ITF62 2005 08 2 254.944
ITF62 2005 09 2 15.53
ITF62 2005 10 3 0.372984
ITF62 2006 03 2 0.00172877
ITF62 2006 05 2 40.4295
ITF62 2006 06 2 113.723
ITF62 2006 07 2 717.062
ITF62 2006 08 2 207.645
ITF62 2006 09 2 124.216
ITF62 2006 10 4 4.21531
ITF62 2006 11 3 1.87093
ITF63 1985 02 2 1.22132
ITF63 1985 04 2 95.8392
ITF63 1985 05 4 12.5885
ITF63 1985 06 4 42.6475
ITF63 1985 07 153 1117.87
ITF63 1985 08 332 2823.19
ITF63 1985 09 130 787.33
ITF63 1985 10 130 144.152
ITF63 1985 11 5 12.6011
ITF63 1986 04 5 64.2149
ITF63 1986 06 5 41.5049
ITF63 1986 07 5 214.492
ITF63 1986 08 179 1565.24
ITF63 1986 09 113 461.917
ITF63 1986 10 113 82.0739
ITF63 1986 12 2 1.92897
ITF63 1987 03 2 22.2841
ITF63 1987 04 2 217.507
ITF63 1987 05 5 15.8243
ITF63 1987 06 5 29.6465
ITF63 1987 07 97 1259.32
ITF63 1987 08 261 3342.84
ITF63 1987 09 149 1641.83
ITF63 1987 10 5 13.2189
ITF63 1987 11 2 3.47138
ITF63 1988 03 2 1.01528
ITF63 1988 04 5 13.8899
ITF63 1988 05 5 13.3359
ITF63 1988 06 5 45.3138
ITF63 1988 07 163 1261.22
ITF63 1988 08 214 2354.12
ITF63 1988 09 121 659.502
ITF63 1988 10 5 19.1978
ITF63 1989 02 5 318.896
ITF63 1989 03 5 113.908
ITF63 1989 04 5 303.571
ITF63 1989 05 5 41.3568
ITF63 1989 06 5 28.3938
ITF63 1989 07 5 238.199
ITF63 1989 08 98 443.033
ITF63 1989 09 98 262.507
ITF63 1989 10 3 3.2218
ITF63 1989 12 3 37.3748
ITF63 1990 01 2 7.94994
ITF63 1990 02 3 2.99031
ITF63 1990 03 3 29.4138
ITF63 1990 04 3 1.54943
ITF63 1990 05 4 6.70724
ITF63 1990 06 4 46.5395
ITF63 1990 07 96 561.936
ITF63 1990 08 101 1047.67
ITF63 1990 09 101 220.376
ITF63 1990 10 101 25.4084
ITF63 1991 03 101 33.7602
ITF63 1991 04 2 2.24814
ITF63 1991 07 2 31.051
ITF63 1991 08 2 215.366
ITF63 1991 09 2 53.7376
ITF63 1991 10 2 35.7578
ITF63 1992 01 2 21.0276
ITF63 1992 02 2 52.129
ITF63 1992 03 2 131.862
ITF63 1992 04 3 16.9871
ITF63 1992 05 5 19.6352
ITF63 1992 06 4 7.69566
ITF63 1992 07 4 75.3979
ITF63 1992 08 115 1121.09
ITF63 1992 09 117 365.79
ITF63 1992 10 2 9.44056
ITF63 1992 11 3 5.06451
ITF63 1992 12 2 2.5492
ITF63 1993 02 4 16.7076
ITF63 1993 03 4 34.6494
ITF63 1993 04 4 41.6713
ITF63 1993 06 4 6.5993
ITF63 1993 07 127 615.355
ITF63 1993 08 213 2568.11
ITF63 1993 09 213 326.849
ITF63 1993 10 213 64.7234
ITF63 1994 03 213 21.2697
ITF63 1994 05 4 58.5016
ITF63 1994 06 5 8.17139
ITF63 1994 07 5 40.5976
ITF63 1994 08 82 754.063
ITF63 1994 09 82 195.978
ITF63 1994 10 82 42.806
ITF63 1995 02 3 7.29386
ITF63 1995 04 3 14.8031
ITF63 1995 06 4 12.9515
ITF63 1995 07 4 119.099
ITF63 1995 08 4 77.9273
ITF63 1995 09 4 172.965
ITF63 1995 10 4 40.1471
ITF63 1996 01 2 1.41284
ITF63 1996 04 2 2.73423
ITF63 1996 05 2 1.05618
ITF63 1996 06 2 11.5619
ITF63 1996 07 2 446.775
ITF63 1996 08 2 263.028
ITF63 1996 09 2 1666.07
ITF63 1996 10 2 4.45445
ITF63 1996 11 4 87.0712
ITF63 1997 02 2 1.11966
ITF63 1997 03 5 130.39
ITF63 1997 04 2 7.92179
ITF63 1997 05 2 23.5924
ITF63 1997 06 2 250.49
ITF63 1997 07 113 2686.23
ITF63 1997 08 113 357.809
ITF63 1997 09 113 121.315
ITF63 1997 10 4 13.6615
ITF63 1998 02 5 28.164
ITF63 1998 03 5 42.8606
ITF63 1998 04 5 15.765
ITF63 1998 06 5 34.3012
ITF63 1998 07 5 4667.69
ITF63 1998 08 5 811.985
ITF63 1998 09 5 256.03
ITF63 1998 11 2 7.8285
ITF63 1999 03 5 46.441
ITF63 1999 04 5 12.144
ITF63 1999 05 3 6.99803
ITF63 1999 06 3 35.7108
ITF63 1999 07 3 199.79
ITF63 1999 08 3 836.921
ITF63 1999 09 3 9.77542
ITF63 1999 10 3 267.194
ITF63 2000 04 3 37.1501
ITF63 2000 05 4 9.97447
ITF63 2000 06 4 50.2535
ITF63 2000 07 4 3269.81
ITF63 2000 08 90 847.548
ITF63 2000 09 90 201.645
ITF63 2000 10 2 13.6558
ITF63 2000 11 4 37.7364
ITF63 2001 03 5 65.438
ITF63 2001 04 2 2.7392
ITF63 2001 05 2 0.252332
ITF63 2001 06 4 19.4233
ITF63 2001 07 4 66.3205
ITF63 2001 08 4 552.151
ITF63 2001 09 4 69.2062
ITF63 2001 10 4 108.083
ITF63 2001 11 2 2.13157
ITF63 2002 02 2 64.2688
ITF63 2002 03 2 1132.99
ITF63 2002 04 3 21.7327
ITF63 2002 05 3 8.56415
ITF63 2002 06 4 14.8784
ITF63 2002 07 4 256.835
ITF63 2002 08 4 95.373
ITF63 2002 09 2 4.09422
ITF63 2002 10 2 0.723665
ITF63 2003 03 2 4.07104
ITF63 2003 04 3 5.57108
ITF63 2003 05 3 7.38888
ITF63 2003 06 3 83.9931
ITF63 2003 07 3 985.553
ITF63 2003 08 3 200.832
ITF63 2003 09 3 42.7298
ITF63 2003 10 4 1.97475
ITF63 2004 02 4 11.3996
ITF63 2004 03 2 2.0367
ITF63 2004 04 3 1.1977
ITF63 2004 07 3 22.9577
ITF63 2004 08 3 722.79
ITF63 2004 09 3 234.298
ITF63 2004 10 3 6.33204
ITF63 2004 11 3 24.4366
ITF63 2005 01 2 1.29612
ITF63 2005 02 2 7.03146
ITF63 2005 03 2 53.2965
ITF63 2005 04 4 10.2468
ITF63 2005 05 2 2.6415
ITF63 2005 06 2 2.59664
ITF63 2005 07 2 174.077
ITF63 2005 08 2 303.855
ITF63 2005 09 2 35.5038
ITF63 2005 10 2 0.134928
ITF63 2006 01 2 0.416843
ITF63 2006 02 5 27.2074
ITF63 2006 03 4 10.4483
ITF63 2006 04 4 52.6317
ITF63 2006 05 4 68.3106
ITF63 2006 06 4 81.5484
ITF63 2006 07 4 9.05743
ITF63 2006 08 4 214.891
ITF63 2006 09 4 169.571
ITF63 2006 10 4 25.2349
ITF63 2006 11 5 36.6729
ITF64 1990 03 5 57.4852
ITF64 1990 05 3 23.377
ITF64 1990 06 3 27.4022
ITF64 1990 07 3 182.846
ITF64 1990 08 3 94.7145
ITF64 1990 09 3 133.158
ITF64 1990 10 3 75.2865
ITF64 1991 02 3 1.18405
ITF64 1991 03 3 229.22
ITF64 1991 06 2 4.1397
ITF64 1991 07 4 10.1073
ITF64 1991 08 4 58.3102
ITF64 1991 09 4 57.8027
ITF64 1991 10 4 14.9323
ITF64 1992 01 2 15.5384
ITF64 1992 02 3 5.1245
ITF64 1992 03 3 270.1
ITF64 1992 04 3 19.2123
ITF64 1992 05 4 8.8109
ITF64 1992 06 2 1.49865
ITF64 1992 08 2 29.4407
ITF64 1992 09 2 205.216
ITF64 1992 10 5 32.684
ITF64 1993 02 5 36.4665
ITF64 1993 03 5 127.149
ITF64 1993 04 5 94.2777
ITF64 1993 06 5 11.3984
ITF64 1993 07 5 725.861
ITF64 1993 08 109 1962.21
ITF64 1993 09 109 89.7241
ITF64 1993 10 109 75.8373
ITF64 1996 04 109 243.474
ITF64 1996 05 2 17.968
ITF64 1996 06 3 9.33003
ITF64 1996 07 3 49.9762
ITF64 1996 08 3 59.6608
ITF64 1996 09 2 3.52004
ITF64 1996 11 4 5.82702
ITF64 1997 01 2 0.911393
ITF64 1997 02 3 10.6436
ITF64 1997 03 3 24.1545
ITF64 1997 04 3 13.7642
ITF64 1997 05 3 92.4278
ITF64 1997 06 3 56.5166
ITF64 1997 07 3 728.149
ITF64 1997 08 3 66.3445
ITF64 1997 09 3 36.3231
ITF64 1998 02 3 2.26257
ITF64 1998 04 3 406.638
ITF64 1998 05 3 0.857178
ITF64 1998 07 3 72.8088
ITF64 1998 08 3 114.297
ITF64 1998 09 3 8.15424
ITF64 1998 10 2 2.88112
ITF64 1999 03 2 26.3198
ITF64 1999 04 2 3.27398
ITF64 1999 05 3 7.37387
ITF64 1999 06 2 1.13918
ITF64 1999 07 3 17.6276
ITF64 1999 08 3 33.7895
ITF64 2000 03 5 54.3714
ITF64 2000 04 5 13.7674
ITF64 2000 05 2 5.88885
ITF64 2000 06 4 29.9371
ITF64 2000 07 4 470.192
ITF64 2000 08 4 100.213
ITF64 2000 09 4 76.0467
ITF64 2000 11 3 1.59778
ITF64 2001 02 2 4.58186
ITF64 2001 03 2 40.1028
ITF64 2001 04 2 0.720187
ITF64 2001 05 3 4.76266
ITF64 2001 06 2 2.95046
ITF64 2001 07 2 161.135
ITF64 2001 08 2 134.085
ITF64 2001 09 2 42.1218
ITF64 2001 10 2 60.8278
ITF64 2001 11 3 5.93432
ITF64 2002 01 2 2.36854
ITF64 2002 02 2 84.1517
ITF64 2002 03 2 428.261
ITF64 2002 04 2 1.63242
ITF64 2002 05 2 0.93632
ITF64 2002 06 4 13.759
ITF64 2002 07 4 82.8685
ITF64 2002 08 4 21.3956
ITF64 2003 02 3 6.91468
ITF64 2003 03 2 2.2294
ITF64 2003 04 2 3.6852
ITF64 2003 05 4 10.9389
ITF64 2003 07 4 198.944
ITF64 2003 08 4 35.2579
ITF64 2003 09 2 0.945725
ITF64 2003 10 3 5.31802
ITF64 2004 02 4 62.6044
ITF64 2004 04 2 5.78975
ITF64 2004 07 5 2.63956
ITF64 2004 08 5 236.084
ITF64 2004 09 4 20.0637
ITF64 2004 10 2 10.5707
ITF64 2005 03 2 206.757
ITF64 2005 04 2 0.811967
ITF64 2005 06 2 0.672162
ITF64 2005 07 5 5.23409
ITF64 2005 08 5 45.4232
ITF64 2006 03 2 8.33876
ITF64 2006 04 2 26.1252
ITF64 2006 05 3 1.8054
ITF64 2006 06 3 9.49193
ITF64 2006 08 3 18.163
ITF64 2006 09 3 33.3479
ITF65 1985 09 3 47.4103
ITF65 1986 04 4 4.37986
ITF65 1986 06 4 20.0961
ITF65 1986 07 4 479.161
ITF65 1986 08 144 2203.62
ITF65 1986 09 144 629.412
ITF65 1986 10 144 109.691
ITF65 1987 01 2 7.79703
ITF65 1987 04 2 154.043
ITF65 1987 05 5 17.1274
ITF65 1987 06 5 38.3681
ITF65 1987 07 90 2824.25
ITF65 1987 08 159 2697.29
ITF65 1987 09 102 448.177
ITF65 1987 12 2 2.35682
ITF65 1988 04 4 13.1349
ITF65 1988 05 4 95.3796
ITF65 1988 06 4 26.7642
ITF65 1988 07 92 1965.57
ITF65 1988 08 121 1841.37
ITF65 1988 09 121 1928.65
ITF65 1988 10 121 15.3909
ITF65 1989 02 121 49.1924
ITF65 1989 03 121 90.2674
ITF65 1989 04 121 100.317
ITF65 1989 06 121 72.1326
ITF65 1989 07 121 536.7
ITF65 1989 08 121 727.994
ITF65 1989 09 121 154.551
ITF65 1989 11 3 8.93072
ITF65 1989 12 3 53.641
ITF65 1990 03 2 2.4406
ITF65 1990 04 4 60.0596
ITF65 1990 05 3 13.072
ITF65 1990 06 3 124.748
ITF65 1990 07 89 1087.21
ITF65 1990 08 115 668.764
ITF65 1990 09 115 315.604
ITF65 1990 10 115 186.725
ITF65 1991 02 2 1.57267
ITF65 1991 03 2 145.245
ITF65 1991 06 2 47.4585
ITF65 1991 07 2 459.379
ITF65 1991 08 100 1103.52
ITF65 1991 09 100 205.65
ITF65 1991 10 100 85.0114
ITF65 1992 01 4 14.8519
ITF65 1992 02 2 1.99192
ITF65 1992 03 2 39.8844
ITF65 1992 04 3 8.15507
ITF65 1992 05 4 6.58878
ITF65 1992 06 2 11.2902
ITF65 1992 07 2 276.124
ITF65 1992 08 159 2776.74
ITF65 1992 09 131 1033.49
ITF65 1992 10 131 62.2036
ITF65 1992 11 131 23.5984
ITF65 1992 12 2 1.19322
ITF65 1993 03 5 27.4023
ITF65 1993 04 5 46.0022
ITF65 1993 06 5 56.8818
ITF65 1993 07 88 455.648
ITF65 1993 08 208 7751.22
ITF65 1993 09 208 891.021
ITF65 1993 10 208 23.2088
ITF65 1994 02 2 9.63
ITF65 1994 03 2 140.546
ITF65 1994 04 3 4.26036
ITF65 1994 05 3 43.9372
ITF65 1994 06 3 230.818
ITF65 1994 07 3 556.404
ITF65 1994 08 83 1634.41
ITF65 1994 09 83 285.201
ITF65 1994 10 83 26.8382
ITF65 1995 03 83 28.5833
ITF65 1995 04 83 62.5598
ITF65 1995 05 3 5.1564
ITF65 1995 06 3 46.13
ITF65 1995 07 3 314.604
ITF65 1995 08 3 101.085
ITF65 1995 09 3 146.025
ITF65 1995 10 2 2.46915
ITF65 1995 11 2 1.88037
ITF65 1995 12 2 8.09452
ITF65 1996 04 4 21.2085
ITF65 1996 05 3 2.68479
ITF65 1996 06 4 4.47734
ITF65 1996 07 4 2424.69
ITF65 1996 08 4 223.876
ITF65 1996 09 5 60.8303
ITF65 1996 11 5 193.083
ITF65 1996 12 2 28.4485
ITF65 1997 04 2 2.22728
ITF65 1997 05 2 48.7916
ITF65 1997 06 2 221.578
ITF65 1997 07 105 4017.62
ITF65 1997 08 105 656.505
ITF65 1997 09 105 32.3956
ITF65 1997 10 2 6.73309
ITF65 1998 01 2 1.21305
ITF65 1998 03 2 13.5339
ITF65 1998 04 2 50.6637
ITF65 1998 05 2 1.48071
ITF65 1998 06 2 1324.54
ITF65 1998 07 2 13471.6
