PT169 1985 10 85 253.284
PT169 1986 06 85 274.616
PT169 1986 07 85 7434.88
PT169 1986 08 85 323.449
PT169 1987 09 2 1.05575
PT169 1988 07 2 17.6304
PT169 1988 08 2 111.623
PT169 1988 09 99 233.74
PT169 1988 10 99 51.6056
PT169 1989 06 3 26.8374
PT169 1989 07 5 21.4499
PT169 1989 08 5 580.474
PT169 1989 09 5 462.276
PT169 1989 10 5 232.4
PT169 1990 01 2 0.52365
PT169 1990 02 2 0.290129
PT169 1990 03 3 1.64723
PT169 1990 04 2 0.570755
PT169 1990 06 2 68.9728
PT169 1990 07 2 667.204
PT169 1990 08 2 1124
PT169 1990 09 2 234.728
PT169 1990 10 2 33.1179
PT169 1991 03 3 46.4659
PT169 1991 04 3 4.14304
PT169 1991 05 3 83.4159
PT169 1991 06 3 548.628
PT169 1991 07 3 4941.43
PT169 1991 08 3 1981.92
PT169 1991 09 3 87.657
PT169 1991 10 3 83.1262
PT169 1992 08 3 405.18
PT169 1993 01 3 0.600579
PT169 1993 02 3 7.94269
PT169 1993 03 3 0.0408577
PT169 1993 04 3 5.39189
PT169 1993 05 3 0.0147658
PT169 1993 06 3 0.863642
PT169 1993 07 3 252.229
PT169 1993 08 3 1327.94
PT169 1993 09 3 7.13042
PT169 1994 01 3 0.0309945
PT169 1994 03 5 0.724259
PT169 1994 04 5 11.148
PT169 1994 05 5 7.60873
PT169 1994 06 5 35.3505
PT169 1994 07 5 328.485
PT169 1994 08 5 166.491
PT169 1994 09 5 50.9031
PT169 1994 10 5 8.5481
PT169 1995 01 3 0.00471755
PT169 1995 02 2 0.054193
PT169 1995 03 2 10.2385
PT169 1995 04 2 70.8134
PT169 1995 05 2 390.415
PT169 1995 06 2 414.886
PT169 1995 07 2 411.514
PT169 1995 08 2 992.243
PT169 1995 09 2 103.372
PT169 1995 10 2 123.387
PT169 1996 01 2 53.9083
PT169 1996 03 5 0.438049
PT169 1996 04 5 3.45431
PT169 1996 05 2 0.219272
PT169 1996 06 2 1138.73
PT169 1996 07 2 802.287
PT169 1996 08 2 298.337
PT169 1996 09 2 40.3683
PT169 1996 10 2 194.07
PT169 1996 11 2 3.34429
PT169 1997 02 4 0.768018
PT169 1997 03 4 25.7244
PT169 1997 04 4 30.5731
PT169 1997 05 5 60.8008
PT169 1997 06 5 2.87416
PT169 1997 07 5 20.7182
PT169 1997 08 5 40.3124
PT169 1997 09 5 16.9666
PT169 1997 10 5 28.3617
PT169 1998 03 5 12.0907
PT169 1998 05 5 10.3699
PT169 1998 06 5 13.2686
PT169 1998 07 5 872.657
PT169 1998 08 5 439.969
PT169 1998 09 5 1966.28
PT169 1998 10 5 38.1519
PT169 1998 11 5 6.49643
PT169 1998 12 5 13.7226
PT169 1999 01 5 9.65462
PT169 1999 02 5 39.5383
PT169 1999 03 5 32.2732
PT169 1999 04 5 26.4225
PT169 1999 05 5 129.101
PT169 1999 06 5 4486.37
PT169 1999 07 5 5163.82
PT169 1999 08 5 156.118
PT169 1999 09 5 188.171
PT169 1999 10 5 7.86988
PT169 1999 11 2 0.069991
PT169 2000 01 2 0.0191434
PT169 2000 02 4 4.28791
PT169 2000 03 4 31.141
PT169 2000 05 3 1.39529
PT169 2000 06 3 25.3578
PT169 2000 07 3 778.659
PT169 2000 08 3 673.576
PT169 2000 09 3 117.212
PT169 2000 10 3 58.1218
PT169 2001 02 5 2.22989
PT169 2001 04 5 25.7492
PT169 2001 05 5 5.19431
PT169 2001 06 5 235.646
PT169 2001 07 5 2015.12
PT169 2001 08 5 1602.22
PT169 2001 09 5 230.328
PT169 2001 10 5 10.9209
PT169 2001 11 5 2.60708
PT169 2001 12 5 6.49949
PT169 2002 01 2 0.625035
PT169 2002 02 2 0.16465
PT169 2002 03 3 2.41898
PT169 2002 04 4 0.400156
PT169 2002 05 4 32.426
PT169 2002 06 4 229.349
PT169 2002 07 4 14524.1
PT169 2002 08 4 913.06
PT169 2002 09 4 8.5909
PT169 2003 02 5 2.90796
PT169 2003 03 4 5.27224
PT169 2003 04 2 0.00418809
PT169 2003 05 2 3.55305
PT169 2003 06 2 81.057
PT169 2003 07 2 4736.47
PT169 2003 08 2 13930.4
PT169 2003 09 2 28.2015
PT169 2003 10 2 27.026
PT169 2003 11 3 0.118202
PT169 2003 12 2 0.0555975
PT169 2004 01 2 0.858529
PT169 2004 03 2 1.13571
PT169 2004 04 2 5.39628
PT169 2004 05 2 120.278
PT169 2004 06 2 2795
PT169 2004 07 2 2655.17
PT169 2004 08 2 913.094
PT169 2004 09 2 254.011
PT169 2004 10 2 71.0825
PT169 2004 11 2 18.5894
PT169 2004 12 5 5.53635
PT169 2005 01 5 22.3414
PT169 2005 02 5 37.0856
PT169 2005 03 5 72.7147
PT169 2005 04 5 20.1993
PT169 2005 05 5 20.2254
PT169 2005 06 5 1597
PT169 2005 07 5 604.988
PT169 2005 08 5 2556.51
PT169 2005 09 5 598.07
PT169 2005 10 5 4.27972
PT169 2006 01 3 1.27663
PT169 2006 02 3 9.00882
PT169 2006 03 4 0.383995
PT169 2006 04 4 1.82664
PT169 2006 05 4 79.9492
PT169 2006 06 4 20.6791
PT169 2006 07 4 37.5475
PT169 2006 08 4 284.196
PT169 2006 09 4 107.543
PT169 2006 10 4 5.74841
PT169 2007 03 5 1.56544
PT169 2007 04 2 0.0054689
PT169 2007 05 3 2.21274
PT169 2007 06 3 4.77258
PT169 2007 07 3 31.7658
PT169 2007 08 3 45.7719
PT169 2007 09 3 0.184405
PT169 2007 10 3 3.03403
PT169 2007 11 3 18.3159
PT169 2007 12 3 1.4196
PT16A 1980 07 3 2499.65
PT16A 1980 08 3 54.1295
PT16A 1980 09 3 364.848
PT16A 1980 10 2 96.9354
PT16A 1981 01 2 25.1466
PT16A 1981 02 2 248.43
PT16A 1981 03 2 1.1342
PT16A 1981 04 2 0.148101
PT16A 1981 05 2 0.865344
PT16A 1981 06 2 2232.64
PT16A 1981 07 2 491.163
PT16A 1981 08 2 717.921
PT16A 1981 09 2 148.337
PT16A 1981 10 2 5.30649
PT16A 1982 05 3 40.3835
PT16A 1982 06 2 1.46808
PT16A 1982 07 2 10.3091
PT16A 1982 08 2 407.518
PT16A 1982 09 2 29.8254
PT16A 1983 01 2 62.1984
PT16A 1983 03 2 3.4234
PT16A 1983 07 2 150.653
PT16A 1983 08 2 393.394
PT16A 1983 09 117 602.378
PT16A 1983 10 117 17.7072
PT16A 1984 02 2 0.50094
PT16A 1984 03 2 14.5816
PT16A 1984 04 4 85.8298
PT16A 1984 05 2 1.32232
PT16A 1984 07 2 133.068
PT16A 1984 08 126 1075.76
PT16A 1984 09 170 3249.98
PT16A 1984 10 170 14.5002
PT16A 1985 03 2 34.4214
PT16A 1985 07 2 681.113
PT16A 1985 08 182 2915.83
PT16A 1985 09 124 5368.86
PT16A 1985 10 92 222.657
PT16A 1986 05 2 0.536765
PT16A 1986 06 2 264.652
PT16A 1986 07 2 1197.75
PT16A 1986 08 101 394.681
PT16A 1986 09 101 382.998
PT16A 1986 10 2 1.11778
PT16A 1987 06 2 122.57
PT16A 1987 07 2 346.861
PT16A 1987 08 2 389.098
PT16A 1987 09 2 70.0487
PT16A 1988 07 2 25.2446
PT16A 1988 08 2 104.724
PT16A 1988 09 129 469.596
PT16A 1988 10 129 70.5003
PT16A 1989 03 4 13.6152
PT16A 1989 05 4 15.5733
PT16A 1989 06 4 12.9559
PT16A 1989 07 107 1767.61
PT16A 1989 08 135 2370.98
PT16A 1989 09 93 687.376
PT16A 1989 10 93 284.58
PT16A 1990 05 2 0.850026
PT16A 1990 06 2 109.202
PT16A 1990 07 2 95.0341
PT16A 1990 08 2 1924.51
PT16A 1990 09 2 131.68
PT16A 1990 10 2 10.9795
PT16A 1991 06 2 668.238
PT16A 1991 07 85 1871.34
PT16A 1991 08 85 6573.62
PT16A 1991 09 85 122.204
PT16A 1991 10 85 38.6874
PT16A 1992 05 85 3.50205
PT16A 1992 06 85 6.66929
PT16A 1992 07 85 174.402
PT16A 1992 08 85 101.183
PT16A 1993 02 2 0.708985
PT16A 1993 03 2 21.3808
PT16A 1993 04 2 11.445
PT16A 1993 05 2 0.352218
PT16A 1993 07 2 477.484
PT16A 1993 08 2 1027.63
PT16A 1993 09 2 22.7039
PT16A 1993 10 2 0.803628
PT16A 1994 01 3 0.0476872
PT16A 1994 02 2 3.78822
PT16A 1994 03 2 5.21782
PT16A 1994 04 2 33.0806
PT16A 1994 05 3 5.98077
PT16A 1994 06 3 6.12804
PT16A 1994 07 3 218.665
PT16A 1994 08 100 530.795
PT16A 1994 09 100 265.643
PT16A 1994 10 100 20.6867
PT16A 1995 01 5 2.26318
PT16A 1995 02 2 0.00135362
PT16A 1995 03 2 16.6945
PT16A 1995 04 2 19.2433
PT16A 1995 05 2 27.7421
PT16A 1995 06 2 125.027
PT16A 1995 07 114 949.573
PT16A 1995 08 138 2600.15
PT16A 1995 09 138 218.696
PT16A 1995 10 138 385.646
PT16A 1996 03 2 0.59248
PT16A 1996 04 2 0.040254
PT16A 1996 06 2 259.388
PT16A 1996 07 88 254.937
PT16A 1996 08 88 153.475
PT16A 1996 09 88 60.4166
PT16A 1996 10 88 118.816
PT16A 1996 11 88 5.14963
PT16A 1997 01 2 0.737115
PT16A 1997 02 2 2.75342
PT16A 1997 03 2 316.666
PT16A 1997 04 2 497.722
PT16A 1997 05 4 2.26454
PT16A 1997 06 3 2.20876
PT16A 1997 07 3 37.4135
PT16A 1997 08 3 21.7031
PT16A 1997 09 3 81.4837
PT16A 1997 10 3 2.89794
PT16A 1998 01 2 2.85668
PT16A 1998 02 2 1.84605
PT16A 1998 03 2 16.9123
PT16A 1998 04 2 0.378974
PT16A 1998 06 2 1.32034
PT16A 1998 07 2 983.409
PT16A 1998 08 2 800.956
PT16A 1998 09 2 106.285
PT16A 1998 10 2 40.9468
PT16A 1998 11 2 19.6596
PT16A 1998 12 2 18.9623
PT16A 1999 01 2 8.20946
PT16A 1999 02 2 44.2936
PT16A 1999 03 2 32.0038
PT16A 1999 04 2 23.214
PT16A 1999 05 2 9.43736
PT16A 1999 06 2 34.242
PT16A 1999 07 2 370.838
PT16A 1999 08 2 288.937
PT16A 1999 09 2 132.604
PT16A 1999 10 2 12.2611
PT16A 1999 11 2 7.48801
PT16A 1999 12 2 1.05936
PT16A 2000 01 2 10.2143
PT16A 2000 02 2 3.4578
PT16A 2000 03 2 1533.69
PT16A 2000 05 2 14.9281
PT16A 2000 06 2 164.305
PT16A 2000 07 2 206.733
PT16A 2000 08 2 8068.02
PT16A 2000 09 2 1621.64
PT16A 2000 10 2 129.123
PT16A 2001 04 3 1.68144
PT16A 2001 05 4 3.5157
PT16A 2001 06 4 27.9698
PT16A 2001 07 4 134.851
PT16A 2001 08 4 2044.96
PT16A 2001 09 4 3506.74
PT16A 2001 10 4 8.1885
PT16A 2001 11 4 27.4
PT16A 2001 12 4 2.38002
PT16A 2002 01 2 0.00350574
PT16A 2002 02 2 15.493
PT16A 2002 03 2 1.48383
PT16A 2002 04 2 7.20269
PT16A 2002 05 2 11.6347
PT16A 2002 06 2 151.123
PT16A 2002 07 2 340.998
PT16A 2002 08 2 590.539
PT16A 2002 09 2 6.13228
PT16A 2003 02 2 1.99123
PT16A 2003 03 4 1.16659
PT16A 2003 04 4 0.625848
PT16A 2003 05 4 23.5812
PT16A 2003 06 4 57.7089
PT16A 2003 07 4 5164.37
PT16A 2003 08 4 2565.79
PT16A 2003 09 4 82.8282
PT16A 2003 10 4 6.1806
PT16A 2003 11 2 0.010563
PT16A 2003 12 2 0.339826
PT16A 2004 01 5 3.17284
PT16A 2004 03 5 4.3445
PT16A 2004 04 5 6.71916
PT16A 2004 05 4 0.375615
PT16A 2004 06 4 11.6455
PT16A 2004 07 4 241.808
PT16A 2004 08 4 16.8982
PT16A 2004 09 4 46.5697
PT16A 2004 10 4 71.2944
PT16A 2004 11 4 9.79108
PT16A 2004 12 5 25.1395
PT16A 2005 01 5 23.7047
PT16A 2005 02 5 31.6437
PT16A 2005 03 5 19.7258
PT16A 2005 04 5 21.9401
PT16A 2005 05 5 1.79947
PT16A 2005 06 5 28.2337
PT16A 2005 07 5 2962.87
PT16A 2005 08 5 3307.33
PT16A 2005 09 5 202.022
PT16A 2005 10 5 148.277
PT16A 2006 01 2 0.00839785
PT16A 2006 02 3 1.75533
PT16A 2006 04 4 1.10548
PT16A 2006 05 4 11.6671
PT16A 2006 06 4 1.66173
PT16A 2006 07 4 76.9647
PT16A 2006 08 4 612.01
PT16A 2006 09 4 296.745
PT16A 2006 10 4 0.0420723
PT16A 2007 01 2 0.000861373
PT16A 2007 03 2 0.830698
PT16A 2007 04 5 0.0562168
PT16A 2007 05 5 4.53991
PT16A 2007 06 5 0.397655
PT16A 2007 07 5 2.25671
PT16A 2007 08 5 35.5267
PT16A 2007 09 5 11.9525
PT16A 2007 10 5 5.06052
PT16A 2007 11 5 22.3096
PT16A 2007 12 3 5.6395
PT16B 1980 02 2 0.290928
PT16B 1980 03 3 3.68319
PT16B 1980 04 3 0.537783
PT16B 1980 05 3 1.25378
PT16B 1980 06 3 5.03818
PT16B 1980 07 3 75.5066
PT16B 1980 08 3 45.5962
PT16B 1980 09 3 199.924
PT16B 1980 10 3 13.4633
PT16B 1980 12 2 0.940613
PT16B 1981 01 2 32.9269
PT16B 1981 02 2 7.10406
PT16B 1981 03 4 3.68836
PT16B 1981 05 2 0.408816
PT16B 1981 06 2 16.2805
PT16B 1981 07 2 638.549
PT16B 1981 08 2 1726.92
PT16B 1981 09 2 156.279
PT16B 1981 10 2 28.2259
PT16B 1981 11 2 97.6007
PT16B 1981 12 2 3.88658
PT16B 1982 06 5 3.1881
PT16B 1982 07 5 4.4703
PT16B 1982 08 5 63.7202
PT16B 1982 09 5 259.448
PT16B 1983 07 5 9.12047
PT16B 1983 08 5 79.0706
PT16B 1983 09 5 290.55
PT16B 1983 10 5 39.9394
PT16B 1984 01 2 0.101198
PT16B 1984 02 3 0.888548
PT16B 1984 03 3 6.4401
PT16B 1984 04 4 5.4832
PT16B 1984 05 4 1.03061
PT16B 1984 06 3 3.34732
PT16B 1984 07 3 14.7318
PT16B 1984 08 3 66.4204
PT16B 1984 09 3 18.9013
PT16B 1985 07 2 0.599008
PT16B 1985 08 2 4.22733
PT16B 1985 10 3 5.36932
PT16B 1986 05 3 0.800752
PT16B 1986 06 2 0.682813
PT16B 1986 07 4 37.8362
PT16B 1986 08 3 12.2473
PT16B 1986 09 2 1.75406
PT16B 1987 04 3 15.0967
PT16B 1987 05 3 7.40944
PT16B 1987 08 3 1546.86
PT16B 1988 06 2 1.72662
PT16B 1988 07 4 1.34821
PT16B 1988 08 4 29.8359
PT16B 1988 09 4 384.059
PT16B 1988 10 4 74.0651
PT16B 1989 02 2 0.472828
PT16B 1989 05 2 0.862476
PT16B 1989 06 2 6.35463
PT16B 1989 07 84 981.427
PT16B 1989 08 147 435.359
PT16B 1989 09 209 394.561
PT16B 1989 10 94 217.593
PT16B 1990 06 3 66.5887
PT16B 1990 07 3 307.383
PT16B 1990 08 3 125.298
PT16B 1990 09 3 210.704
PT16B 1990 10 2 2.88682
PT16B 1991 06 4 43.778
PT16B 1991 07 4 1534.25
PT16B 1991 08 4 205.293
PT16B 1991 09 4 32.4367
PT16B 1992 05 3 1.01821
PT16B 1992 06 3 0.398318
PT16B 1992 07 3 74.7291
PT16B 1992 08 3 36.7672
PT16B 1992 09 3 300.679
PT16B 1993 02 2 74.4041
PT16B 1993 06 3 0.133487
PT16B 1993 07 3 176.851
PT16B 1993 08 3 436.982
PT16B 1993 09 3 172.505
PT16B 1994 02 2 0.392267
PT16B 1994 03 2 4.16199
PT16B 1994 04 2 82.0745
PT16B 1994 05 2 2.29698
PT16B 1994 06 2 43.4226
PT16B 1994 07 2 58.5784
PT16B 1994 08 192 215.718
PT16B 1994 09 362 359.605
PT16B 1994 10 362 20.916
PT16B 1995 01 5 2.25613
PT16B 1995 02 3 0.0242379
PT16B 1995 03 3 3.51404
PT16B 1995 04 3 9.41735
PT16B 1995 05 3 43.7554
PT16B 1995 06 94 88.2333
PT16B 1995 07 238 177.542
PT16B 1995 08 411 427.888
PT16B 1995 09 271 374.693
PT16B 1995 10 222 348.755
PT16B 1996 02 222 0.823653
PT16B 1996 03 222 0.94142
PT16B 1996 04 222 2.8153
PT16B 1996 05 222 15.1684
PT16B 1996 06 222 16.2361
PT16B 1996 07 119 57.8264
PT16B 1996 08 268 253.156
PT16B 1996 09 205 207.395
PT16B 1996 10 205 49.3377
PT16B 1996 11 205 5.8
PT16B 1996 12 4 0.0178619
PT16B 1997 01 2 0.243272
PT16B 1997 02 2 2.51946
PT16B 1997 03 2 12.8563
PT16B 1997 04 2 40.8012
PT16B 1997 05 2 17.7429
PT16B 1997 06 2 17.6626
PT16B 1997 07 2 17.3782
PT16B 1997 08 90 61.4812
PT16B 1997 09 302 125.861
PT16B 1997 10 156 130.175
PT16B 1997 11 156 3.03931
PT16B 1997 12 3 0.956675
PT16B 1998 02 3 5.85717
PT16B 1998 03 3 13.95
PT16B 1998 04 3 1.12184
PT16B 1998 05 3 11.0775
PT16B 1998 06 3 7.40809
PT16B 1998 07 97 25.9348
PT16B 1998 08 281 169.768
PT16B 1998 09 269 254.061
PT16B 1998 10 216 181.964
PT16B 1998 11 216 56.584
PT16B 1998 12 216 13.4464
PT16B 1999 01 216 4.66763
PT16B 1999 02 216 35.4936
PT16B 1999 03 216 25.843
PT16B 1999 04 216 21.0137
PT16B 1999 05 216 9.51352
PT16B 1999 06 81 71.5801
PT16B 1999 07 209 78.8147
PT16B 1999 08 244 200.962
PT16B 1999 09 193 244.651
PT16B 1999 10 193 62.4704
PT16B 1999 11 193 7.41431
PT16B 1999 12 193 0.72455
PT16B 2000 01 193 3.7079
PT16B 2000 02 193 20.0702
PT16B 2000 03 193 24.4135
PT16B 2000 04 5 0.0778826
PT16B 2000 05 5 2.11871
PT16B 2000 06 5 23.5529
PT16B 2000 07 160 106.087
PT16B 2000 08 464 840.776
PT16B 2000 09 434 257.599
PT16B 2000 10 235 103.471
PT16B 2000 11 235 3.55012
PT16B 2001 01 2 0.623782
PT16B 2001 02 5 2.6968
PT16B 2001 03 2 0.107154
PT16B 2001 04 2 8.75167
PT16B 2001 05 2 12.8211
PT16B 2001 06 86 65.8416
PT16B 2001 07 95 44.0557
PT16B 2001 08 226 352.5
PT16B 2001 09 291 84.7555
PT16B 2001 10 291 5.31973
PT16B 2001 11 83 54.3592
PT16B 2001 12 87 137.41
PT16B 2002 01 87 5.79865
PT16B 2002 02 87 8.45072
PT16B 2002 03 87 5.62904
PT16B 2002 04 87 13.5618
PT16B 2002 05 87 57.7987
PT16B 2002 06 88 103.314
PT16B 2002 07 243 239.364
PT16B 2002 08 219 146.48
PT16B 2002 09 87 37.593
PT16B 2002 10 87 1.63612
PT16B 2002 11 5 0.0512895
PT16B 2003 01 3 0.326153
PT16B 2003 02 3 0.0858534
PT16B 2003 03 3 2.99872
PT16B 2003 04 3 2.54093
PT16B 2003 05 3 47.209
PT16B 2003 06 90 34.747
PT16B 2003 07 155 250.691
PT16B 2003 08 196 1083.14
PT16B 2003 09 187 1267.39
PT16B 2003 10 187 25.5002
PT16B 2003 11 187 0.100265
PT16B 2003 12 187 0.0804941
PT16B 2004 01 4 0.0121851
PT16B 2004 02 4 6.611
PT16B 2004 03 4 9.86063
PT16B 2004 04 4 14.2183
PT16B 2004 05 4 15.3082
PT16B 2004 06 4 35.344
PT16B 2004 07 109 61.5966
PT16B 2004 08 101 110.143
PT16B 2004 09 177 188.732
PT16B 2004 10 179 210.955
PT16B 2004 11 81 23.8513
PT16B 2004 12 81 9.56097
PT16B 2005 01 81 31.6651
PT16B 2005 02 81 42.6169
PT16B 2005 03 114 75.8864
PT16B 2005 04 114 13.0963
PT16B 2005 05 114 16.3901
PT16B 2005 06 88 29.6571
PT16B 2005 07 142 358.491
PT16B 2005 08 267 680.457
PT16B 2005 09 137 174.235
PT16B 2005 10 135 132.473
PT16B 2005 11 135 2.62868
PT16B 2005 12 135 6.91449
PT16B 2006 01 135 1.32688
PT16B 2006 02 135 0.218534
PT16B 2006 03 135 0.27451
PT16B 2006 04 135 1.03207
PT16B 2006 05 135 6.57216
PT16B 2006 06 135 7.81492
PT16B 2006 07 83 84.979
PT16B 2006 08 177 71.4094
PT16B 2006 09 127 67.1632
PT16B 2006 10 127 10.1512
PT16B 2006 12 3 1.17547
PT16B 2007 01 2 0.0071335
PT16B 2007 02 4 0.0256733
PT16B 2007 03 4 0.412065
PT16B 2007 04 4 0.0939328
PT16B 2007 05 4 0.691785
PT16B 2007 06 4 7.11221
PT16B 2007 07 4 14.8947
PT16B 2007 08 102 77.3776
PT16B 2007 09 88 41.62
PT16B 2007 10 209 217.565
PT16B 2007 11 260 208.87
PT16B 2007 12 260 12.9306
PT16C 1980 03 2 0.0515311
PT16C 1980 04 3 1.24611
PT16C 1980 05 2 0.127951
PT16C 1980 06 4 102.956
PT16C 1980 07 4 343.757
PT16C 1980 08 4 1493.34
PT16C 1980 09 4 5.79541
PT16C 1981 01 2 0.0929829
PT16C 1981 02 2 0.301943
PT16C 1981 07 2 6877.11
PT16C 1981 08 3 26.4469
PT16C 1981 09 4 1.6663
PT16C 1981 10 3 0.445506
PT16C 1981 11 2 0.162283
PT16C 1982 06 4 0.908548
PT16C 1982 07 4 0.637236
PT16C 1982 08 4 55.967
PT16C 1982 09 4 16.2356
PT16C 1983 01 3 8.04413
PT16C 1983 02 2 0.269739
PT16C 1983 03 3 0.447774
PT16C 1983 04 2 0.0840763
PT16C 1983 05 2 0.110756
PT16C 1983 06 5 2.51282
PT16C 1983 07 5 125.997
PT16C 1983 08 5 258.171
PT16C 1983 09 5 97.1875
PT16C 1983 10 5 668.016
PT16C 1984 02 2 0.11056
PT16C 1984 03 2 1.86425
PT16C 1984 05 2 6.66714
PT16C 1984 06 5 4.75715
PT16C 1984 07 5 19.5015
PT16C 1984 08 5 109.444
PT16C 1984 09 5 28.2727
PT16C 1985 07 2 1.67687
PT16C 1985 09 4 2.65652
PT16C 1985 10 4 134.986
PT16C 1986 06 2 0.220442
PT16C 1986 07 2 920.729
PT16C 1986 08 2 594.341
PT16C 1986 09 2 0.0910725
PT16C 1987 06 2 21.9279
PT16C 1987 07 2 722.77
PT16C 1987 08 2 384.092
PT16C 1987 09 2 317.232
PT16C 1988 07 2 9.7885
PT16C 1988 08 88 57.0158
PT16C 1988 09 118 179.243
PT16C 1988 10 118 51.5286
PT16C 1988 11 2 0.123283
PT16C 1989 06 2 16.0975
PT16C 1989 07 2 2723.66
PT16C 1989 08 2 157.932
PT16C 1989 09 2 67.0378
PT16C 1989 10 2 184.159
PT16C 1990 06 2 712.823
PT16C 1990 07 2 1850.57
PT16C 1990 08 2 1197.52
PT16C 1990 09 2 14.3429
PT16C 1990 10 3 3.79126
PT16C 1991 05 2 168.948
PT16C 1991 06 2 2503.53
PT16C 1991 07 2 7875.85
PT16C 1991 08 2 4529.1
PT16C 1991 09 2 194.735
PT16C 1991 10 4 36.342
PT16C 1992 03 3 93.2733
PT16C 1992 04 2 197.033
PT16C 1992 05 2 0.14366
PT16C 1992 07 2 700.876
PT16C 1992 08 2 2907.79
PT16C 1992 09 2 321.32
PT16C 1992 10 3 0.0202896
PT16C 1993 04 2 73.9785
PT16C 1993 06 3 11.0466
PT16C 1993 07 3 159.595
PT16C 1993 08 3 34.7597
PT16C 1993 09 3 1.76216
PT16C 1994 06 3 9.42417
PT16C 1994 07 3 26.1238
PT16C 1994 08 3 65.2406
PT16C 1994 09 3 38.4871
PT16C 1995 03 3 5.54554
PT16C 1995 04 3 13.1001
PT16C 1995 05 3 16.6162
PT16C 1995 06 3 204.802
PT16C 1995 07 126 2257.21
PT16C 1995 08 190 7097.97
PT16C 1995 09 106 58.2066
PT16C 1995 10 106 26.1573
PT16C 1996 02 5 2.68531
PT16C 1996 03 5 17.0375
PT16C 1996 04 5 11.9398
PT16C 1996 05 5 5.2823
PT16C 1996 06 5 33.7421
PT16C 1996 07 139 500.004
PT16C 1996 08 101 146.032
PT16C 1996 09 101 223.878
PT16C 1996 10 101 20.9259
PT16C 1997 01 3 0.699825
PT16C 1997 02 3 0.578131
PT16C 1997 03 3 18.9392
PT16C 1997 04 3 8.09776
PT16C 1997 05 3 8.8609
PT16C 1997 06 3 5.59749
PT16C 1997 07 3 53.4613
PT16C 1997 08 3 49.3314
PT16C 1997 09 87 61.4913
PT16C 1997 10 87 82.8144
PT16C 1998 03 87 4.6743
PT16C 1998 05 87 7.16478
PT16C 1998 06 87 0.641674
PT16C 1998 07 98 27.098
PT16C 1998 08 163 260.77
PT16C 1998 09 163 33.077
PT16C 1998 10 163 26.0794
PT16C 1998 11 163 3.85399
PT16C 1998 12 163 2.19874
PT16C 1999 01 163 1.98282
PT16C 1999 02 163 19.3233
PT16C 1999 03 163 13.9722
PT16C 1999 04 163 27.0752
PT16C 1999 05 163 8.12562
PT16C 1999 06 108 86.9554
PT16C 1999 07 212 2576.48
PT16C 1999 08 124 166.806
PT16C 1999 09 124 34.3959
PT16C 1999 10 124 6.4553
PT16C 1999 11 124 0.746686
PT16C 1999 12 3 0.0222148
PT16C 2000 01 3 9.56459
PT16C 2000 02 3 9.00431
PT16C 2000 03 3 59.584
PT16C 2000 04 3 3.59791
PT16C 2000 05 3 2.24557
PT16C 2000 06 89 21.368
PT16C 2000 07 106 383.328
PT16C 2000 08 153 866.137
PT16C 2000 09 110 455.781
PT16C 2000 10 85 69.5389
PT16C 2000 11 2 0.135958
PT16C 2001 02 2 4.24303
PT16C 2001 04 2 41.5624
PT16C 2001 05 2 21.3147
PT16C 2001 06 2 136.774
PT16C 2001 07 2 87.5692
PT16C 2001 08 2 37.2476
PT16C 2001 09 2 1268
PT16C 2001 10 2 0.283108
PT16C 2001 11 2 4.23006
PT16C 2001 12 2 6.5873
PT16C 2002 01 5 0.0507662
PT16C 2002 02 5 1.85905
PT16C 2002 03 5 1.77794
PT16C 2002 04 5 21.9247
PT16C 2002 05 5 7.86558
PT16C 2002 06 5 134.742
PT16C 2002 07 131 3482.33
PT16C 2002 08 81 527.644
PT16C 2002 09 81 81.2199
PT16C 2002 10 81 0.313736
PT16C 2003 01 81 0.0714144
PT16C 2003 02 81 0.802613
PT16C 2003 03 81 13.6545
PT16C 2003 04 81 3.80534
PT16C 2003 05 81 17.4189
PT16C 2003 06 81 345.875
PT16C 2003 07 81 1831.49
PT16C 2003 08 106 21575.3
PT16C 2003 09 106 682.825
PT16C 2003 10 106 2.31436
PT16C 2003 11 3 7.42512
PT16C 2004 01 2 0.000522439
PT16C 2004 02 3 0.254132
PT16C 2004 03 3 6.82529
PT16C 2004 04 3 12.8145
PT16C 2004 05 3 13.3786
PT16C 2004 06 3 674.215
PT16C 2004 07 123 2843.1
PT16C 2004 08 123 53.5401
PT16C 2004 09 123 71.6109
PT16C 2004 10 123 135.644
PT16C 2004 11 123 2.0162
PT16C 2004 12 123 0.252105
PT16C 2005 01 123 2.52854
PT16C 2005 02 123 7.60418
PT16C 2005 03 123 11.9277
PT16C 2005 04 123 2.56636
PT16C 2005 05 123 7.59482
PT16C 2005 06 123 884.825
PT16C 2005 07 123 1020.11
PT16C 2005 08 157 19756.6
PT16C 2005 09 157 1328.64
PT16C 2005 10 157 144.256
PT16C 2005 11 2 0.0056288
PT16C 2005 12 2 0.137849
PT16C 2006 01 5 1.29618
PT16C 2006 02 5 0.0400302
PT16C 2006 03 4 0.116807
PT16C 2006 04 4 5.11406
PT16C 2006 05 4 4.63823
PT16C 2006 06 4 5.08358
PT16C 2006 07 4 386.855
PT16C 2006 08 111 693.539
PT16C 2006 09 111 330.078
PT16C 2006 10 111 2.53032
PT16C 2006 12 2 0.0163244
PT16C 2007 01 3 0.00711733
PT16C 2007 02 3 0.00140709
PT16C 2007 03 3 6.00177
PT16C 2007 04 3 1.15121
PT16C 2007 05 3 1.61645
PT16C 2007 06 3 1.40974
PT16C 2007 07 3 14.9949
PT16C 2007 08 3 2689.2
PT16C 2007 09 3 5.551
PT16C 2007 10 3 2.82135
PT16C 2007 11 3 7.40801
PT16C 2007 12 3 2.73751
PT171 1980 04 2 0.583146
PT171 1980 05 2 0.130686
PT171 1980 06 2 33.7912
PT171 1980 07 2 97.8496
PT171 1980 08 87 400.018
PT171 1980 09 127 181.582
PT171 1980 10 127 29.7045
PT171 1981 01 5 5.16623
PT171 1981 02 5 3.9191
PT171 1981 03 3 2.00212
PT171 1981 04 4 24.4838
PT171 1981 05 4 10.0421
PT171 1981 06 4 563.297
PT171 1981 07 91 311.247
PT171 1981 08 91 434.879
PT171 1981 09 91 112.628
PT171 1981 10 91 21.56
PT171 1981 11 91 56.1818
PT171 1981 12 91 48.1745
PT171 1982 06 91 3.40398
PT171 1982 07 91 26.7946
PT171 1982 08 91 89.0215
PT171 1982 09 91 58.4631
PT171 1983 01 2 2.05766
PT171 1983 03 3 0.178557
PT171 1983 06 3 3.99843
PT171 1983 07 3 30.0037
PT171 1983 08 3 121.646
PT171 1983 09 3 198.476
PT171 1983 10 3 30.6616
PT171 1984 01 3 0.199365
PT171 1984 02 3 0.483884
PT171 1984 03 3 0.65269
PT171 1984 05 5 1.73594
PT171 1984 06 3 1.13471
PT171 1984 07 3 37.1661
PT171 1984 08 94 93.3929
PT171 1984 09 94 10.5403
PT171 1985 06 5 1.77762
PT171 1985 08 5 4.72445
PT171 1986 05 2 0.982988
PT171 1986 06 2 329.526
PT171 1986 07 2 20.174
PT171 1986 08 2 129.2
PT171 1986 09 3 6.08375
PT171 1987 04 2 1.61716
PT171 1987 05 2 1.78545
PT171 1987 06 2 20.4436
PT171 1987 07 2 96.8951
PT171 1987 08 2 358.133
PT171 1987 09 2 173.654
PT171 1988 05 2 3.96189
PT171 1988 06 2 2.0967
PT171 1988 07 2 10.0623
PT171 1988 08 2 153.014
PT171 1988 09 158 346.273
PT171 1988 10 81 84.2739
PT171 1989 06 81 31.7114
PT171 1989 07 81 1483.36
PT171 1989 08 81 121.87
PT171 1989 09 218 320.636
PT171 1989 10 111 233.291
PT171 1990 06 4 3.56398
PT171 1990 07 4 67.962
PT171 1990 08 4 452.056
PT171 1990 09 4 170.841
PT171 1990 10 4 24.2198
PT171 1991 05 4 19.21
PT171 1991 06 4 102.531
PT171 1991 07 4 335.565
PT171 1991 08 4 268.969
PT171 1991 09 4 93.1687
PT171 1991 10 4 1.66471
PT171 1992 05 4 4.46138
PT171 1992 06 5 2.44493
PT171 1992 07 5 102.281
PT171 1992 08 5 46.03
PT171 1992 09 5 235.577
PT171 1992 10 3 3.92945
PT171 1993 05 2 1.73253
PT171 1993 06 2 4.22589
PT171 1993 07 2 108.356
PT171 1993 08 2 206.214
PT171 1993 09 2 84.4747
PT171 1994 04 2 0.099657
PT171 1994 06 5 1.29409
PT171 1994 07 5 114.946
PT171 1994 08 5 82.4231
PT171 1994 09 148 874.247
PT171 1994 10 5 1.83863
PT171 1995 06 5 26.5704
PT171 1995 07 5 169.907
PT171 1995 08 102 483.532
PT171 1995 09 102 200.605
PT171 1995 10 102 82.1678
PT171 1996 02 102 0.61209
PT171 1996 03 102 0.158622
PT171 1996 04 102 0.0544164
PT171 1996 05 102 0.0798576
PT171 1996 06 145 32.2415
PT171 1996 07 398 156.291
PT171 1996 08 392 209.368
PT171 1996 09 260 128.162
PT171 1996 10 98 33.2639
PT171 1996 11 98 15.0543
PT171 1996 12 98 0.882217
PT171 1997 01 2 0.0118116
PT171 1997 02 5 0.0361766
PT171 1997 03 5 16.326
PT171 1997 04 5 15.2516
PT171 1997 05 5 9.54962
PT171 1997 06 5 9.2929
PT171 1997 07 145 46.1137
PT171 1997 08 224 78.9539
PT171 1997 09 443 134.731
PT171 1997 10 150 61.8794
PT171 1997 11 5 0.681681
PT171 1998 02 5 0.520993
PT171 1998 03 5 4.03132
PT171 1998 04 4 0.137849
PT171 1998 05 4 4.3979
PT171 1998 06 4 20.1198
PT171 1998 07 319 137.117
PT171 1998 08 530 373.284
PT171 1998 09 324 319.911
PT171 1998 10 221 76.162
PT171 1998 11 122 62.5753
PT171 1998 12 84 85.8985
PT171 1999 01 84 1.70861
PT171 1999 02 84 44.5182
PT171 1999 03 84 16.8124
PT171 1999 04 84 10.891
PT171 1999 05 84 6.44373
PT171 1999 06 285 186.023
PT171 1999 07 383 109.602
PT171 1999 08 381 304.843
PT171 1999 09 324 256.039
PT171 1999 10 89 59.6509
PT171 1999 11 89 22.1145
PT171 1999 12 89 1.83441
PT171 2000 01 89 3.16717
