GR224 1985 08 2 20.4584
GR224 1985 09 2 59.7284
GR224 1986 08 2 32.7767
GR224 1986 10 2 0.138941
GR224 1987 09 3 0.956584
GR224 1987 10 3 8.19851
GR224 1988 04 2 1.66668
GR224 1988 06 4 39.4111
GR224 1988 07 4 16.878
GR224 1988 08 4 16.8905
GR224 1988 09 5 218.247
GR224 1988 10 3 0.925149
GR224 1989 01 2 0.341328
GR224 1989 04 2 52.188
GR224 1989 05 3 0.404564
GR224 1989 06 2 0.951863
GR224 1989 07 3 0.209834
GR224 1989 09 2 0.412515
GR224 1989 10 2 0.51661
GR224 1990 03 3 2.70065
GR224 1990 07 2 1.25573
GR224 1990 08 2 373.929
GR224 1991 03 2 0.245414
GR224 1991 07 2 0.180953
GR224 1991 09 2 0.657416
GR224 1991 10 3 0.121035
GR224 1992 04 3 1.62176
GR224 1992 05 2 0.070403
GR224 1992 07 2 0.719516
GR224 1992 08 3 0.369123
GR224 1992 09 3 120.062
GR224 1992 10 2 17.9742
GR224 1993 05 2 9.25873
GR224 1993 07 2 5.77383
GR224 1993 08 3 68.1533
GR224 1993 09 4 3.3256
GR224 1993 10 4 6.28193
GR224 1993 11 2 3.29268
GR224 1994 04 2 0.335115
GR224 1994 05 2 0.13265
GR224 1994 08 2 6.4626
GR224 1994 09 2 8.03024
GR224 1996 06 2 2.22159
GR224 1996 07 4 249.354
GR224 1997 08 2 1.89657
GR224 1998 07 2 0.308301
GR224 1998 08 2 0.28256
GR224 1999 08 4 1.60873
GR224 2000 04 2 0.129061
GR224 2000 06 4 2.91719
GR224 2000 08 3 0.837397
GR224 2000 09 3 8.16407
GR224 2001 06 2 0.227688
GR224 2001 10 3 7.10545
GR224 2001 11 2 0.11006
GR224 2003 08 2 1.07022
GR224 2003 09 2 0.127273
GR224 2004 06 2 0.879053
GR224 2004 08 2 0.484423
GR231 1983 03 2 0.233988
GR231 1983 05 2 0.338169
GR231 1983 06 2 0.380472
GR231 1983 07 4 18.2543
GR231 1983 08 4 111.188
GR231 1983 09 4 253.708
GR231 1983 10 4 68.739
GR231 1984 05 2 0.315882
GR231 1984 06 3 98.2649
GR231 1984 07 3 55.871
GR231 1984 08 3 35.9869
GR231 1984 09 3 20.4425
GR231 1984 10 3 179.725
GR231 1984 11 3 11.0428
GR231 1985 03 2 0.28034
GR231 1985 04 4 5.15754
GR231 1985 05 2 7.4972
GR231 1985 06 3 14.3425
GR231 1985 07 3 1339.51
GR231 1985 08 3 3741.63
GR231 1985 09 3 328.147
GR231 1985 10 2 1.25673
GR231 1986 04 2 0.123549
GR231 1986 06 3 2.01798
GR231 1986 07 2 15.9652
GR231 1986 08 2 32.286
GR231 1986 09 2 925.077
GR231 1986 10 2 49.9446
GR231 1986 11 4 6.92876
GR231 1987 04 2 0.1095
GR231 1987 06 5 48.6434
GR231 1987 07 5 103.501
GR231 1987 08 5 39.6614
GR231 1987 09 5 826.359
GR231 1987 10 4 1.0571
GR231 1988 05 2 0.394488
GR231 1988 06 5 120.974
GR231 1988 07 5 1991.82
GR231 1988 08 5 4949.45
GR231 1988 09 5 477.087
GR231 1988 10 5 216.202
GR231 1989 01 4 14.2911
GR231 1989 03 3 20.9232
GR231 1989 04 4 13.0899
GR231 1989 06 2 0.401169
GR231 1989 07 2 0.113243
GR231 1989 08 2 495.503
GR231 1989 09 2 110.218
GR231 1990 01 2 6.80418
GR231 1990 02 2 20.1736
GR231 1990 03 2 5.18925
GR231 1990 05 3 6.16517
GR231 1990 06 3 136.982
GR231 1990 07 3 1003.11
GR231 1990 08 3 2545.84
GR231 1990 09 3 7.70347
GR231 1990 10 5 51.2953
GR231 1991 06 2 20.5651
GR231 1991 07 2 6.48246
GR231 1991 08 2 19.3129
GR231 1991 09 3 56.8328
GR231 1991 10 3 265.323
GR231 1992 01 2 5.16359
GR231 1992 02 5 14.6007
GR231 1992 03 3 6.2055
GR231 1992 07 2 17.2086
GR231 1992 08 2 1435.04
GR231 1992 09 2 370.063
GR231 1992 10 2 5.05737
GR231 1993 02 3 3.78279
GR231 1993 03 2 1.15865
GR231 1993 06 3 55.5275
GR231 1993 07 3 525.824
GR231 1993 08 3 669.855
GR231 1993 09 3 80.3868
GR231 1993 10 3 66.9703
GR231 1993 11 2 3.97424
GR231 1994 05 2 2.42765
GR231 1994 06 2 16.7567
GR231 1994 07 2 727.143
GR231 1994 08 2 504.99
GR231 1994 09 2 176.685
GR231 1994 10 2 38.2439
GR231 1994 11 2 0.537659
GR231 1995 04 2 0.647195
GR231 1995 05 4 2.54183
GR231 1995 06 4 42.2503
GR231 1995 07 4 88.8549
GR231 1995 08 4 106.89
GR231 1995 09 5 4.74376
GR231 1995 10 5 3.53158
GR231 1996 06 5 26.768
GR231 1996 07 5 529.921
GR231 1996 08 5 204.596
GR231 1996 09 5 25.3744
GR231 1996 10 3 3.22113
GR231 1997 03 2 0.103544
GR231 1997 05 2 0.0722454
GR231 1997 06 2 108.901
GR231 1997 07 2 255.418
GR231 1997 08 2 273.579
GR231 1997 09 2 280.285
GR231 1997 10 2 42.9538
GR231 1998 02 3 1.70163
GR231 1998 03 3 2.12706
GR231 1998 06 3 6.40172
GR231 1998 07 3 445.592
GR231 1998 08 3 2073.1
GR231 1998 09 4 38.478
GR231 1999 05 3 2.4506
GR231 1999 06 4 1.19774
GR231 1999 07 4 13.8556
GR231 1999 08 4 82.4551
GR231 1999 09 4 2.6718
GR231 1999 10 5 15.5448
GR231 2000 01 2 0.0755505
GR231 2000 03 2 2.37697
GR231 2000 04 4 0.657101
GR231 2000 05 5 0.992928
GR231 2000 06 5 12.6478
GR231 2000 07 5 18.1025
GR231 2000 08 5 71.7624
GR231 2000 09 5 14.1765
GR231 2000 10 5 3.55869
GR231 2001 01 2 0.473779
GR231 2001 02 2 0.327903
GR231 2001 03 2 1.54426
GR231 2001 05 2 0.0787391
GR231 2001 06 4 0.430389
GR231 2001 07 4 88.2647
GR231 2001 08 4 96.4088
GR231 2001 09 4 7.12347
GR231 2001 10 4 168.305
GR231 2001 11 2 0.111368
GR231 2001 12 5 0.997226
GR231 2002 01 4 0.900984
GR231 2002 02 4 2.16945
GR231 2002 03 4 0.841072
GR231 2002 04 2 0.0918082
GR231 2002 06 3 1.27048
GR231 2002 07 4 41.5298
GR231 2002 08 2 0.913816
GR231 2002 10 2 0.14874
GR231 2003 05 2 3.7186
GR231 2003 06 2 0.376113
GR231 2003 07 2 98.8193
GR231 2003 08 5 1.73682
GR231 2003 09 3 0.496696
GR231 2004 08 2 0.461548
GR231 2004 09 3 0.182265
GR231 2004 11 2 0.126983
GR232 1983 03 4 4.20717
GR232 1983 04 4 1.41725
GR232 1983 05 3 3.15514
GR232 1983 07 3 197.046
GR232 1983 08 3 57.7704
GR232 1983 09 4 128.282
GR232 1983 10 3 22.0685
GR232 1984 06 2 0.112369
GR232 1984 07 5 7.12865
GR232 1984 08 5 56.0611
GR232 1984 09 5 68.9945
GR232 1984 10 5 4.71281
GR232 1984 11 2 0.291592
GR232 1984 12 5 13.2154
GR232 1985 02 2 0.208189
GR232 1985 03 2 0.929866
GR232 1985 04 5 18.5518
GR232 1985 06 3 8.71392
GR232 1985 07 3 62.3259
GR232 1985 08 3 3512.9
GR232 1985 09 4 14.3548
GR232 1985 10 4 87.186
GR232 1985 12 2 58.0556
GR232 1986 03 2 0.0700341
GR232 1986 04 3 0.655074
GR232 1986 05 2 0.734811
GR232 1986 06 3 0.407431
GR232 1986 07 4 32.7331
GR232 1986 08 4 27.6543
GR232 1986 09 4 102.671
GR232 1986 10 4 10.9546
GR232 1986 11 4 712.997
GR232 1986 12 2 1.10559
GR232 1987 01 2 2.7048
GR232 1987 06 4 250.249
GR232 1987 07 4 47.604
GR232 1987 08 4 473.494
GR232 1987 09 4 1463.8
GR232 1987 10 2 99.5715
GR232 1988 01 2 0.212953
GR232 1988 03 4 1.41785
GR232 1988 04 5 10.2099
GR232 1988 05 5 9.06738
GR232 1988 06 4 22.433
GR232 1988 07 4 1664.48
GR232 1988 08 4 116.038
GR232 1988 09 4 24.5488
GR232 1988 10 4 45.8292
GR232 1988 11 2 0.933493
GR232 1988 12 3 2.1268
GR232 1989 01 3 8.2954
GR232 1989 02 3 25.7
GR232 1989 03 4 7.64306
GR232 1989 04 4 378.031
GR232 1989 05 2 1.79972
GR232 1989 07 2 70.309
GR232 1989 08 2 1319.68
GR232 1989 09 5 46.2982
GR232 1989 10 2 1.00859
GR232 1990 02 2 0.118258
GR232 1990 03 2 12.3796
GR232 1990 05 2 0.499112
GR232 1990 06 3 6.20742
GR232 1990 07 3 81.3532
GR232 1990 08 3 665.558
GR232 1990 09 4 18.3489
GR232 1990 10 4 14.9231
GR232 1991 02 2 0.197854
GR232 1991 03 3 5.51002
GR232 1991 07 3 6.71458
GR232 1991 09 3 189.398
GR232 1991 10 3 42.2382
GR232 1991 11 2 0.206062
GR232 1992 01 3 0.279026
GR232 1992 02 3 35.1048
GR232 1992 03 3 50.4655
GR232 1992 04 3 3.90122
GR232 1992 06 2 13.8483
GR232 1992 07 4 130.727
GR232 1992 08 4 80.3131
GR232 1992 09 4 842.73
GR232 1992 10 4 68.7023
GR232 1993 01 2 0.426735
GR232 1993 02 2 1.01695
GR232 1993 03 5 16.4887
GR232 1993 04 2 3.6259
GR232 1993 08 2 326.651
GR232 1993 09 4 36.5648
GR232 1993 10 4 442.308
GR232 1994 04 3 1.17472
GR232 1994 07 4 9.2346
GR232 1994 08 4 1585.52
GR232 1994 09 4 20.2936
GR232 1994 10 2 2.98751
GR232 1995 02 2 0.191184
GR232 1995 04 2 0.55134
GR232 1995 06 2 0.128006
GR232 1995 07 2 2916.73
GR232 1995 08 3 25.8694
GR232 1995 09 3 8.99291
GR232 1995 10 3 12.0114
GR232 1996 03 2 0.234728
GR232 1996 05 2 668.221
GR232 1996 06 4 2.27022
GR232 1996 08 4 145.804
GR232 1996 09 3 10.1143
GR232 1996 10 2 3.01385
GR232 1996 12 2 0.178676
GR232 1997 01 3 0.544468
GR232 1997 02 3 0.952225
GR232 1997 03 2 0.344943
GR232 1997 05 5 9.23619
GR232 1997 06 2 4.65369
GR232 1997 07 3 166.952
GR232 1997 08 3 177.207
GR232 1997 09 3 53.4669
GR232 1997 10 4 0.550849
GR232 1997 11 2 0.474716
GR232 1998 01 2 0.103377
GR232 1998 03 2 0.240274
GR232 1998 04 3 1.96079
GR232 1998 05 3 2.99613
GR232 1998 06 2 24.3522
GR232 1998 07 2 513.507
GR232 1998 08 2 1478.25
GR232 1998 09 2 5.73623
GR232 1998 10 3 0.951895
GR232 1999 01 3 0.555445
GR232 1999 03 3 3.12679
GR232 1999 04 4 2.34637
GR232 1999 06 3 0.191151
GR232 1999 07 2 0.66518
GR232 1999 08 2 16.4293
GR232 1999 10 2 0.703277
GR232 1999 12 2 0.916742
GR232 2000 02 2 0.38033
GR232 2000 03 4 5.74195
GR232 2000 04 3 56.2746
GR232 2000 05 3 0.865541
GR232 2000 06 3 0.288082
GR232 2000 07 3 137.786
GR232 2000 08 3 523.505
GR232 2000 09 3 6.26458
GR232 2000 10 5 2.76268
GR232 2000 11 2 0.296454
GR232 2001 02 2 0.421416
GR232 2001 03 4 2.09769
GR232 2001 05 3 0.465329
GR232 2001 06 2 0.0532019
GR232 2001 07 5 7.10027
GR232 2001 08 5 66.6049
GR232 2001 09 4 1.95721
GR232 2001 10 4 25.7647
GR232 2001 11 4 0.780225
GR232 2002 01 2 0.0566893
GR232 2002 02 2 3.30225
GR232 2002 03 5 28.073
GR232 2002 04 2 0.830982
GR232 2002 05 2 0.0672599
GR232 2002 06 2 5.20083
GR232 2002 08 4 0.458641
GR232 2002 09 2 0.194254
GR232 2003 02 3 0.241678
GR232 2003 03 4 2.01512
GR232 2003 06 5 3.41937
GR232 2003 07 4 10.954
GR232 2003 08 4 29.0302
GR232 2003 09 5 8.96752
GR232 2003 10 2 0.0605032
GR232 2003 11 2 0.57215
GR232 2004 01 2 0.21507
GR232 2004 02 2 0.279768
GR232 2004 03 4 2.21277
GR232 2004 04 4 185.289
GR232 2004 05 5 2.2196
GR232 2004 06 2 4.76356
GR232 2004 07 5 48.3628
GR232 2004 08 5 3.38879
GR232 2004 09 5 51.0571
GR232 2004 10 5 4.84776
GR233 1983 01 5 1.52814
GR233 1983 02 5 1.48381
GR233 1983 03 5 28.2124
GR233 1983 04 5 9.07511
GR233 1983 05 2 10.0073
GR233 1983 06 2 2.25819
GR233 1983 07 2 39.9864
GR233 1983 08 2 7.83046
GR233 1983 09 4 1.44612
GR233 1983 10 3 0.718242
GR233 1983 11 2 1.37776
GR233 1984 02 3 3.47609
GR233 1984 03 2 3.74465
GR233 1984 04 2 1.39377
GR233 1984 05 4 67.9797
GR233 1984 06 4 0.747502
GR233 1984 07 4 31.9778
GR233 1984 08 4 11.659
GR233 1984 09 4 50.8842
GR233 1984 10 4 88.3043
GR233 1984 11 4 2.5271
GR233 1984 12 4 7.69316
GR233 1985 01 2 0.136507
GR233 1985 02 4 0.487428
GR233 1985 03 2 4.06768
GR233 1985 04 5 12.5718
GR233 1985 05 5 37.748
GR233 1985 06 5 89.2823
GR233 1985 07 5 469.391
GR233 1985 08 5 6840.25
GR233 1985 09 5 59.9773
GR233 1985 10 5 153.232
GR233 1985 11 4 0.819917
GR233 1986 02 4 0.7203
GR233 1986 03 3 1.32023
GR233 1986 04 3 3.42112
GR233 1986 05 2 0.191091
GR233 1986 06 4 0.40894
GR233 1986 07 4 619.016
GR233 1986 08 4 2479.83
GR233 1986 09 4 129.129
GR233 1986 10 4 13.4021
GR233 1986 11 4 23.3746
GR233 1986 12 3 0.465116
GR233 1987 01 5 1.47644
GR233 1987 02 3 4.47381
GR233 1987 03 4 1.69481
GR233 1987 04 4 17.0992
GR233 1987 05 4 7.12269
GR233 1987 06 3 1.04879
GR233 1987 07 3 9.93602
GR233 1987 08 3 34.5907
GR233 1987 09 3 91.1862
GR233 1987 10 2 0.0878875
GR233 1987 11 2 0.0777717
GR233 1987 12 2 0.225756
GR233 1988 01 2 0.336883
GR233 1988 02 3 0.47836
GR233 1988 03 5 3.56689
GR233 1988 04 5 9.78549
GR233 1988 05 4 6.82541
GR233 1988 06 4 247.769
GR233 1988 07 4 789.862
GR233 1988 08 4 522.063
GR233 1988 09 4 249.514
GR233 1988 10 4 70.3969
GR233 1988 11 2 1.99229
GR233 1989 01 2 25.1756
GR233 1989 02 2 520.391
GR233 1989 03 2 77.5392
GR233 1989 04 2 1429.59
GR233 1989 05 2 0.755171
GR233 1989 06 2 18.8791
GR233 1989 07 2 55.5394
GR233 1989 08 2 1197.16
GR233 1989 09 5 1459.9
GR233 1989 10 3 0.327146
GR233 1989 11 3 0.487155
GR233 1990 01 2 0.275958
GR233 1990 02 2 4.7763
GR233 1990 03 2 31.9371
GR233 1990 04 2 0.11994
GR233 1990 05 2 42.1892
GR233 1990 06 2 85.2676
GR233 1990 07 2 151.979
GR233 1990 08 2 4.71241
GR233 1990 09 2 1.29818
GR233 1990 10 2 80.4001
GR233 1990 11 3 1.93793
GR233 1991 01 4 21.0424
GR233 1991 02 2 0.0869359
GR233 1991 03 2 16.6106
GR233 1991 04 2 0.160948
GR233 1991 05 3 0.595841
GR233 1991 07 3 5.03764
GR233 1991 08 3 37.4715
GR233 1991 09 3 112.539
GR233 1991 10 3 72.1802
GR233 1991 12 2 0.0933647
GR233 1992 01 2 6.9455
GR233 1992 02 2 25.7028
GR233 1992 03 2 15.3336
GR233 1992 04 2 30.7114
GR233 1992 05 3 0.7727
GR233 1992 06 3 0.861245
GR233 1992 07 3 347.293
GR233 1992 08 3 91.2292
GR233 1992 09 3 201.653
GR233 1992 10 3 15.5863
GR233 1992 11 2 0.247893
GR233 1992 12 3 0.389651
GR233 1993 01 3 1.93898
GR233 1993 02 3 8.28897
GR233 1993 03 3 2.2008
GR233 1993 04 3 3.42842
GR233 1993 05 5 0.683106
GR233 1993 06 4 2.06953
GR233 1993 07 4 133.974
GR233 1993 08 4 932.641
GR233 1993 09 4 9.57613
GR233 1993 10 4 1345.03
GR233 1993 11 5 9.0261
GR233 1993 12 2 0.312081
GR233 1994 02 2 0.103065
GR233 1994 03 2 4.61066
GR233 1994 04 2 0.810475
GR233 1994 05 3 0.738126
GR233 1994 06 4 1.11794
GR233 1994 07 4 1.3873
GR233 1994 08 4 720.15
GR233 1994 09 4 34.1573
GR233 1994 10 4 20.9516
GR233 1994 11 3 0.127993
GR233 1994 12 2 0.894786
GR233 1995 02 2 1.41832
GR233 1995 03 2 2.16605
GR233 1995 04 2 4.91218
GR233 1995 05 5 1.01964
GR233 1995 06 5 16.1623
GR233 1995 07 5 81.6829
GR233 1995 08 5 15.7147
GR233 1995 09 5 1.54034
GR233 1995 10 5 5.22678
GR233 1996 01 2 0.137786
GR233 1996 02 2 1.18499
GR233 1996 03 3 0.217358
GR233 1996 04 3 1.5994
GR233 1996 05 2 0.143727
GR233 1996 06 2 2.44378
GR233 1996 07 2 11.0306
GR233 1996 08 2 157.058
GR233 1996 09 4 0.63625
GR233 1996 10 4 0.878059
GR233 1996 11 4 1.93355
GR233 1997 01 2 0.12853
GR233 1997 02 2 1.85052
GR233 1997 03 2 11.5711
GR233 1997 04 5 1.59306
GR233 1997 05 5 29.7147
GR233 1997 06 5 25.3776
GR233 1997 07 5 3378.75
GR233 1997 08 5 22.9432
GR233 1997 09 5 3.56266
GR233 1997 10 5 5.88868
GR233 1997 11 3 4.21789
GR233 1997 12 2 3.14985
GR233 1998 02 3 2.75811
GR233 1998 03 3 3.28677
GR233 1998 04 3 68.9039
GR233 1998 05 3 6.56242
GR233 1998 06 2 2.05227
GR233 1998 07 2 262.601
GR233 1998 08 2 8366.59
GR233 1998 09 3 4869.22
GR233 1999 01 2 4.35424
GR233 1999 03 5 2.1105
GR233 1999 04 5 12.874
GR233 1999 05 4 0.388539
GR233 1999 06 3 2.83116
GR233 1999 07 3 1.14638
GR233 1999 08 3 0.436839
GR233 1999 09 3 0.13039
GR233 1999 10 3 2.57051
GR233 2000 01 4 0.880026
GR233 2000 02 2 0.272224
GR233 2000 03 2 3.15487
GR233 2000 04 2 1.19174
GR233 2000 06 3 0.348732
GR233 2000 07 3 266.465
GR233 2000 08 3 1250.82
GR233 2000 09 3 82.4187
GR233 2000 10 2 0.316908
GR233 2000 11 5 0.688848
GR233 2001 01 3 0.115472
GR233 2001 02 2 0.190068
GR233 2001 03 2 8.06829
GR233 2001 04 2 0.216324
GR233 2001 05 3 0.26562
GR233 2001 06 2 0.105366
GR233 2001 07 2 13.0158
GR233 2001 08 2 10.5302
GR233 2001 09 2 14.6362
GR233 2001 10 2 4.42244
GR233 2001 11 2 3.34603
GR233 2001 12 3 0.250544
GR233 2002 01 3 2.07653
GR233 2002 02 3 14.5616
GR233 2002 03 3 2.95938
GR233 2002 04 4 0.794374
GR233 2002 05 3 0.286906
GR233 2002 06 5 0.6859
GR233 2002 07 4 2.19162
GR233 2002 08 5 62.448
GR233 2002 09 4 0.802445
GR233 2002 10 4 0.576484
GR233 2003 02 4 0.836899
GR233 2003 03 4 5.93685
GR233 2003 04 4 2.87196
GR233 2003 05 5 1.94544
GR233 2003 06 5 81.1791
GR233 2003 07 5 3.71081
GR233 2003 08 5 169.255
GR233 2003 09 5 14.3994
GR233 2003 10 5 0.679786
GR233 2003 11 2 0.118586
GR233 2003 12 3 0.25794
GR233 2004 02 3 1.20748
GR233 2004 03 3 1.18385
GR233 2004 04 3 9.40454
GR233 2004 05 3 0.487073
GR233 2004 06 3 0.299147
GR233 2004 07 3 44.0759
GR233 2004 08 3 129.941
GR233 2004 09 5 126.482
GR233 2004 10 3 0.101174
GR233 2004 11 3 12.4711
GR241 1983 04 2 0.5852
GR241 1983 05 5 3.57226
GR241 1983 06 3 28.7235
GR241 1983 07 4 5.49242
GR241 1983 08 2 3.65016
GR241 1983 09 5 73.1257
GR241 1983 10 3 261.843
GR241 1984 04 2 1.50491
GR241 1984 05 2 7.1708
GR241 1984 06 5 83.1494
GR241 1984 07 4 25.1657
GR241 1984 08 4 56.5637
GR241 1984 09 5 125.543
GR241 1984 10 5 298.481
GR241 1985 05 3 3.02624
GR241 1985 06 4 122.509
GR241 1985 07 4 404.756
GR241 1985 08 4 254.667
GR241 1985 10 2 4.06945
GR241 1985 11 2 2.60126
GR241 1986 04 2 0.944446
GR241 1986 06 2 0.976353
GR241 1986 07 2 301.537
GR241 1986 08 4 67.4386
GR241 1986 09 2 4.88187
GR241 1986 10 5 14.643
GR241 1986 11 2 2.70392
GR241 1987 01 2 0.315985
GR241 1987 02 2 0.424755
GR241 1987 04 3 7.15022
GR241 1987 05 3 2.2822
GR241 1987 06 5 190.131
GR241 1987 07 5 387.008
GR241 1987 08 3 232.242
GR241 1987 09 4 11.8783
GR241 1987 10 2 0.882
GR241 1988 05 2 1.19452
GR241 1988 06 5 689.909
GR241 1988 07 5 2907.09
GR241 1988 08 5 547.373
GR241 1988 09 5 710.044
GR241 1988 10 5 140.235
GR241 1989 02 2 1.15635
GR241 1989 03 2 1.46348
GR241 1989 04 2 0.0580254
GR241 1989 05 2 1.00666
GR241 1989 07 5 283.464
GR241 1989 09 2 2.51431
GR241 1990 02 2 3.0921
GR241 1990 03 5 18.5807
GR241 1990 04 2 3.26961
GR241 1990 05 4 13.6409
GR241 1990 06 4 149.573
GR241 1990 07 3 72.6882
GR241 1990 08 5 163.541
GR241 1990 09 2 8.65001
GR241 1990 10 3 0.33187
GR241 1991 02 2 0.796098
GR241 1991 04 2 0.83043
GR241 1991 06 4 27.0181
GR241 1991 07 5 1196.27
GR241 1991 08 3 30.8738
GR241 1991 09 5 383.464
GR241 1991 10 4 9.96385
GR241 1992 06 3 53.7494
GR241 1992 07 3 7.2857
GR241 1992 08 3 127.252
GR241 1992 09 3 466.221
GR241 1992 10 3 13.0363
GR241 1992 12 2 3.2164
GR241 1993 01 2 0.614009
GR241 1993 02 2 4.39269
GR241 1993 03 3 0.709475
GR241 1993 04 2 14.1779
GR241 1993 05 2 0.211528
GR241 1993 06 2 154.971
GR241 1993 07 4 1077.38
GR241 1993 08 4 80.3568
GR241 1993 09 5 869.633
GR241 1993 10 5 6.15338
GR241 1994 05 5 81.7364
GR241 1994 06 5 317.409
GR241 1994 07 5 285.971
GR241 1994 08 5 1212.83
GR241 1994 09 5 460.135
GR241 1995 02 3 4.1723
GR241 1995 04 2 2.25293
GR241 1995 05 2 46.3265
GR241 1995 06 2 154.291
GR241 1995 07 2 121.494
GR241 1995 08 2 787.641
GR241 1995 09 5 13.83
GR241 1995 10 3 3.5305
GR241 1995 11 3 5.59844
GR241 1996 04 4 1.83698
GR241 1996 05 3 1.12137
GR241 1996 06 3 23.028
GR241 1996 07 3 293.34
GR241 1996 08 3 5.39957
GR241 1996 09 3 476.564
GR241 1996 11 2 0.745554
GR241 1997 05 5 107.355
GR241 1997 06 5 240.831
GR241 1997 07 5 1560.91
GR241 1997 08 4 426.327
GR241 1997 09 3 4.43977
GR241 1997 10 2 4.01021
GR241 1998 04 4 3.14304
GR242 1983 01 4 12.543
GR242 1983 02 2 7.62498
GR242 1983 03 2 20.2338
GR242 1983 04 5 98.3962
GR242 1983 05 4 2.4488
GR242 1983 06 3 4.4607
GR242 1983 07 3 58.2886
GR242 1983 08 3 275.58
GR242 1983 09 3 37.6038
GR242 1983 10 3 21.1261
GR242 1983 11 3 33.687
GR242 1984 01 4 1.61197
GR242 1984 02 3 0.417158
GR242 1984 05 2 2.72979
GR242 1984 06 2 0.222356
GR242 1984 07 2 474.485
GR242 1984 08 5 2.20029
GR242 1984 09 5 27.2739
GR242 1984 10 5 97.9982
GR242 1984 11 2 0.474704
GR242 1985 02 3 1.81147
GR242 1985 04 3 588.983
GR242 1985 05 3 1.87427
GR242 1985 06 5 2.2936
GR242 1985 07 5 1405.78
GR242 1985 08 5 3569.54
GR242 1985 09 5 124.598
GR242 1985 10 5 3377.5
GR242 1985 11 2 2.74354
GR242 1986 01 2 0.185881
GR242 1986 03 3 1.45366
GR242 1986 04 3 152.189
GR242 1986 05 3 2.9738
GR242 1986 06 3 400.814
GR242 1986 07 3 105.642
GR242 1986 08 3 546.24
GR242 1986 09 3 190.246
GR242 1986 10 3 152.007
GR242 1986 11 4 41.2431
GR242 1986 12 3 17.0789
GR242 1987 01 4 82.7564
GR242 1987 03 2 0.0740274
GR242 1987 04 5 1.76164
GR242 1987 05 3 0.50156
GR242 1987 06 4 12.4408
GR242 1987 07 4 17.1691
GR242 1987 08 4 117.891
GR242 1987 09 4 587.746
GR242 1987 10 3 1.29903
GR242 1987 11 2 9.29892
GR242 1988 02 3 0.245368
GR242 1988 03 3 0.967992
GR242 1988 04 4 1.77029
GR242 1988 05 4 191.667
GR242 1988 06 4 58.9734
GR242 1988 07 4 65.5501
GR242 1988 08 4 3311.18
GR242 1988 09 4 668.765
GR242 1988 10 4 10.6196
GR242 1988 11 2 0.546928
GR242 1988 12 3 1.1804
GR242 1989 01 3 22.0343
GR242 1989 02 3 21.1965
GR242 1989 03 5 6.61692
GR242 1989 04 4 10.2402
GR242 1989 05 2 0.406896
GR242 1989 06 2 52.2199
GR242 1989 07 2 303.545
GR242 1989 08 2 124.822
GR242 1989 09 2 435.701
GR242 1989 10 2 14.8695
GR242 1989 11 2 0.579642
GR242 1989 12 3 2.59061
GR242 1990 01 3 0.192568
GR242 1990 02 5 5.88128
GR242 1990 03 5 15.2077
GR242 1990 04 3 4.9104
GR242 1990 05 3 20.9305
GR242 1990 06 3 1282.73
GR242 1990 07 3 4936.54
GR242 1990 08 5 682.7
GR242 1990 09 5 20.3254
GR242 1990 10 5 322.988
GR242 1990 11 2 20.1996
GR242 1991 04 3 0.262284
GR242 1991 05 3 8.53734
GR242 1991 06 5 0.849928
GR242 1991 07 5 188.178
GR242 1991 08 3 1.13208
GR242 1991 09 4 64.7725
GR242 1991 10 5 13.6916
GR242 1991 11 2 0.0600044
GR242 1992 03 2 17.6036
GR242 1992 04 2 4.5223
GR242 1992 05 5 1.68873
GR242 1992 06 5 31.7609
GR242 1992 07 5 601.077
GR242 1992 08 5 1138.34
GR242 1992 09 5 3501.31
GR242 1992 10 5 3.3872
GR242 1992 11 4 4.20292
GR242 1992 12 2 0.244192
GR242 1993 01 4 1.56117
GR242 1993 02 4 3.62604
GR242 1993 03 4 4.41965
GR242 1993 04 4 3.14226
GR242 1993 06 4 135.549
GR242 1993 07 4 1389.24
GR242 1993 08 4 1436.11
GR242 1993 09 4 31.2838
GR242 1993 10 4 356.982
GR242 1993 12 2 3.93924
GR242 1994 01 2 0.0531908
GR242 1994 03 3 2.90398
GR242 1994 04 5 30.4945
GR242 1994 05 5 1.02316
GR242 1994 06 5 49.5262
GR242 1994 07 5 3203.74
GR242 1994 08 5 170.148
GR242 1994 09 5 81.7388
GR242 1994 10 5 0.499966
GR242 1995 02 3 0.283082
GR242 1995 03 2 0.128273
GR242 1995 04 2 7.6752
GR242 1995 05 2 6.86757
GR242 1995 06 2 61.9395
GR242 1995 07 2 243.119
GR242 1995 08 2 646.105
GR242 1995 09 2 559.643
GR242 1995 10 2 67.0283
GR242 1995 11 3 0.208521
GR242 1995 12 2 0.151456
GR242 1996 04 2 1.21398
GR242 1996 05 2 0.829155
GR242 1996 06 2 139.89
GR242 1996 07 2 972.596
GR242 1996 08 2 26.0834
GR242 1996 09 2 99.3483
GR242 1996 11 2 0.347647
GR242 1996 12 2 5.56848
GR242 1997 01 2 1.16522
GR242 1997 02 2 0.63249
GR242 1997 03 5 9.48453
GR242 1997 04 2 0.0968123
GR242 1997 05 4 23.2401
GR242 1997 06 4 50.73
GR242 1997 07 4 2134.97
GR242 1997 08 4 104.525
GR242 1997 09 4 269.621
GR242 1997 10 4 126.671
GR242 1998 03 4 4.61813
GR242 1998 04 4 1.48982
GR242 1998 05 2 0.113303
GR242 1998 06 2 593.531
GR242 1998 07 2 23484.8
GR242 1998 08 2 338.259
GR242 1998 09 2 33.7525
GR242 1998 10 2 3.10945
GR242 1998 11 4 5.22546
GR242 1999 02 3 0.56765
GR242 1999 03 5 33.2001
GR242 1999 04 3 2.77163
GR242 1999 05 2 2.18695
GR242 1999 06 2 79.6158
GR242 1999 07 2 65.1827
GR242 1999 08 4 2.78941
GR242 1999 09 2 30.0211
GR242 1999 10 3 10.2174
GR242 1999 11 2 2.01201
GR242 1999 12 2 0.1326
GR242 2000 01 2 0.113414
GR242 2000 02 4 0.290201
GR242 2000 03 4 0.565792
GR242 2000 04 4 31.4984
GR242 2000 05 4 22.6438
GR242 2000 06 4 123.529
GR242 2000 07 4 1557.75
GR242 2000 08 4 1318.61
GR242 2000 09 4 1668.07
GR242 2000 11 4 1.18437
GR242 2000 12 3 0.284469
GR242 2001 01 4 0.96372
GR242 2001 02 4 7.62638
GR242 2001 03 4 1387.86
GR242 2001 04 4 0.318492
GR242 2001 05 4 11.6523
GR242 2001 06 4 54.475
GR242 2001 07 4 89.6244
GR242 2001 08 4 285.805
GR242 2001 09 5 39.9353
GR242 2001 10 5 591.868
GR242 2001 11 5 280.941
GR242 2001 12 2 1.05262
GR242 2002 01 2 0.136465
GR242 2002 02 2 29.7181
GR242 2002 03 2 7.19553
GR242 2002 04 3 0.348523
GR242 2002 05 4 0.312999
GR242 2002 06 4 29.8192
GR242 2002 07 4 71.8057
GR242 2002 08 4 11.3326
GR242 2002 09 3 1.92384
GR242 2002 10 4 2.62685
GR242 2003 01 3 0.16966
GR242 2003 02 3 0.532208
GR242 2003 03 3 10.851
GR242 2003 04 5 0.61885
GR242 2003 05 5 0.294052
GR242 2003 06 5 13.2809
GR242 2003 07 5 12.6357
GR242 2003 08 5 52.7463
GR242 2003 09 3 18.7164
GR242 2003 10 3 38.6015
GR242 2003 11 3 4.99847
GR242 2003 12 2 2.49072
GR242 2004 01 2 3.51356
GR242 2004 02 3 12.353
GR242 2004 03 3 4.62694
GR242 2004 04 4 2.14533
GR242 2004 05 4 12.5902
GR242 2004 06 2 0.148404
GR242 2004 07 2 196.021
GR242 2004 08 2 103.384
GR242 2004 09 2 297.739
GR242 2004 10 2 1.71782
GR242 2004 11 2 3.70537
GR242 2004 12 2 5.94024
GR243 1983 08 2 0.388674
GR243 1983 09 2 0.605958
GR243 1984 07 2 0.134707
GR243 1984 10 2 25.0403
GR243 1985 07 2 0.450188
GR243 1985 08 5 73.1678
GR243 1985 09 3 1.81539
GR243 1986 08 3 0.42118
GR243 1986 09 3 22.4389
GR243 1988 07 3 0.556718
GR243 1988 09 3 53.4842
GR243 1988 10 3 10.136
GR243 1989 01 3 3.68402
GR243 1989 04 2 2.68038
GR243 1990 08 2 0.144657
GR243 1990 10 2 12.0911
GR243 1991 10 2 0.315834
GR243 1992 09 3 1.55895
GR243 1992 10 2 0.615907
GR243 1993 01 2 0.283224
GR243 1993 03 2 0.78221
GR243 1993 07 4 0.396639
GR243 1993 08 4 0.712365
GR243 1993 09 3 2.11226
GR243 1993 10 3 3.94974
GR243 1994 03 2 0.210724
GR243 1994 07 3 10.505
GR243 1994 08 3 132.553
GR243 1994 09 3 3.14841
GR243 1996 07 2 0.079065
GR243 1996 08 5 1.65038
GR243 1997 01 2 0.0838974
GR243 1997 02 2 1.24322
GR243 1997 06 2 0.0579347
GR243 1997 09 2 1.88498
GR243 1998 06 2 0.102279
GR243 1999 01 2 0.135607
GR243 1999 06 2 0.317538
GR243 1999 07 2 0.783576
