PL341 1997 06 4 47.7994
PL341 1997 07 4 6.12132
PL341 1997 08 4 40.359
PL341 1997 09 4 10.0626
PL341 1997 10 4 0.212562
PL341 1997 11 2 0.25688
PL341 1998 01 2 0.44441
PL341 1998 03 2 14.3525
PL341 1998 04 2 108.919
PL341 1998 05 2 26.7349
PL341 1998 06 2 5.11956
PL341 1998 07 2 1.68219
PL341 1998 08 2 3.43144
PL341 1998 09 2 2.824
PL341 1998 10 3 0.561238
PL341 1998 11 2 0.0360603
PL341 1999 03 2 60.0771
PL341 1999 04 2 93.4318
PL341 1999 05 2 8.90745
PL341 1999 06 2 21.2696
PL341 1999 07 2 43.3645
PL341 1999 08 2 36.3073
PL341 1999 09 2 95.123
PL341 1999 10 4 0.059868
PL341 1999 12 2 0.0121133
PL341 2000 02 3 2.33341
PL341 2000 03 3 14.8525
PL341 2000 04 3 95.3059
PL341 2000 05 236 163.582
PL341 2000 06 111 198.762
PL341 2000 07 111 12.9423
PL341 2000 08 111 5.19704
PL341 2000 09 111 5.70925
PL341 2000 10 84 115.602
PL341 2000 11 4 0.0824712
PL341 2001 03 4 66.4154
PL341 2001 04 4 110.126
PL341 2001 05 4 68.8608
PL341 2001 06 4 1.32562
PL341 2001 07 4 4.526
PL341 2001 08 4 14.218
PL341 2001 10 2 0.00761991
PL341 2002 02 4 0.975172
PL341 2002 03 4 15.6806
PL341 2002 04 4 109.898
PL341 2002 05 146 174.668
PL341 2002 06 146 8.14983
PL341 2002 07 146 15.5982
PL341 2002 08 110 57.6288
PL341 2002 09 110 67.5456
PL341 2002 10 110 2.65979
PL341 2002 11 3 0.149185
PL341 2003 03 3 119.831
PL341 2003 04 3 206.613
PL341 2003 05 3 34.1673
PL341 2003 06 3 22.7779
PL341 2003 07 3 17.8084
PL341 2003 08 3 48.7372
PL341 2003 09 3 14.3307
PL341 2003 11 3 0.0254132
PL341 2003 12 2 0.00763694
PL341 2004 01 2 0.0078964
PL341 2004 03 2 0.610926
PL341 2004 04 2 22.1514
PL341 2004 05 2 6.8218
PL341 2004 06 2 19.3204
PL341 2004 07 2 1.5939
PL341 2004 08 2 1.1754
PL341 2004 09 2 2.25382
PL341 2004 10 3 0.631488
PL341 2005 03 2 0.0122662
PL341 2005 04 2 76.1246
PL341 2005 05 2 7.94609
PL341 2005 07 2 19.659
PL341 2005 08 2 8.30272
PL341 2005 09 2 1.73955
PL341 2005 10 2 7.57173
PL341 2005 11 2 8.51212
PL341 2006 04 2 57.4506
PL341 2006 05 100 101.113
PL341 2006 06 100 16.5659
PL341 2006 07 157 69.8684
PL341 2006 08 5 0.333333
PL341 2006 09 5 1.45998
PL341 2006 10 3 0.0332338
PL342 1993 03 2 0.41626
PL342 1993 04 2 20.5499
PL342 1993 05 2 13.4014
PL342 1993 06 2 4.26755
PL342 1993 07 4 0.357106
PL342 1993 08 3 0.280542
PL342 1993 10 2 0.0185393
PL342 1993 11 2 188.872
PL342 1994 04 2 5.26951
PL342 1994 05 2 3.0499
PL342 1994 06 2 1.13542
PL342 1994 07 2 74.6877
PL342 1994 08 2 20.9564
PL342 1994 09 5 3.59785
PL342 1994 11 2 1.11307
PL342 1995 02 3 0.0579774
PL342 1995 03 2 0.396662
PL342 1995 04 2 17.2324
PL342 1995 05 2 23.2983
PL342 1995 06 2 2.72007
PL342 1995 07 2 3.49737
PL342 1995 08 2 13.3429
PL342 1995 10 2 0.018299
PL342 1996 04 2 77.0488
PL342 1996 05 2 3.15095
PL342 1996 06 2 9.46828
PL342 1996 07 2 0.143287
PL342 1996 08 2 3.14108
PL342 1996 10 2 1.32785
PL342 1996 11 2 11.2085
PL342 1997 03 2 36.9238
PL342 1997 04 2 59.0281
PL342 1997 05 2 12.1214
PL342 1997 06 2 1.96135
PL342 1997 07 3 1.75139
PL342 1997 08 3 4.90993
PL342 1997 09 3 3.32905
PL342 1997 10 2 0.383673
PL342 1998 02 3 0.813912
PL342 1998 03 5 1.16515
PL342 1998 04 5 7.27621
PL342 1998 05 5 6.75274
PL342 1998 06 5 3.14432
PL342 1998 07 5 3.10117
PL342 1998 08 3 0.1507
PL342 1998 09 3 8.44704
PL342 1999 03 3 7.99196
PL342 1999 04 3 50.84
PL342 1999 05 3 24.496
PL342 1999 06 3 0.9649
PL342 1999 07 3 8.67731
PL342 1999 08 3 16.4984
PL342 1999 09 3 8.62738
PL342 2000 02 3 0.675206
PL342 2000 04 3 25.7242
PL342 2000 05 3 40.3001
PL342 2000 06 3 31.1889
PL342 2000 07 3 1.68784
PL342 2000 08 3 0.462782
PL342 2000 09 3 0.239836
PL342 2000 10 3 16.9281
PL342 2000 11 3 0.13629
PL342 2001 02 2 0.12929
PL342 2001 03 2 5.00128
PL342 2001 04 2 12.4341
PL342 2001 05 2 4.73978
PL342 2001 06 2 3.82148
PL342 2001 07 5 1.76698
PL342 2001 08 5 3.66896
PL342 2001 10 2 0.422251
PL342 2001 11 2 0.27876
PL342 2002 04 2 15.2455
PL342 2002 05 2 65.406
PL342 2002 06 2 9.44059
PL342 2002 07 2 9.28839
PL342 2002 08 2 10.9854
PL342 2002 09 2 13.6982
PL342 2002 10 2 0.532358
PL342 2003 03 2 7.27445
PL342 2003 04 2 38.9016
PL342 2003 05 2 12.6841
PL342 2003 06 2 11.8453
PL342 2003 07 2 2.0553
PL342 2003 08 2 16.8397
PL342 2003 09 2 10.7797
PL342 2003 10 2 0.161323
PL342 2004 03 2 0.0314667
PL342 2004 04 2 12.1642
PL342 2004 05 2 1.31535
PL342 2004 06 5 1.56827
PL342 2004 07 5 0.662511
PL342 2004 08 5 3.60031
PL342 2004 09 3 0.284975
PL342 2005 03 4 1.226
PL342 2005 04 4 13.8422
PL342 2005 05 4 3.82082
PL342 2005 07 4 7.53192
PL342 2005 08 4 1.33842
PL342 2005 09 4 1.41031
PL342 2005 10 4 1.3259
PL342 2005 11 5 0.428213
PL342 2005 12 3 0.361719
PL342 2006 03 2 0.0607245
PL342 2006 04 2 22.0935
PL342 2006 05 2 47.6466
PL342 2006 06 2 3.79048
PL342 2006 07 2 31.7781
PL342 2006 08 3 0.18922
PL411 1993 03 3 25.788
PL411 1993 04 3 60.2559
PL411 1993 05 3 17.023
PL411 1993 06 3 10.719
PL411 1993 07 3 0.697241
PL411 1993 10 2 0.0149411
PL411 1994 02 2 0.00861533
PL411 1994 03 4 0.192091
PL411 1994 04 4 27.0695
PL411 1994 05 4 1.33448
PL411 1994 06 4 16.6386
PL411 1994 07 4 24.5276
PL411 1994 08 4 9.14733
PL411 1994 09 4 3.19734
PL411 1994 10 4 0.311719
PL411 1994 11 2 0.103265
PL411 1995 02 3 3.20107
PL411 1995 03 3 15.325
PL411 1995 04 3 6.54954
PL411 1995 05 3 19.291
PL411 1995 06 4 0.713565
PL411 1995 07 4 4.11223
PL411 1995 08 4 9.3236
PL411 1995 09 2 0.273546
PL411 1995 11 2 0.0712231
PL411 1995 12 2 0.0363616
PL411 1996 02 2 0.0215046
PL411 1996 04 2 60.3864
PL411 1996 05 2 2.71607
PL411 1996 06 2 2.81995
PL411 1996 07 3 0.0585467
PL411 1996 08 4 0.525554
PL411 1996 09 2 0.110219
PL411 1996 10 2 0.122077
PL411 1997 03 2 25.7812
PL411 1997 04 2 39.4643
PL411 1997 05 2 0.422134
PL411 1997 06 2 16.127
PL411 1997 07 4 0.857272
PL411 1997 08 4 1.33129
PL411 1997 09 4 1.372
PL411 1997 10 2 0.057661
PL411 1997 12 2 0.0581188
PL411 1998 01 2 0.0729435
PL411 1998 02 4 0.069882
PL411 1998 03 4 3.23409
PL411 1998 04 4 4.80331
PL411 1998 05 4 9.58432
PL411 1998 06 4 2.22439
PL411 1998 07 4 5.37033
PL411 1998 08 5 0.205086
PL411 1998 09 3 0.035832
PL411 1999 03 3 5.62885
PL411 1999 04 3 6.91808
PL411 1999 05 3 4.37961
PL411 1999 06 5 3.46886
PL411 1999 07 5 7.30034
PL411 1999 08 5 4.6822
PL411 1999 09 5 10.1502
PL411 2000 01 2 0.123696
PL411 2000 02 2 0.0144945
PL411 2000 03 5 0.108039
PL411 2000 04 5 5.4262
PL411 2000 05 5 9.85145
PL411 2000 06 5 5.88745
PL411 2000 08 4 0.487709
PL411 2000 09 2 0.552708
PL411 2000 10 2 0.0249782
PL411 2000 12 2 0.0124301
PL411 2001 01 3 0.0241819
PL411 2001 02 2 3.49303
PL411 2001 03 4 2.7658
PL411 2001 04 4 6.02625
PL411 2001 05 4 1.70348
PL411 2001 06 4 0.633903
PL411 2001 07 4 0.433191
PL411 2001 08 4 0.511412
PL411 2001 09 2 0.146747
PL411 2002 03 5 1.03865
PL411 2002 04 5 0.33456
PL411 2002 05 5 0.897558
PL411 2002 06 5 1.06386
PL411 2002 07 5 3.89562
PL411 2002 08 5 2.57506
PL411 2002 09 5 0.319402
PL411 2003 03 5 37.7445
PL411 2003 04 5 43.4499
PL411 2003 05 5 2.55636
PL411 2003 06 5 15.0196
PL411 2003 07 4 0.0366631
PL411 2003 08 4 6.33359
PL411 2003 09 4 3.82076
PL411 2003 10 2 0.110037
PL411 2003 11 2 0.226524
PL411 2003 12 2 0.00643301
PL411 2004 02 2 0.124549
PL411 2004 03 5 3.92303
PL411 2004 04 5 30.7591
PL411 2004 05 5 2.36365
PL411 2004 06 5 1.23778
PL411 2004 07 5 1.12069
PL411 2004 08 5 3.43369
PL411 2004 09 5 3.32716
PL411 2005 03 4 2.00167
PL411 2005 04 4 23.3254
PL411 2005 05 4 3.04695
PL411 2005 06 4 1.67444
PL411 2005 07 4 6.32218
PL411 2005 08 4 3.22753
PL411 2005 09 4 1.93798
PL411 2005 10 4 1.69932
PL411 2005 11 2 0.073352
PL411 2006 02 2 0.00905912
PL411 2006 04 2 15.8028
PL411 2006 05 2 8.87909
PL411 2006 06 2 6.20561
PL411 2006 07 2 46.8165
PL411 2006 08 4 0.0892076
PL411 2006 09 5 0.135682
PL411 2006 10 5 0.619113
PL411 2006 11 2 0.021186
PL411 2006 12 3 0.178639
PL412 1993 01 4 0.3702
PL412 1993 03 4 7.20751
PL412 1993 04 4 105.879
PL412 1993 05 4 34.0127
PL412 1993 06 4 7.20045
PL412 1993 07 2 0.0094939
PL412 1993 08 2 1.62571
PL412 1993 10 5 0.986556
PL412 1994 02 3 0.0186589
PL412 1994 03 5 1.92462
PL412 1994 04 5 26.5544
PL412 1994 05 5 6.08522
PL412 1994 06 5 8.28574
PL412 1994 07 5 20.2314
PL412 1994 08 5 20.6734
PL412 1994 09 5 0.193788
PL412 1994 10 5 3.16833
PL412 1994 11 2 0.0453804
PL412 1995 01 2 0.0110198
PL412 1995 02 3 0.651462
PL412 1995 03 3 5.46897
PL412 1995 04 3 60.2929
PL412 1995 05 3 31.8277
PL412 1995 06 3 1.70836
PL412 1995 07 3 13.6099
PL412 1995 08 130 39.6483
PL412 1995 09 2 0.389985
PL412 1995 10 2 3.77436
PL412 1996 01 2 0.0119173
PL412 1996 02 2 0.00849759
PL412 1996 03 2 0.844756
PL412 1996 04 85 81.2836
PL412 1996 05 85 3.75696
PL412 1996 06 85 9.71243
PL412 1996 07 85 4.47419
PL412 1996 08 5 2.40851
PL412 1996 10 3 0.642064
PL412 1996 11 2 1.25894
PL412 1997 03 2 11.4868
PL412 1997 04 2 30.4829
PL412 1997 05 2 28.2342
PL412 1997 06 2 7.52905
PL412 1997 07 3 0.0556128
PL412 1997 08 3 5.14883
PL412 1997 09 3 0.243298
PL412 1997 10 2 0.0199296
PL412 1997 11 2 0.142827
PL412 1997 12 2 0.00818928
PL412 1998 01 2 0.0110723
PL412 1998 02 3 1.6183
PL412 1998 03 3 7.26759
PL412 1998 04 3 13.9422
PL412 1998 05 3 18.95
PL412 1998 06 3 5.23877
PL412 1998 07 3 8.7101
PL412 1998 08 3 6.54739
PL412 1998 09 3 2.13324
PL412 1998 11 2 0.00824366
PL412 1998 12 3 0.0275725
PL412 1999 02 2 0.02018
PL412 1999 03 2 0.516729
PL412 1999 04 2 15.6281
PL412 1999 05 2 5.33737
PL412 1999 06 3 0.0736975
PL412 1999 07 3 9.80134
PL412 1999 08 3 41.4173
PL412 1999 09 3 6.81604
PL412 1999 10 3 0.83901
PL412 1999 11 3 0.0688654
PL412 1999 12 2 0.073754
PL412 2000 01 2 0.00848138
PL412 2000 02 2 15.7059
PL412 2000 03 4 0.893535
PL412 2000 04 4 9.29319
PL412 2000 05 4 17.6998
PL412 2000 06 4 8.5799
PL412 2000 07 4 0.68514
PL412 2000 08 4 28.975
PL412 2000 09 3 0.0651665
PL412 2000 10 3 3.05175
PL412 2000 12 3 0.0130351
PL412 2001 02 2 0.0626865
PL412 2001 03 3 0.176295
PL412 2001 04 3 13.4369
PL412 2001 05 3 14.8097
PL412 2001 06 3 0.172951
PL412 2001 07 3 0.643095
PL412 2001 08 3 16.6919
PL412 2002 01 2 0.0217188
PL412 2002 02 3 0.0265766
PL412 2002 03 3 3.54861
PL412 2002 04 3 5.02853
PL412 2002 05 3 8.68619
PL412 2002 06 3 3.22458
PL412 2002 07 3 17.7535
PL412 2002 08 3 13.0015
PL412 2002 09 3 2.97038
PL412 2002 10 4 0.0741713
PL412 2002 11 3 0.612835
PL412 2003 03 3 18.6184
PL412 2003 04 3 36.4542
PL412 2003 05 3 13.0892
PL412 2003 06 98 34.8929
PL412 2003 07 98 2.58327
PL412 2003 08 98 17.6473
PL412 2003 09 98 8.31193
PL412 2003 10 3 0.0265202
PL412 2003 11 3 0.067183
PL412 2003 12 3 0.0168029
PL412 2004 01 2 0.00768413
PL412 2004 02 2 0.0108734
PL412 2004 03 2 5.11204
PL412 2004 04 2 53.8897
PL412 2004 05 2 13.5114
PL412 2004 06 2 11.625
PL412 2004 07 2 15.4149
PL412 2004 08 2 6.83975
PL412 2004 09 2 6.30097
PL412 2004 10 2 0.100811
PL412 2004 11 3 0.0145061
PL412 2005 03 5 1.8999
PL412 2005 04 5 17.5809
PL412 2005 05 5 1.36886
PL412 2005 06 5 13.9397
PL412 2005 07 5 18.0712
PL412 2005 08 5 18.1509
PL412 2005 09 5 5.75126
PL412 2005 10 5 4.35546
PL412 2005 11 5 1.23043
PL412 2006 02 2 0.0105117
PL412 2006 03 4 0.0759906
PL412 2006 04 4 9.04723
PL412 2006 05 4 5.09057
PL412 2006 06 4 17.1376
PL412 2006 07 126 186.646
PL412 2006 08 126 0.948958
PL412 2006 09 126 2.88683
PL412 2006 10 126 0.312494
PL413 1993 01 2 0.96828
PL413 1993 03 2 15.7435
PL413 1993 04 2 14.9724
PL413 1993 05 2 7.34494
PL413 1993 06 2 3.2671
PL413 1993 07 2 0.262886
PL413 1993 08 2 0.587488
PL413 1993 09 5 3.75845
PL413 1994 02 2 0.536025
PL413 1994 03 2 0.0134864
PL413 1994 04 2 3.48824
PL413 1994 05 2 6.71324
PL413 1994 06 2 6.91392
PL413 1994 07 2 12.5222
PL413 1994 08 2 16.3354
PL413 1994 11 3 0.0276897
PL413 1995 03 2 0.228066
PL413 1995 04 2 2.39109
PL413 1995 05 2 12.1085
PL413 1995 06 4 1.21035
PL413 1995 07 4 6.28802
PL413 1995 08 4 3.82657
PL413 1995 09 2 1.75629
PL413 1995 10 2 0.0255526
PL413 1996 03 3 0.270828
PL413 1996 04 3 69.9684
PL413 1996 05 4 1.40575
PL413 1996 06 4 9.50425
PL413 1996 07 4 0.706301
PL413 1996 08 2 0.0615616
PL413 1997 01 2 0.0124958
PL413 1997 03 2 1.31222
PL413 1997 04 2 23.2387
PL413 1997 05 2 13.0725
PL413 1997 06 2 3.3463
PL413 1997 07 2 0.557575
PL413 1997 08 2 2.42298
PL413 1997 09 4 0.864544
PL413 1997 11 2 0.00780145
PL413 1997 12 2 0.00580487
PL413 1998 01 2 0.326948
PL413 1998 02 2 0.0136797
PL413 1998 03 2 2.21757
PL413 1998 04 2 19.5231
PL413 1998 05 2 14.4235
PL413 1998 06 2 6.06481
PL413 1998 07 2 1.78886
PL413 1998 08 2 2.92213
PL413 1998 09 5 0.106455
PL413 1999 03 4 3.04881
PL413 1999 04 4 1.38432
PL413 1999 05 4 2.70537
PL413 1999 06 2 0.759874
PL413 1999 07 2 1.7003
PL413 1999 08 2 7.91194
PL413 1999 09 2 6.59748
PL413 1999 10 3 0.0255098
PL413 1999 11 3 0.673164
PL413 2000 02 3 0.213755
PL413 2000 03 2 0.02876
PL413 2000 04 2 11.4476
PL413 2000 05 2 17.6123
PL413 2000 06 2 11.5328
PL413 2000 07 2 1.0823
PL413 2000 08 2 0.641942
PL413 2000 09 4 0.249217
PL413 2000 10 5 1.33218
PL413 2001 04 5 3.3228
PL413 2001 05 5 2.25789
PL413 2001 06 3 0.0550976
PL413 2001 07 5 0.179915
PL413 2001 08 5 0.540004
PL413 2001 10 2 0.352895
PL413 2002 02 2 0.00612337
PL413 2002 03 2 7.43599
PL413 2002 04 2 4.58056
PL413 2002 05 2 8.30174
PL413 2002 06 2 3.43999
PL413 2002 07 2 10.4973
PL413 2002 08 2 1.97182
PL413 2002 09 2 7.45193
PL413 2002 10 2 0.0248514
PL413 2003 03 2 38.0311
PL413 2003 04 2 35.4694
PL413 2003 05 2 10.4869
PL413 2003 06 2 18.9561
PL413 2003 07 2 1.27584
PL413 2003 08 2 16.6699
PL413 2003 09 2 15.8794
PL413 2003 10 2 0.00693197
PL413 2003 11 2 0.0139627
PL413 2003 12 3 0.0153649
PL413 2004 03 3 0.486125
PL413 2004 04 3 5.31458
PL413 2004 05 3 3.09512
PL413 2004 06 3 0.728806
PL413 2004 07 3 0.430181
PL413 2004 08 3 7.55866
PL413 2004 09 3 3.47322
PL413 2004 10 3 0.016807
PL413 2004 11 2 0.0384021
PL413 2005 03 5 0.750691
PL413 2005 04 5 21.4636
PL413 2005 05 5 0.535941
PL413 2005 06 5 3.17267
PL413 2005 07 5 11.2425
PL413 2005 08 5 11.0477
PL413 2005 09 5 3.89025
PL413 2005 10 5 0.100555
PL413 2005 11 5 0.242082
PL413 2006 02 2 0.00985217
PL413 2006 04 2 5.71851
PL413 2006 05 2 5.13477
PL413 2006 06 2 0.711522
PL413 2006 07 2 46.9807
PL413 2006 08 2 0.411053
PL413 2006 09 5 1.4415
PL414 1993 03 4 8.10877
PL414 1993 04 4 8.61966
PL414 1993 05 4 16.1476
PL414 1993 06 4 4.12194
PL414 1993 07 5 0.594109
PL414 1993 08 4 0.579066
PL414 1993 09 3 3.3006
PL414 1994 03 3 13.5445
PL414 1994 04 3 3.21517
PL414 1994 05 3 1.63552
PL414 1994 06 3 8.60929
PL414 1994 07 3 34.457
PL414 1994 08 3 6.64874
PL414 1994 10 4 0.866323
PL414 1995 03 4 8.37194
PL414 1995 04 5 0.68068
PL414 1995 05 5 6.84278
PL414 1995 06 5 0.640655
PL414 1995 07 5 6.48156
PL414 1995 08 5 11.2439
PL414 1995 09 2 0.287992
PL414 1996 03 2 0.0285078
PL414 1996 04 2 19.1339
PL414 1996 05 5 0.627958
PL414 1996 06 5 4.74843
PL414 1996 07 4 0.338436
PL414 1996 08 4 0.770835
PL414 1996 10 2 0.0179715
PL414 1996 11 2 0.00912724
PL414 1997 03 2 10.4131
PL414 1997 04 2 2.49172
PL414 1997 05 2 6.8811
PL414 1997 06 2 2.32297
PL414 1997 07 3 0.376717
PL414 1997 08 3 2.10251
PL414 1997 09 3 3.32462
PL414 1997 10 2 0.70391
PL414 1998 01 2 0.229626
PL414 1998 03 2 2.13863
PL414 1998 04 2 3.53348
PL414 1998 05 2 11.8892
PL414 1998 06 2 5.26881
PL414 1998 07 2 6.03447
PL414 1998 08 2 9.01078
PL414 1998 09 2 1.3301
PL414 1998 10 5 0.564907
PL414 1999 03 4 2.77519
PL414 1999 04 4 1.13924
PL414 1999 05 4 5.23362
PL414 1999 06 5 0.188085
PL414 1999 07 5 0.359906
PL414 1999 08 5 14.655
PL414 1999 09 5 10.6773
PL414 1999 10 2 0.0186182
PL414 2000 01 2 0.0112616
PL414 2000 03 5 3.94061
PL414 2000 04 5 52.9149
PL414 2000 05 5 36.4337
PL414 2000 06 5 14.7269
PL414 2000 07 5 2.16488
PL414 2000 08 5 0.917154
PL414 2000 09 2 0.0551135
PL414 2001 03 3 0.0791686
PL414 2001 04 3 4.66464
PL414 2001 05 3 0.667333
PL414 2001 06 3 0.4037
PL414 2001 07 3 1.71815
PL414 2001 08 3 2.74112
PL414 2001 09 2 0.0148037
PL414 2002 01 2 0.0134039
PL414 2002 04 2 4.96848
PL414 2002 05 2 10.9326
PL414 2002 06 2 2.43608
PL414 2002 07 2 9.2519
PL414 2002 08 2 24.8452
PL414 2002 09 5 1.49833
PL414 2003 02 2 44.8938
PL414 2003 03 2 44.4756
PL414 2003 04 2 52.7067
PL414 2003 05 2 26.5444
PL414 2003 06 2 15.3128
PL414 2003 07 2 0.92002
PL414 2003 08 2 8.4107
PL414 2003 09 2 8.74838
PL414 2003 10 2 0.413583
PL414 2004 03 2 46.4595
PL414 2004 04 2 19.1105
PL414 2004 05 2 1.58831
PL414 2004 06 2 1.43839
PL414 2004 07 2 1.06114
PL414 2004 08 2 15.2044
PL414 2004 09 2 6.60367
PL414 2005 03 4 0.9837
PL414 2005 04 4 15.5411
PL414 2005 05 4 4.55679
PL414 2005 06 4 2.32731
PL414 2005 07 4 2.56592
PL414 2005 08 4 4.06412
PL414 2005 09 4 8.06976
PL414 2005 10 4 8.53416
PL414 2005 11 5 1.31945
PL414 2005 12 2 0.009951
PL414 2006 04 2 5.61701
PL414 2006 05 2 8.12483
PL414 2006 06 2 2.91611
PL414 2006 07 2 29.6275
PL414 2006 09 5 0.0587272
PL414 2006 10 3 0.192713
PL414 2006 12 2 0.0074752
PL415 1993 01 4 1.28879
PL415 1993 03 4 1.09692
PL415 1993 04 4 2.37281
PL415 1993 05 4 4.90989
PL415 1993 06 4 0.478978
PL415 1993 07 2 1.31519
PL415 1993 08 2 0.0356224
PL415 1994 01 2 0.0333222
PL415 1994 06 3 1.53218
PL415 1994 07 3 0.751453
PL415 1994 08 4 0.468448
PL415 1995 04 3 0.074742
PL415 1995 05 2 0.622308
PL415 1995 06 2 0.69416
PL415 1995 07 2 1.20642
PL415 1995 08 2 1.16041
PL415 1996 04 2 17.0103
PL415 1996 05 5 0.267217
PL415 1996 06 5 2.64142
PL415 1996 07 2 0.3727
PL415 1996 08 2 2.81262
PL415 1997 03 2 8.3773
PL415 1997 04 5 1.807
PL415 1997 05 3 1.39983
PL415 1997 06 2 0.0492601
PL415 1997 08 2 5.13977
PL415 1998 02 2 0.00501245
PL415 1998 03 4 1.9751
PL415 1998 04 4 0.490562
PL415 1998 05 4 2.91689
PL415 1998 06 3 0.522845
PL415 1998 07 3 1.31612
PL415 1998 09 2 0.366885
PL415 1999 01 2 1.06629
PL415 1999 03 2 1.03162
PL415 1999 04 4 1.35123
PL415 1999 05 3 1.60814
PL415 1999 07 2 0.0606726
PL415 1999 08 5 0.240252
PL415 1999 09 3 0.500899
PL415 1999 10 2 0.0118821
PL415 2000 02 3 0.138549
PL415 2000 05 3 3.26885
PL415 2000 06 4 0.0280639
PL415 2001 03 2 0.0119992
PL415 2001 05 3 1.12207
PL415 2001 06 3 0.0211189
PL415 2001 08 3 0.0271886
PL415 2002 02 2 0.0225746
PL415 2002 03 3 0.336349
PL415 2002 05 4 0.160614
PL415 2002 06 2 0.0145338
PL415 2002 08 2 0.746311
PL415 2002 09 4 0.042206
PL415 2003 03 2 0.174981
PL415 2003 04 2 1.36297
PL415 2003 05 2 15.6943
PL415 2003 06 2 3.20586
PL415 2003 07 3 0.418482
PL415 2003 08 5 0.510334
PL415 2003 09 5 0.930345
PL415 2003 10 3 0.0376703
PL415 2003 11 2 0.0437679
PL415 2004 02 3 0.0115968
PL415 2004 03 2 0.00801502
PL415 2004 04 2 2.56073
PL415 2004 05 4 1.19031
PL415 2004 06 3 0.172117
PL415 2004 07 3 0.0178184
PL415 2004 08 5 0.0551685
PL415 2004 09 3 0.0718215
PL415 2004 10 2 0.0558256
PL415 2005 02 2 0.0123753
PL415 2005 04 2 0.10131
PL415 2005 05 2 0.01193
PL415 2005 06 5 2.09134
PL415 2005 07 5 6.70416
PL415 2005 09 5 0.0258456
PL415 2005 10 3 0.0760028
PL415 2005 11 3 0.124208
PL415 2005 12 2 0.0117765
PL415 2006 01 2 0.00801658
PL415 2006 04 3 0.209412
PL415 2006 05 2 0.28601
PL415 2006 06 2 0.00772626
PL415 2006 07 2 0.216338
PL415 2006 08 2 0.00731902
PL415 2006 09 2 0.0847653
PL415 2006 12 2 0.0118886
PL421 1993 01 2 10.6158
PL421 1993 03 2 27.3188
PL421 1993 04 122 298.2
PL421 1993 05 126 38.284
PL421 1993 06 126 7.61737
PL421 1993 07 126 3.35713
PL421 1993 08 126 3.42422
PL421 1993 09 4 0.0603024
PL421 1993 11 3 0.0107331
PL421 1994 02 3 2.16463
PL421 1994 03 3 2.77654
PL421 1994 04 3 59.2407
PL421 1994 05 3 12.4047
PL421 1994 06 3 4.55522
PL421 1994 07 155 73.9157
PL421 1994 08 98 50.4482
PL421 1994 09 98 1.79228
PL421 1994 10 98 4.1242
PL421 1994 11 5 3.18028
PL421 1995 01 2 0.0496847
PL421 1995 02 3 0.63476
PL421 1995 03 3 6.63853
PL421 1995 04 3 62.1559
PL421 1995 05 3 31.8377
PL421 1995 06 3 5.91451
PL421 1995 07 3 6.20621
PL421 1995 08 89 84.7355
PL421 1995 09 2 0.0286948
PL421 1995 10 5 5.14778
PL421 1995 11 2 0.0420621
PL421 1996 01 4 0.195878
PL421 1996 02 3 0.296527
PL421 1996 03 3 15.2803
PL421 1996 04 246 1232.62
PL421 1996 05 246 12.3594
PL421 1996 06 246 10.4956
PL421 1996 07 246 0.567528
PL421 1996 08 246 8.80529
PL421 1996 09 246 0.359957
PL421 1996 10 2 0.0142228
PL421 1996 11 4 0.0544625
PL421 1997 01 3 0.0132995
PL421 1997 02 3 10.7701
PL421 1997 03 3 42.061
PL421 1997 04 3 47.4824
PL421 1997 05 3 22.7875
PL421 1997 06 3 6.84475
PL421 1997 07 3 2.5052
PL421 1997 08 3 13.6022
PL421 1997 09 3 0.6297
PL421 1997 10 3 1.17987
PL421 1997 11 5 0.299162
PL421 1997 12 2 0.00725153
PL421 1998 01 3 0.023612
PL421 1998 02 3 2.53183
PL421 1998 03 3 14.4292
PL421 1998 04 3 5.77587
PL421 1998 05 3 15.3164
PL421 1998 06 3 4.41349
PL421 1998 07 3 1.13989
PL421 1998 08 3 7.63645
PL421 1998 09 3 1.54627
PL421 1998 10 4 3.14166
PL421 1998 12 2 0.00723545
PL421 1999 02 2 0.854174
PL421 1999 03 2 18.522
PL421 1999 04 2 136.046
PL421 1999 05 2 10.3893
PL421 1999 06 2 1.65796
PL421 1999 07 2 23.245
PL421 1999 08 2 24.6687
PL421 1999 09 2 32.8716
PL421 1999 10 2 2.36158
PL421 1999 11 2 0.108558
PL421 1999 12 3 0.843599
PL421 2000 02 3 3.08561
PL421 2000 03 3 11.9985
PL421 2000 04 3 68.7301
PL421 2000 05 128 51.4566
PL421 2000 06 128 51.4804
PL421 2000 07 3 0.0194722
PL421 2000 08 3 1.54224
PL421 2000 09 3 2.15355
PL421 2000 10 3 0.245874
PL421 2000 11 4 0.15363
PL421 2000 12 2 0.0146607
PL421 2001 01 2 0.00992759
PL421 2001 02 3 0.0417096
PL421 2001 03 3 94.2766
PL421 2001 04 3 25.306
PL421 2001 05 3 20.0064
PL421 2001 06 3 1.01847
PL421 2001 07 3 8.37529
PL421 2001 08 3 8.5572
PL421 2001 09 3 0.335014
PL421 2001 10 5 0.178394
PL421 2001 12 2 0.0134349
PL421 2002 01 4 0.0634124
PL421 2002 02 4 1.82104
PL421 2002 03 4 7.80339
PL421 2002 04 4 26.685
PL421 2002 05 4 2.77157
PL421 2002 06 4 1.23965
PL421 2002 07 4 2.14269
PL421 2002 08 4 9.04146
PL421 2002 09 4 37.0303
PL421 2002 10 5 0.462557
PL421 2002 11 2 0.00541175
PL421 2002 12 2 0.00532506
PL421 2003 02 3 25.4921
PL421 2003 03 93 365.349
PL421 2003 04 185 1020.7
PL421 2003 05 185 41.3637
PL421 2003 06 185 35.0317
PL421 2003 07 185 2.4452
PL421 2003 08 185 10.9514
PL421 2003 09 185 2.823
PL421 2003 10 4 0.0541928
PL421 2003 11 4 1.08322
PL421 2003 12 3 0.0108855
PL421 2004 02 3 8.56471
PL421 2004 03 3 17.2227
PL421 2004 04 3 44.2514
PL421 2004 05 3 2.77949
PL421 2004 06 3 5.55835
PL421 2004 07 3 0.19163
PL421 2004 08 3 2.11955
PL421 2004 09 3 1.34274
PL421 2004 10 3 1.55002
PL421 2004 11 2 0.0108422
PL421 2004 12 3 0.0193946
PL421 2005 02 4 0.0490521
PL421 2005 03 4 29.3332
PL421 2005 04 4 89.4572
PL421 2005 05 4 12.6295
PL421 2005 06 4 4.85693
PL421 2005 07 4 3.52772
PL421 2005 08 4 2.9534
PL421 2005 09 4 3.32213
PL421 2005 10 4 0.223068
PL421 2005 11 2 0.00980196
PL421 2005 12 2 0.0096524
PL421 2006 01 4 0.95013
PL421 2006 02 3 2.4205
PL421 2006 03 3 6.22933
PL421 2006 04 3 13.3892
PL421 2006 05 3 44.645
PL421 2006 06 3 0.949103
PL421 2006 07 111 29.7542
PL421 2006 08 111 35.6326
PL421 2006 09 111 1.00933
PL421 2006 10 111 0.168708
PL421 2006 11 2 0.00998673
PL421 2006 12 2 0.014464
PL422 1993 01 4 0.704353
PL422 1993 02 2 0.00724776
PL422 1993 03 5 5.46255
PL422 1993 04 5 68.6284
PL422 1993 05 5 43.1703
PL422 1993 06 5 16.877
PL422 1993 07 4 0.76137
PL422 1993 08 4 1.06192
PL422 1993 10 3 0.0178682
PL422 1993 11 2 0.00706005
PL422 1993 12 2 0.0125983
PL422 1994 02 3 1.47187
PL422 1994 03 5 8.83824
PL422 1994 04 5 19.3532
PL422 1994 05 5 13.5189
PL422 1994 06 5 3.74794
PL422 1994 07 5 110.45
PL422 1994 08 5 66.877
PL422 1994 09 5 2.77644
PL422 1994 10 5 5.06545
PL422 1994 11 2 0.00842547
PL422 1994 12 2 0.0416833
PL422 1995 02 3 0.0142573
PL422 1995 03 3 3.6011
PL422 1995 04 3 15.5799
PL422 1995 05 3 7.32349
PL422 1995 06 2 0.038071
PL422 1995 07 2 3.90375
PL422 1995 08 2 24.9295
PL422 1996 03 2 0.134762
PL422 1996 04 128 503.099
PL422 1996 05 128 28.0621
PL422 1996 06 128 29.8775
PL422 1996 07 2 0.159408
PL422 1996 08 2 5.13085
PL422 1996 10 2 0.104797
PL422 1997 02 2 0.332607
PL422 1997 03 2 32.9361
PL422 1997 04 2 25.509
PL422 1997 05 5 8.95425
PL422 1997 06 4 45.669
PL422 1997 07 4 0.691114
PL422 1997 08 4 6.09549
PL422 1997 09 4 0.800093
PL422 1997 10 3 0.0150397
PL422 1998 02 3 0.545121
PL422 1998 03 3 9.14443
PL422 1998 04 3 7.68859
PL422 1998 05 3 9.20704
PL422 1998 06 3 1.08771
PL422 1998 07 3 6.45253
PL422 1998 08 5 8.25671
PL422 1998 09 3 0.275388
PL422 1998 10 2 0.0121105
PL422 1999 03 2 61.8489
PL422 1999 04 2 26.2336
PL422 1999 05 2 5.77156
PL422 1999 06 5 2.44447
PL422 1999 07 5 4.5592
PL422 1999 08 5 15.744
PL422 1999 09 5 49.2917
PL422 1999 10 5 1.22166
PL422 1999 11 2 0.00750121
PL422 1999 12 3 0.274249
PL422 2000 02 4 0.0554725
PL422 2000 03 5 10.924
PL422 2000 04 5 33.848
PL422 2000 05 5 31.8259
PL422 2000 06 5 16.4066
PL422 2000 08 5 3.34501
PL422 2000 09 5 2.21032
PL422 2000 10 5 55.6947
PL422 2000 11 3 0.0898752
PL422 2001 02 2 0.251552
PL422 2001 03 2 225.338
PL422 2001 04 2 168.218
PL422 2001 05 2 9.27293
PL422 2001 06 4 0.0322222
