PT184 2004 08 4 106.034
PT184 2004 09 4 47.2688
PT184 2004 10 4 126.13
PT184 2004 12 2 1.3139
PT184 2005 01 2 4.46085
PT184 2005 02 2 8.03076
PT184 2005 03 2 24.2507
PT184 2005 04 2 14.3114
PT184 2005 05 5 1.35239
PT184 2005 06 5 24.4275
PT184 2005 07 5 189.051
PT184 2005 08 5 210.996
PT184 2005 09 3 4.25577
PT184 2005 10 3 1.30183
PT184 2006 04 2 0.357291
PT184 2006 06 2 127.436
PT184 2006 07 2 1417.28
PT184 2006 08 2 93.9524
PT184 2006 09 2 13.0082
PT184 2006 10 3 9.03714
PT184 2007 03 2 0.00285936
PT184 2007 05 3 0.578095
PT184 2007 06 5 63.8966
PT184 2007 07 5 608.735
PT184 2007 08 5 1084.35
PT184 2007 09 4 1.80149
PT184 2007 10 4 5.93186
PT184 2007 11 4 2.08221
PT184 2007 12 2 0.717045
PT185 1980 01 2 0.122495
PT185 1980 03 5 13.2011
PT185 1980 04 4 1.64646
PT185 1980 05 3 2.92072
PT185 1980 06 3 2.7247
PT185 1980 07 3 102.103
PT185 1980 08 3 788.037
PT185 1980 09 3 289.593
PT185 1980 10 4 15.7622
PT185 1981 01 5 3.8092
PT185 1981 02 5 27.2741
PT185 1981 03 5 15.5711
PT185 1981 04 4 15.3544
PT185 1981 05 4 9.52197
PT185 1981 06 4 45.9292
PT185 1981 07 4 973.003
PT185 1981 08 4 121.861
PT185 1981 09 4 143.368
PT185 1981 10 4 3.79338
PT185 1981 11 4 24.1725
PT185 1981 12 5 0.469288
PT185 1982 06 5 1.24248
PT185 1982 07 5 3.42677
PT185 1982 08 5 410.929
PT185 1982 09 5 44.8068
PT185 1982 10 2 1.13076
PT185 1983 02 4 6.02631
PT185 1983 03 5 1.61921
PT185 1983 04 5 11.4827
PT185 1983 06 3 4.59251
PT185 1983 07 3 51.775
PT185 1983 08 3 107.787
PT185 1983 09 3 242.046
PT185 1983 10 3 26.8059
PT185 1984 01 4 1.73359
PT185 1984 03 3 1.68957
PT185 1984 04 3 0.70434
PT185 1984 05 3 0.733548
PT185 1984 06 2 0.997108
PT185 1984 07 2 31.4644
PT185 1984 08 2 42.2316
PT185 1984 09 2 805.586
PT185 1984 10 3 9.85637
PT185 1985 03 2 2.74626
PT185 1985 06 3 8.36979
PT185 1985 07 4 4.27573
PT185 1985 08 4 289.727
PT185 1985 09 4 1331.48
PT185 1985 10 2 101.183
PT185 1986 05 2 13.9621
PT185 1986 07 2 1454.3
PT185 1986 08 2 100.849
PT185 1986 10 3 21.4946
PT185 1987 06 3 436.047
PT185 1987 07 3 15.8383
PT185 1987 08 3 175.116
PT185 1987 09 3 1533.92
PT185 1988 07 3 7.98334
PT185 1988 08 3 124.85
PT185 1988 09 93 340.761
PT185 1988 10 93 64.2977
PT185 1988 11 2 0.130596
PT185 1989 06 2 83.9514
PT185 1989 07 2 7262.26
PT185 1989 08 2 65.3883
PT185 1989 09 2 102.979
PT185 1989 10 2 98.7875
PT185 1990 06 2 32.3957
PT185 1990 07 2 118.305
PT185 1990 08 2 295.788
PT185 1990 09 2 66.1152
PT185 1991 06 2 219.437
PT185 1991 07 2 12831.3
PT185 1991 08 2 799.241
PT185 1991 09 2 33.2768
PT185 1992 03 2 13.6056
PT185 1992 06 4 5.75381
PT185 1992 07 4 116.584
PT185 1992 08 4 314.705
PT185 1992 09 4 30.6948
PT185 1993 06 2 0.0298404
PT185 1993 07 2 74.9833
PT185 1993 08 2 135.034
PT185 1993 09 2 53.9218
PT185 1994 01 2 0.0136478
PT185 1994 03 2 0.00135468
PT185 1994 04 2 0.552537
PT185 1994 05 2 1.35215
PT185 1994 06 2 6.92956
PT185 1994 07 81 195.728
PT185 1994 08 81 109.445
PT185 1994 09 81 171.418
PT185 1994 10 81 5.7581
PT185 1995 01 81 2.15584
PT185 1995 02 4 0.775356
PT185 1995 03 4 35.8182
PT185 1995 04 4 21.4053
PT185 1995 05 4 42.9754
PT185 1995 06 91 190.871
PT185 1995 07 180 632.85
PT185 1995 08 179 255.378
PT185 1995 09 127 68.1035
PT185 1995 10 127 56.9934
PT185 1996 03 4 2.92717
PT185 1996 04 4 0.567736
PT185 1996 05 4 11.1922
PT185 1996 06 4 82.8481
PT185 1996 07 108 58.1598
PT185 1996 08 83 66.9421
PT185 1996 09 83 27.865
PT185 1996 10 83 22.1905
PT185 1996 11 83 0.175143
PT185 1996 12 3 0.0676305
PT185 1997 02 3 3.34907
PT185 1997 03 3 7.85318
PT185 1997 04 3 11.3232
PT185 1997 05 3 7.27912
PT185 1997 06 3 7.96406
PT185 1997 07 3 44.5366
PT185 1997 08 3 47.5204
PT185 1997 09 3 41.6574
PT185 1997 10 3 25.9122
PT185 1997 11 2 0.030783
PT185 1998 02 4 4.65537
PT185 1998 03 4 9.9454
PT185 1998 04 4 0.124001
PT185 1998 05 4 1.0788
PT185 1998 06 4 11.8714
PT185 1998 07 4 73.2455
PT185 1998 08 123 87.5786
PT185 1998 09 123 30.1318
PT185 1998 10 93 67.066
PT185 1998 11 93 18.3362
PT185 1998 12 93 11.7911
PT185 1999 01 93 1.21252
PT185 1999 02 93 17.7887
PT185 1999 03 93 6.0712
PT185 1999 04 93 40.5508
PT185 1999 05 93 5.21655
PT185 1999 06 93 51.4343
PT185 1999 07 123 763.303
PT185 1999 08 123 27.5683
PT185 1999 09 123 15.6982
PT185 1999 10 123 16.5703
PT185 1999 11 123 10.8443
PT185 1999 12 2 0.0215214
PT185 2000 01 2 0.418513
PT185 2000 02 2 9.50773
PT185 2000 03 2 19.3728
PT185 2000 04 5 0.292456
PT185 2000 05 5 0.652685
PT185 2000 06 5 21.3291
PT185 2000 07 120 425.255
PT185 2000 08 195 4713.72
PT185 2000 09 128 81.8064
PT185 2000 10 104 83.2987
PT185 2001 02 104 0.080673
PT185 2001 03 2 0.000688626
PT185 2001 04 2 3.30734
PT185 2001 05 2 2.14123
PT185 2001 06 97 130.503
PT185 2001 07 97 95.0918
PT185 2001 08 97 60.6403
PT185 2001 09 97 76.0116
PT185 2001 10 97 3.058
PT185 2001 11 97 6.05227
PT185 2001 12 97 4.76367
PT185 2002 02 97 3.97105
PT185 2002 03 97 0.0936345
PT185 2002 04 97 9.44567
PT185 2002 05 97 29.0039
PT185 2002 06 97 196.975
PT185 2002 07 124 2234.4
PT185 2002 08 124 908.599
PT185 2002 09 124 14.1298
PT185 2002 10 124 3.10222
PT185 2002 11 3 0.0329488
PT185 2003 01 5 0.134528
PT185 2003 02 4 0.975859
PT185 2003 03 4 4.72105
PT185 2003 04 4 0.322342
PT185 2003 05 4 179.717
PT185 2003 06 4 730.139
PT185 2003 07 4 730.175
PT185 2003 08 113 32185
PT185 2003 09 113 1288.16
PT185 2003 10 113 13.2008
PT185 2003 11 2 0.0916972
PT185 2003 12 2 0.00843297
PT185 2004 01 4 1.71693
PT185 2004 02 4 1.34905
PT185 2004 03 4 3.38874
PT185 2004 04 4 4.40827
PT185 2004 05 4 10.3441
PT185 2004 06 4 573.166
PT185 2004 07 88 413.097
PT185 2004 08 88 34.8403
PT185 2004 09 88 77.7482
PT185 2004 10 88 172.614
PT185 2004 11 88 13.1261
PT185 2004 12 88 2.39141
PT185 2005 01 88 15.1871
PT185 2005 02 88 25.8987
PT185 2005 03 88 53.0476
PT185 2005 04 88 7.26896
PT185 2005 05 88 63.3806
PT185 2005 06 88 159.766
PT185 2005 07 88 142.566
PT185 2005 08 88 1752.02
PT185 2005 09 88 111.863
PT185 2005 10 88 24.9619
PT185 2005 11 2 0.00116847
PT185 2005 12 2 0.006824
PT185 2006 01 2 0.00423981
PT185 2006 02 3 1.44533
PT185 2006 03 3 9.75814
PT185 2006 04 3 0.110948
PT185 2006 05 3 3.03197
PT185 2006 06 3 8.49524
PT185 2006 07 3 54.634
PT185 2006 08 3 334.585
PT185 2006 09 3 15.3903
PT185 2006 10 3 3.83089
PT185 2007 02 2 0.252725
PT185 2007 03 2 2.91328
PT185 2007 04 2 6.56852
PT185 2007 05 2 7.22378
PT185 2007 06 2 4.9687
PT185 2007 07 2 41.9832
PT185 2007 08 2 23.335
PT185 2007 09 2 21.6057
PT185 2007 10 2 13.1737
PT185 2007 11 2 29.7536
PT185 2007 12 2 3.19244
RO111 2005 04 2 1.83961
RO113 2004 03 2 1.11044
RO113 2005 03 3 4.64765
RO113 2005 04 3 13.5381
RO121 2004 03 3 3.67839
RO121 2004 04 2 0.63764
RO121 2005 03 2 1.54018
RO121 2005 04 2 14.7411
RO122 2004 03 2 2.15827
RO122 2004 04 2 0.382275
RO122 2005 03 2 0.517762
RO123 2005 04 3 2.37283
RO123 2005 11 2 0.762354
RO124 2005 04 2 2.06068
RO213 2005 04 2 0.529835
RO214 2004 04 4 6.45804
RO215 2004 04 2 0.443146
RO215 2004 05 2 1.22959
RO215 2005 04 2 0.285611
RO216 2005 03 2 7.07122
RO216 2005 04 3 4.08086
RO222 2004 11 2 0.603455
RO223 2004 03 2 3.29592
RO223 2005 03 2 2.37223
RO223 2005 07 2 2.61742
RO226 2005 03 3 3.95219
RO311 2004 03 2 0.384538
RO313 2005 04 2 1.83177
RO316 2005 01 2 4.2129
RO316 2005 03 4 1.46496
RO316 2005 04 4 2.19
RO411 2005 01 2 3.59166
RO411 2005 03 5 2.48367
RO413 2004 03 2 4.68513
RO413 2004 08 2 2.28997
RO413 2004 09 2 45.4721
RO413 2005 03 2 10.7974
RO413 2005 04 2 13.5014
RO414 2004 04 2 1.89698
RO414 2004 08 2 0.708515
RO414 2004 09 2 1.62826
RO414 2005 01 2 2.8509
RO414 2005 03 2 5.61321
RO421 2004 03 2 3.00893
RO421 2004 08 2 0.597165
RO421 2005 04 2 1.75738
RO422 2004 03 4 5.06736
RO422 2004 09 2 49.0362
RO422 2004 11 3 12.7273
RO422 2005 04 5 42.1682
RO422 2005 10 2 0.63851
RO423 2005 04 3 6.34018
SK010 2004 04 2 0.0518204
SK010 2004 05 2 1.00642
SK010 2004 08 2 2.19734
SK010 2004 09 3 0.802577
SK010 2005 03 3 1.1692
SK010 2005 04 4 1.08805
SK010 2005 05 4 0.167009
SK010 2005 06 5 1.42152
SK010 2005 11 2 0.130631
SK010 2006 03 2 0.0119685
SK010 2006 04 5 6.87507
SK010 2006 09 2 0.0127861
SK021 2004 04 2 0.0114674
SK021 2004 05 2 0.333058
SK021 2004 06 2 0.00586475
SK021 2004 08 4 4.39533
SK021 2004 09 3 37.1785
SK021 2005 04 5 7.1467
SK021 2005 05 5 3.63728
SK021 2005 06 3 1.00702
SK021 2005 11 4 0.719068
SK021 2006 03 2 8.89524
SK021 2006 04 2 4.5202
SK021 2006 05 4 1.65995
SK021 2006 07 4 1.91617
SK021 2006 09 2 0.0912002
SK021 2006 10 2 0.206632
SK021 2006 12 2 4.0584
SK022 2004 04 2 4.96991
SK022 2004 05 3 0.177104
SK022 2004 06 2 0.00949034
SK022 2004 07 3 1.2152
SK022 2004 08 3 0.364486
SK022 2004 09 2 0.0154688
SK022 2005 04 4 1.5354
SK022 2005 05 2 0.00635362
SK022 2005 06 2 0.0251758
SK022 2005 11 3 0.759287
SK022 2006 03 2 0.131468
SK022 2006 04 5 1.1147
SK022 2006 05 4 0.142204
SK022 2006 07 4 1.48577
SK022 2006 08 2 0.0114698
SK022 2006 09 2 0.619344
SK023 2004 09 2 15.6508
SK023 2005 03 4 0.35765
SK023 2005 04 4 0.299625
SK023 2005 05 4 3.71262
SK023 2005 06 4 0.106666
SK023 2005 08 2 0.0102589
SK023 2005 10 2 0.0102483
SK023 2006 04 2 0.338772
SK023 2006 07 3 0.227259
SK023 2006 09 3 0.0122554
SK023 2006 10 2 0.0141247
SK031 2004 03 3 0.754246
SK031 2004 04 3 5.43635
SK031 2004 05 3 0.390165
SK031 2004 06 3 1.55632
SK031 2004 07 5 0.246254
SK031 2004 08 3 0.104835
SK031 2004 09 3 0.393584
SK031 2004 10 2 0.52649
SK031 2005 04 2 5.49939
SK031 2005 05 2 1.80943
SK031 2005 06 2 6.02875
SK031 2005 07 2 0.227294
SK031 2005 09 4 0.188834
SK031 2005 10 2 0.0127667
SK031 2005 11 4 0.078924
SK031 2006 04 4 12.8411
SK031 2006 05 4 11.9584
SK031 2006 06 5 0.940126
SK031 2006 07 5 21.9951
SK031 2006 08 2 0.0123911
SK031 2006 09 4 0.748114
SK031 2006 10 4 12.4201
SK031 2006 12 2 0.0123118
SK032 2004 03 3 0.740961
SK032 2004 04 3 37.2951
SK032 2004 05 2 0.756098
SK032 2004 06 4 0.0806386
SK032 2004 07 2 0.273226
SK032 2004 08 3 0.0125903
SK032 2004 09 2 0.25476
SK032 2004 10 2 0.00649091
SK032 2005 03 5 0.760562
SK032 2005 04 5 35.0949
SK032 2005 05 2 1.25007
SK032 2005 06 2 32.3819
SK032 2005 07 5 0.0813752
SK032 2005 08 4 4.51166
SK032 2005 09 3 0.36003
SK032 2006 03 3 0.0756045
SK032 2006 04 3 8.02702
SK032 2006 05 2 0.190928
SK032 2006 06 2 0.0440022
SK032 2006 07 2 3.06762
SK032 2006 08 3 0.0640662
SK032 2006 09 3 2.17384
SK032 2006 10 4 0.356895
SK032 2006 11 2 0.432181
SK041 2004 03 2 0.0918942
SK041 2004 04 2 20.5446
SK041 2004 05 2 0.0622531
SK041 2004 06 2 0.0761706
SK041 2004 07 2 0.00801755
SK041 2004 08 3 0.332609
SK041 2004 11 3 0.112237
SK041 2005 03 5 2.78541
SK041 2005 04 5 53.1399
SK041 2005 05 4 1.42911
SK041 2005 06 4 3.19512
SK041 2005 07 4 333.716
SK041 2005 08 4 0.084328
SK041 2005 09 2 0.00750202
SK041 2005 10 4 0.880231
SK041 2005 11 5 2.81484
SK041 2005 12 2 0.00909258
SK041 2006 03 2 0.0149653
SK041 2006 04 2 25.1632
SK041 2006 06 3 2.19896
SK041 2006 07 3 1.98191
SK041 2006 08 4 0.0479868
SK041 2006 09 4 2.86439
SK041 2006 10 4 1.37958
SK041 2006 11 5 2.91227
SK041 2006 12 3 0.0216038
SK042 2004 03 3 3.43052
SK042 2004 04 3 25.5831
SK042 2004 05 2 0.436136
SK042 2004 06 3 0.0713832
SK042 2004 07 2 0.0146434
SK042 2004 09 4 0.843603
SK042 2004 10 3 0.359074
SK042 2004 11 2 2.10591
SK042 2005 03 2 7.49885
SK042 2005 04 2 52.6211
SK042 2005 05 2 3.48534
SK042 2005 06 2 5.11372
SK042 2005 07 2 0.00569495
SK042 2005 10 2 0.181415
SK042 2005 11 5 8.68304
SK042 2005 12 2 0.0109261
SK042 2006 03 4 0.759487
SK042 2006 04 4 11.0451
SK042 2006 05 2 0.0128487
SK042 2006 06 2 0.00803908
SK042 2006 07 2 2.10613
SK042 2006 09 4 0.219508
SK042 2006 10 4 2.98399
SK042 2006 11 4 5.88397
SK042 2006 12 3 6.56306
