ES425 1995 06 5 16.6975
ES425 1995 07 5 81.2748
ES425 1995 08 5 78.4654
ES425 1995 09 5 25.3543
ES425 1995 10 5 120.022
ES425 1995 11 4 7.47621
ES425 1996 03 3 1.12382
ES425 1996 04 2 0.147301
ES425 1996 06 2 15.595
ES425 1996 07 2 55.7769
ES425 1996 08 2 69.7578
ES425 1996 09 2 6.69024
ES425 1996 10 4 3.5623
ES425 1996 11 2 3.45185
ES425 1997 02 4 7.11919
ES425 1997 03 4 51.12
ES425 1997 04 4 11.7705
ES425 1997 05 2 3.35079
ES425 1997 06 5 7.68996
ES425 1997 07 5 24.0634
ES425 1997 08 5 27.0039
ES425 1997 09 5 222.785
ES425 1997 10 4 3.39896
ES425 1998 02 4 9.86066
ES425 1998 03 4 1.98432
ES425 1998 05 2 1.33255
ES425 1998 06 2 15.935
ES425 1998 07 2 184.837
ES425 1998 08 2 108.875
ES425 1998 09 2 201.173
ES425 1998 10 5 27.7871
ES425 1998 12 2 0.0376782
ES425 1999 01 2 0.322593
ES425 1999 02 2 8.25537
ES425 1999 03 4 2.63802
ES425 1999 04 4 11.3034
ES425 1999 05 5 6.75681
ES425 1999 06 5 158.663
ES425 1999 07 5 86.7139
ES425 1999 08 5 569.57
ES425 1999 09 5 56.2656
ES425 2000 02 5 13.5618
ES425 2000 03 5 56.4619
ES425 2000 06 5 60.67
ES425 2000 07 5 205.094
ES425 2000 08 5 414.035
ES425 2000 09 5 337.279
ES425 2000 10 5 71.5663
ES425 2001 04 4 3.04554
ES425 2001 05 5 68.2783
ES425 2001 06 5 293.753
ES425 2001 07 5 374.932
ES425 2001 08 5 191.187
ES425 2001 09 5 140.436
ES425 2001 10 2 3.81576
ES425 2001 11 4 9.01057
ES425 2001 12 5 5.63071
ES425 2002 02 5 32.8138
ES425 2002 03 5 1.23036
ES425 2002 04 5 16.4476
ES425 2002 05 5 19.209
ES425 2002 06 5 377.349
ES425 2002 07 5 341.966
ES425 2002 08 5 428.409
ES425 2002 09 5 54.9388
ES425 2002 10 5 5.51291
ES425 2002 11 3 8.40512
ES425 2003 01 4 2.61633
ES425 2003 02 4 4.97129
ES425 2003 03 4 11.1083
ES425 2003 04 4 24.5205
ES425 2003 05 4 150.971
ES425 2003 06 4 137.781
ES425 2003 07 4 1294.48
ES425 2003 08 4 133.082
ES425 2003 09 4 201.64
ES425 2003 10 4 9.78989
ES425 2003 11 3 9.77788
ES425 2004 01 2 0.122809
ES425 2004 02 3 7.53826
ES425 2004 03 3 21.6244
ES425 2004 04 3 12.5153
ES425 2004 06 3 188.113
ES425 2004 07 99 544.866
ES425 2004 08 99 299.805
ES425 2004 09 98 588.246
ES425 2004 10 98 504.793
ES425 2004 11 98 14.448
ES425 2004 12 4 2.30121
ES425 2005 01 4 24.3347
ES425 2005 02 4 71.8769
ES425 2005 03 4 191.391
ES425 2005 04 4 54.2378
ES425 2005 05 4 116.649
ES425 2005 06 4 1487.27
ES425 2005 07 4 95.2015
ES425 2005 08 4 863.9
ES425 2005 09 4 60.1403
ES425 2005 10 4 6.97124
ES425 2006 03 4 5.93781
ES425 2006 04 3 0.0104139
ES425 2006 05 3 39.8011
ES425 2006 06 3 205.373
ES425 2006 07 3 162.053
ES425 2006 08 3 116.887
ES425 2006 09 3 138.591
ES425 2006 10 3 43.5709
ES425 2006 12 3 0.109844
ES431 1985 03 2 3.66573
ES431 1985 06 2 1104.8
ES431 1985 07 2 5392.63
ES431 1985 08 2 2806.87
ES431 1985 09 2 12853.5
ES431 1986 03 2 7.65098
ES431 1986 05 3 16.2201
ES431 1986 06 3 878.438
ES431 1986 07 3 5552.55
ES431 1986 08 3 3427.02
ES431 1986 09 3 52.2704
ES431 1986 10 4 8.72743
ES431 1987 05 3 1.02861
ES431 1987 06 3 813.997
ES431 1987 07 3 1872.28
ES431 1987 08 3 3432.57
ES431 1987 09 3 1439.89
ES431 1988 02 3 10.5863
ES431 1988 03 2 2.89886
ES431 1988 07 2 48.0303
ES431 1988 08 2 402.44
ES431 1988 09 2 597.738
ES431 1988 10 2 708.849
ES431 1989 02 3 1.47362
ES431 1989 05 5 34.3082
ES431 1989 06 5 1060.24
ES431 1989 07 5 3446.48
ES431 1989 08 5 963.191
ES431 1989 09 5 212.833
ES431 1989 10 5 173.592
ES431 1989 11 2 1.29689
ES431 1990 06 2 235.914
ES431 1990 07 2 2539.21
ES431 1990 08 2 509.204
ES431 1990 09 2 383.016
ES431 1990 10 2 267.245
ES431 1991 05 2 211.064
ES431 1991 06 2 1490.72
ES431 1991 07 2 2400.15
ES431 1991 08 2 2801.52
ES431 1991 09 2 1891.65
ES431 1991 10 2 402.364
ES431 1991 11 2 14.418
ES431 1992 04 3 38.0363
ES431 1992 05 3 52.8251
ES431 1992 06 2 1.11978
ES431 1992 07 2 26.1964
ES431 1992 08 2 405.267
ES431 1992 09 2 213.028
ES431 1993 02 3 3.07305
ES431 1993 04 2 0.771335
ES431 1993 06 2 8.89005
ES431 1993 07 2 332.832
ES431 1993 08 2 59.9202
ES431 1993 09 2 118.763
ES431 1993 10 4 15.0472
ES431 1994 03 2 0.137672
ES431 1994 04 3 14.0713
ES431 1994 05 3 1.84488
ES431 1994 06 3 1602.78
ES431 1994 07 3 1996.03
ES431 1994 08 88 893.543
ES431 1994 09 88 296.429
ES431 1994 10 88 64.1788
ES431 1995 03 88 5.63962
ES431 1995 04 88 21.9149
ES431 1995 05 88 92.1518
ES431 1995 06 88 74.7537
ES431 1995 07 88 106.699
ES431 1995 08 88 242.117
ES431 1995 09 88 61.7964
ES431 1995 10 88 46.9701
ES431 1996 06 88 189.626
ES431 1996 07 88 176.938
ES431 1996 08 88 112.283
ES431 1996 09 88 83.5069
ES431 1996 10 5 10.539
ES431 1997 05 5 4.46561
ES431 1997 06 5 505.766
ES431 1997 07 5 157.67
ES431 1997 08 5 29.5899
ES431 1997 09 5 29.2646
ES431 1997 10 5 16.5323
ES431 1998 03 3 0.658488
ES431 1998 05 2 4.98801
ES431 1998 06 2 123.298
ES431 1998 07 2 243.018
ES431 1998 08 2 207.847
ES431 1998 09 2 113.924
ES431 1998 10 2 9.88256
ES431 1998 12 2 4.19032
ES431 1999 02 4 20.0353
ES431 1999 03 5 1.66951
ES431 1999 04 5 148.53
ES431 1999 05 5 9.89873
ES431 1999 06 5 25.8805
ES431 1999 07 5 54.7122
ES431 1999 08 5 68.9628
ES431 1999 09 5 10.4369
ES431 1999 10 5 5.19995
ES431 2000 02 2 0.0237724
ES431 2000 03 2 0.651215
ES431 2000 06 2 186.493
ES431 2000 07 2 268.078
ES431 2000 08 2 527.721
ES431 2000 09 2 63.1283
ES431 2000 10 2 139.781
ES431 2001 04 4 31.3317
ES431 2001 05 4 63.2934
ES431 2001 06 86 1697.63
ES431 2001 07 98 1387.79
ES431 2001 08 98 1150.9
ES431 2001 09 98 145.261
ES431 2001 10 98 21.5245
ES431 2001 12 2 31.4789
ES431 2002 02 2 0.0873356
ES431 2002 05 3 5.50396
ES431 2002 06 3 327.298
ES431 2002 07 153 1439.71
ES431 2002 08 120 1078.1
ES431 2002 09 120 744.392
ES431 2002 10 5 9.06129
ES431 2003 03 4 10.2882
ES431 2003 05 4 63.5039
ES431 2003 06 98 404.845
ES431 2003 07 127 3037.89
ES431 2003 08 86 3567.95
ES431 2003 09 86 296.142
ES431 2003 10 86 176.423
ES431 2004 04 2 0.321982
ES431 2004 05 3 1.11506
ES431 2004 06 101 1103.14
ES431 2004 07 117 1952.12
ES431 2004 08 117 684.37
ES431 2004 09 93 1057.95
ES431 2004 10 93 1069.74
ES431 2004 11 2 2.10178
ES431 2005 01 2 20.31
ES431 2005 02 2 5.26192
ES431 2005 03 2 82.8699
ES431 2005 04 2 185.64
ES431 2005 05 2 25.1849
ES431 2005 06 2 188.087
ES431 2005 07 2 187.827
ES431 2005 08 2 82.4548
ES431 2005 09 2 83.3739
ES431 2005 10 2 40.7614
ES431 2005 11 2 0.52899
ES431 2006 01 2 0.45312
ES431 2006 02 4 0.0784931
ES431 2006 03 4 1.49912
ES431 2006 04 4 0.940037
ES431 2006 05 4 51.2029
ES431 2006 06 4 399.121
ES431 2006 07 4 1129.72
ES431 2006 08 4 184.227
ES431 2006 09 4 77.8056
ES431 2006 10 4 30.8465
ES432 1985 01 2 0.0831596
ES432 1985 02 2 2.48968
ES432 1985 03 2 27.714
ES432 1985 04 5 6.06
ES432 1985 05 3 4.17386
ES432 1985 06 4 74.1279
ES432 1985 07 4 9452.92
ES432 1985 08 102 30973
ES432 1985 09 102 9414.69
ES432 1985 10 102 841.53
ES432 1985 11 2 2.98765
ES432 1986 01 3 8.20869
ES432 1986 03 5 12.2143
ES432 1986 04 5 55.1693
ES432 1986 05 5 33.6142
ES432 1986 06 5 2638.51
ES432 1986 07 5 13044.5
ES432 1986 08 90 13019.4
ES432 1986 09 90 2250.15
ES432 1986 10 90 9.47521
ES432 1986 11 2 0.805518
ES432 1987 03 4 3.79927
ES432 1987 04 3 8.60832
ES432 1987 05 4 23.6119
ES432 1987 06 4 1096.8
ES432 1987 07 4 1262.91
ES432 1987 08 102 3863.38
ES432 1987 09 102 5650.96
ES432 1987 10 2 4.11538
ES432 1988 02 4 16.5615
ES432 1988 03 4 13.9305
ES432 1988 04 2 0.427704
ES432 1988 06 3 7.54641
ES432 1988 07 3 296.116
ES432 1988 08 3 2039.44
ES432 1988 09 124 1975.83
ES432 1988 10 124 1311.28
ES432 1989 02 124 10.4149
ES432 1989 03 124 127.06
ES432 1989 04 4 6.21358
ES432 1989 05 4 83.8763
ES432 1989 06 4 70.0764
ES432 1989 07 98 12278.7
ES432 1989 08 143 4233.45
ES432 1989 09 147 2443.77
ES432 1989 10 85 1890.31
ES432 1989 11 2 0.837347
ES432 1990 02 4 14.1351
ES432 1990 03 4 164.11
ES432 1990 04 4 1.63392
ES432 1990 05 5 25.2547
ES432 1990 06 5 2540.08
ES432 1990 07 91 3109.02
ES432 1990 08 93 3117.05
ES432 1990 09 93 620.512
ES432 1990 10 93 305.995
ES432 1990 11 2 1.38551
ES432 1990 12 3 6.35409
ES432 1991 01 2 0.776591
ES432 1991 02 2 0.333783
ES432 1991 03 2 0.66166
ES432 1991 04 2 52.2182
ES432 1991 05 2 368.112
ES432 1991 06 102 2946.59
ES432 1991 07 161 7415.3
ES432 1991 08 140 11753.9
ES432 1991 09 121 2032.62
ES432 1991 10 121 307.946
ES432 1992 01 2 0.823127
ES432 1992 02 3 2.61895
ES432 1992 03 3 563.349
ES432 1992 04 3 138.666
ES432 1992 05 3 238.893
ES432 1992 06 3 26.9183
ES432 1992 07 88 1829.96
ES432 1992 08 110 2440.46
ES432 1992 09 98 1148.45
ES432 1992 10 98 64.8333
ES432 1992 11 2 5.88601
ES432 1992 12 2 154.051
ES432 1993 01 2 6.42344
ES432 1993 02 3 46.4596
ES432 1993 03 3 194.834
ES432 1993 04 3 10.2007
ES432 1993 06 3 51.3665
ES432 1993 07 88 739.457
ES432 1993 08 94 539.805
ES432 1993 09 101 315.109
ES432 1993 10 101 17.9549
ES432 1993 11 2 2.8377
ES432 1994 01 2 1.18992
ES432 1994 02 2 5.46296
ES432 1994 03 2 97.2462
ES432 1994 04 2 57.223
ES432 1994 05 2 27.733
ES432 1994 06 2 105.622
ES432 1994 07 82 586.058
ES432 1994 08 93 1070.37
ES432 1994 09 110 507.335
ES432 1994 10 110 94.602
ES432 1995 01 4 23.8175
ES432 1995 02 3 18.8376
ES432 1995 03 3 195.348
ES432 1995 04 3 155.026
ES432 1995 05 3 160.022
ES432 1995 06 86 164.823
ES432 1995 07 112 1229.28
ES432 1995 08 105 482.255
ES432 1995 09 106 411.088
ES432 1995 10 106 247.144
ES432 1995 12 2 123.015
ES432 1996 02 4 9.3975
ES432 1996 03 4 2.31281
ES432 1996 04 4 12.594
ES432 1996 05 3 11.1919
ES432 1996 06 3 193.401
ES432 1996 07 97 1193.71
ES432 1996 08 97 664.178
ES432 1996 09 97 429.304
ES432 1996 10 85 327.69
ES432 1996 11 5 7.02024
ES432 1997 02 5 313.761
ES432 1997 03 92 1040.27
ES432 1997 04 92 415.844
ES432 1997 05 92 75.5312
ES432 1997 06 92 60.575
ES432 1997 07 92 101.128
ES432 1997 08 92 143.926
ES432 1997 09 92 69.4781
ES432 1997 10 92 31.1923
ES432 1997 12 4 8.00641
ES432 1998 02 4 93.3879
ES432 1998 03 4 369.28
ES432 1998 04 4 19.2288
ES432 1998 05 4 42.183
ES432 1998 06 4 87.5564
ES432 1998 07 90 315.44
ES432 1998 08 119 787.565
ES432 1998 09 116 239.245
ES432 1998 10 142 410.665
ES432 1998 11 142 401.922
ES432 1998 12 142 1745.32
ES432 1999 01 142 242.661
ES432 1999 02 86 1215.69
ES432 1999 03 86 91.7183
ES432 1999 04 86 105.255
ES432 1999 05 86 17.6044
ES432 1999 06 86 198.634
ES432 1999 07 113 1322.21
ES432 1999 08 115 92.7498
ES432 1999 09 92 297
ES432 1999 10 92 6.49152
ES432 1999 11 92 38.3467
ES432 2000 01 4 7.87063
ES432 2000 02 4 915.741
ES432 2000 03 4 230.962
ES432 2000 04 2 1.17216
ES432 2000 05 2 12.9982
ES432 2000 06 2 673.808
ES432 2000 07 111 449.174
ES432 2000 08 157 1576.64
ES432 2000 09 151 806.98
ES432 2000 10 93 668.766
ES432 2001 02 93 27.5592
ES432 2001 03 93 6.18895
ES432 2001 04 93 111.839
ES432 2001 05 93 9.26055
ES432 2001 06 132 1486.35
ES432 2001 07 138 3173.02
ES432 2001 08 127 1947.71
ES432 2001 09 118 716.338
ES432 2001 10 118 27.2458
ES432 2001 11 118 400.703
ES432 2001 12 118 126.801
ES432 2002 01 3 5.03867
ES432 2002 02 3 70.3739
ES432 2002 03 3 9.40004
ES432 2002 04 5 20.3518
ES432 2002 05 5 13.2717
ES432 2002 06 98 973.561
ES432 2002 07 136 957.901
ES432 2002 08 130 4968.92
ES432 2002 09 130 107.502
ES432 2002 10 130 17.9432
ES432 2002 11 2 1.28914
ES432 2003 01 2 5.81841
ES432 2003 02 2 85.6059
ES432 2003 03 2 46.6183
ES432 2003 04 2 5.97616
ES432 2003 05 2 75.0186
ES432 2003 06 81 1102.2
ES432 2003 07 144 1720.4
ES432 2003 08 168 25014.3
ES432 2003 09 120 2612.83
ES432 2003 10 120 49.1864
ES432 2003 12 2 0.138497
ES432 2004 01 2 32.7134
ES432 2004 02 2 72.6189
ES432 2004 03 2 38.5811
ES432 2004 04 2 27.7717
ES432 2004 05 2 118.734
ES432 2004 06 118 5451.87
ES432 2004 07 136 980.643
ES432 2004 08 136 1078.41
ES432 2004 09 132 2333.72
ES432 2004 10 132 359.193
ES432 2004 11 132 95.4874
ES432 2004 12 132 257.772
ES432 2005 01 124 526.871
ES432 2005 02 124 410.724
ES432 2005 03 124 430.871
ES432 2005 04 124 32.7299
ES432 2005 05 124 168.7
ES432 2005 06 124 66.1625
ES432 2005 07 102 9030.7
ES432 2005 08 102 1417.94
ES432 2005 09 102 519.268
ES432 2005 10 102 23.73
ES432 2005 11 5 4.25142
ES432 2005 12 5 7.91411
ES432 2006 01 5 3.92994
ES432 2006 02 5 34.5701
ES432 2006 03 5 108.758
ES432 2006 04 5 10.5355
ES432 2006 05 5 128.143
ES432 2006 06 5 366.934
ES432 2006 07 98 3470
ES432 2006 08 89 1303.96
ES432 2006 09 89 796.724
ES432 2006 10 89 16.7642
ES432 2006 12 4 1.40546
ES511 1985 01 2 0.536074
ES511 1985 02 2 120.566
ES511 1985 03 2 75.5304
ES511 1985 04 2 241.254
ES511 1985 05 2 10.6887
ES511 1985 06 2 5.23392
ES511 1985 07 2 6445.52
ES511 1985 08 2 143.975
ES511 1985 09 2 176.321
ES511 1985 10 2 20.3216
ES511 1985 11 2 7.91301
ES511 1986 01 5 9.14402
ES511 1986 02 2 0.191575
ES511 1986 03 2 28.4719
ES511 1986 04 2 29.2274
ES511 1986 05 2 362.844
ES511 1986 06 2 69.5742
ES511 1986 07 2 16394.3
ES511 1986 08 2 5507.48
ES511 1986 09 2 35.3415
ES511 1987 03 4 43.2225
ES511 1987 04 4 18.7252
ES511 1987 05 4 44.2412
ES511 1987 06 4 25.626
ES511 1987 07 4 139.937
ES511 1987 08 4 37.5843
ES511 1987 09 4 244.165
ES511 1988 02 3 3.28638
ES511 1988 03 3 97.2972
ES511 1988 04 3 2.34178
ES511 1988 05 3 8.8396
ES511 1988 06 2 0.843407
ES511 1988 07 2 7.66185
ES511 1988 08 2 237.951
ES511 1988 09 2 209.083
ES511 1988 10 3 2.82368
ES511 1988 12 2 0.682752
ES511 1989 01 2 5.49065
ES511 1989 02 2 24.6542
ES511 1989 03 2 11.239
ES511 1989 04 3 3.00352
ES511 1989 05 3 40.3178
ES511 1989 06 3 86.5963
ES511 1989 07 3 365.879
ES511 1989 08 3 50.3033
ES511 1989 09 2 4.04604
ES511 1989 11 4 5.98852
ES511 1990 02 3 3.78003
ES511 1990 03 3 28.3404
ES511 1990 04 3 10.0595
ES511 1990 05 3 20.9454
ES511 1990 06 3 9.43344
ES511 1990 07 3 115.659
ES511 1990 08 3 364.178
ES511 1990 09 3 4.13865
ES511 1991 02 2 1.32475
ES511 1991 03 3 4.47525
ES511 1991 04 5 11.2361
ES511 1991 05 5 14.1529
ES511 1991 06 5 17.4916
ES511 1991 07 5 584.243
ES511 1991 08 5 92.3104
ES511 1991 09 5 16.0349
ES511 1991 11 2 2.2948
ES511 1992 02 2 9.24469
ES511 1992 03 2 6.58094
ES511 1992 04 2 12.4791
ES511 1992 05 2 1.58426
ES511 1992 06 2 1.46484
ES511 1992 07 2 0.892451
ES511 1992 08 2 52.81
ES511 1992 09 2 12.4002
ES511 1992 10 4 4.71631
ES511 1992 11 3 1.8834
ES511 1992 12 3 4.2899
ES511 1993 01 3 7.74398
ES511 1993 02 3 9.94127
ES511 1993 03 3 12.3234
ES511 1993 04 3 9.35735
ES511 1993 05 3 1.68534
ES511 1993 06 3 139.256
ES511 1993 07 3 152.116
ES511 1993 08 3 204.437
ES511 1993 09 3 920.726
ES511 1993 10 3 39.5161
ES511 1993 12 3 5.65082
ES511 1994 01 3 13.7381
ES511 1994 02 3 5.39851
ES511 1994 03 3 21.831
ES511 1994 04 3 4226.91
ES511 1994 05 3 26.39
ES511 1994 06 96 395.576
ES511 1994 07 109 51634.2
ES511 1994 08 100 3497.41
ES511 1994 09 100 100.948
ES511 1994 11 2 0.136762
ES511 1995 01 2 3.3944
ES511 1995 02 2 6.53833
ES511 1995 03 2 32.6617
ES511 1995 04 2 10.3862
ES511 1995 05 2 3.23618
ES511 1995 06 2 4.54884
ES511 1995 07 2 227.819
ES511 1995 08 2 19.2285
ES511 1995 09 2 1.85988
ES511 1995 11 4 0.62897
ES511 1996 02 2 0.417942
ES511 1996 03 5 4.03218
ES511 1996 04 4 1.93746
ES511 1996 05 2 0.405256
ES511 1996 06 5 1.31435
ES511 1996 07 5 26.6843
ES511 1996 08 5 7.14186
ES511 1996 09 4 0.503499
ES511 1996 10 3 2.35508
ES511 1996 11 2 0.122568
ES511 1997 01 2 0.0217852
ES511 1997 02 4 0.260462
ES511 1997 03 4 29.3964
ES511 1997 04 4 10.1973
ES511 1997 05 4 175.671
ES511 1997 06 4 9.00391
ES511 1997 07 4 78.7834
ES511 1997 08 4 22.3107
ES511 1997 09 4 1.71865
ES511 1997 10 4 5.11978
ES511 1997 11 3 0.328416
ES511 1997 12 2 0.00915389
ES511 1998 01 3 0.406438
ES511 1998 02 3 5.51609
ES511 1998 03 3 31.9503
ES511 1998 04 3 2.47039
ES511 1998 05 3 11.7017
ES511 1998 06 3 125.802
ES511 1998 07 3 3460.42
ES511 1998 08 3 14.9746
ES511 1998 09 3 5.45573
ES511 1998 10 3 5.44114
ES511 1998 11 3 6.04819
ES511 1998 12 3 2.98695
ES511 1999 01 3 9.39834
ES511 1999 02 3 34.0719
ES511 1999 03 3 19.7065
ES511 1999 04 3 12.6171
ES511 1999 05 3 8.48544
ES511 1999 06 3 13.4644
ES511 1999 07 3 50.7139
ES511 1999 08 3 39.1057
ES511 1999 09 3 0.894209
ES511 1999 10 3 0.796289
ES511 1999 11 2 0.0312531
ES511 1999 12 2 3.04854
ES511 2000 01 2 7.24424
ES511 2000 02 2 30.4427
ES511 2000 03 2 10.9521
ES511 2000 04 2 44.2001
ES511 2000 05 2 0.695994
ES511 2000 06 2 2.52605
ES511 2000 07 2 260.263
ES511 2000 08 2 25.7664
ES511 2000 09 2 11.2805
ES511 2000 10 5 8.04873
ES511 2000 11 5 0.312714
ES511 2000 12 4 0.487744
ES511 2001 01 4 1.59262
ES511 2001 02 4 4.27832
ES511 2001 03 4 6.25565
ES511 2001 04 4 14.183
ES511 2001 05 4 42.9776
ES511 2001 06 4 99.9187
ES511 2001 07 4 107.378
ES511 2001 08 4 37.7179
ES511 2001 09 4 50.2885
ES511 2001 10 4 2.63709
ES511 2001 11 4 34.7273
ES511 2001 12 5 3.56744
ES511 2002 01 5 1.06824
ES511 2002 02 5 7.77603
ES511 2002 03 5 3.05042
ES511 2002 04 5 3.68643
ES511 2002 05 5 0.776411
ES511 2002 06 5 6.53597
ES511 2002 07 5 229.929
ES511 2002 08 5 3.73252
ES511 2002 09 5 0.0521805
ES511 2002 10 5 0.418472
ES511 2002 11 2 0.0128192
ES511 2003 01 2 6.19517
ES511 2003 02 2 2.50848
ES511 2003 03 2 1.12433
ES511 2003 04 2 0.159004
ES511 2003 05 2 2.46654
ES511 2003 06 2 56.5524
ES511 2003 07 2 565.725
ES511 2003 08 2 2768.96
ES511 2003 09 2 13.2328
ES511 2004 01 2 0.168951
ES511 2004 02 5 0.857202
ES511 2004 03 5 2.35476
ES511 2004 04 3 0.559637
ES511 2004 05 3 2.49804
ES511 2004 06 3 2.9717
ES511 2004 07 3 15.0357
ES511 2004 08 3 29.9103
ES511 2004 09 3 0.582658
ES511 2004 10 3 12.4517
ES511 2004 11 3 2.03621
ES511 2004 12 3 2.20791
ES511 2005 01 3 14.8298
ES511 2005 02 3 5.38266
ES511 2005 03 3 24.3183
ES511 2005 04 3 27.3558
ES511 2005 05 3 4.9661
ES511 2005 06 3 855.688
ES511 2005 07 3 3619.2
ES511 2005 08 3 11.8497
ES511 2005 09 3 0.510794
ES511 2005 10 4 0.0363439
ES511 2005 11 3 0.029758
ES511 2005 12 2 0.0327816
ES511 2006 01 2 1.94748
ES511 2006 02 3 0.109723
ES511 2006 03 3 5.64827
ES511 2006 04 3 3.79419
ES511 2006 05 3 11.899
ES511 2006 06 3 36.3218
ES511 2006 07 3 57.7367
ES511 2006 08 3 17.18
ES511 2006 09 3 1.64009
ES511 2006 10 2 0.0832714
ES511 2006 12 3 1.10809
ES512 1985 01 3 27.1476
ES512 1985 02 3 35.4487
ES512 1985 03 2 1.28425
ES512 1985 04 2 95.3893
ES512 1985 07 2 98.9519
ES512 1985 08 2 280.913
ES512 1985 09 2 349.523
ES512 1985 10 2 67.8455
ES512 1985 12 3 19.4987
ES512 1986 01 4 401.289
ES512 1986 05 5 3.95067
ES512 1986 06 5 202.329
ES512 1986 07 5 16176
ES512 1986 08 5 1225.47
ES512 1986 09 5 3.95917
ES512 1986 12 2 4.09301
ES512 1987 02 2 0.90486
ES512 1987 03 4 9.40841
ES512 1987 05 2 0.0637232
ES512 1987 06 4 0.728113
ES512 1987 07 4 83.7494
ES512 1987 08 4 29.5959
ES512 1987 09 4 9.68776
ES512 1987 11 2 1.05541
ES512 1988 02 5 8.65769
ES512 1988 03 5 8.97396
ES512 1988 07 5 58.7528
ES512 1988 08 5 132.278
ES512 1988 09 5 263.613
ES512 1988 10 5 30.0795
ES512 1988 12 5 32.1688
ES512 1989 01 3 7.76814
ES512 1989 02 3 108.535
ES512 1989 03 3 119.698
ES512 1989 04 2 4.16307
ES512 1989 05 2 3.02183
ES512 1989 06 2 15.3001
ES512 1989 07 2 69.7273
ES512 1989 08 2 52.3508
ES512 1989 09 4 16.6201
ES512 1989 10 4 3.75858
ES512 1990 02 2 5.07576
ES512 1990 03 2 76.1351
ES512 1990 04 3 3.47096
ES512 1990 05 2 0.703535
ES512 1990 06 2 3.76392
ES512 1990 07 2 2.47606
ES512 1990 08 2 20.8379
ES512 1990 09 2 5.08416
ES512 1991 03 2 4.07781
ES512 1991 04 3 1.84717
ES512 1991 05 2 1.54893
ES512 1991 06 5 22.3489
ES512 1991 07 5 282.311
ES512 1991 08 5 26.7341
ES512 1991 09 2 2.97828
ES512 1991 10 2 1.44735
ES512 1991 12 2 1.8959
ES512 1992 03 2 4.55268
ES512 1992 04 2 7.24444
ES512 1992 05 4 3.18331
ES512 1992 06 2 0.0911029
ES512 1992 07 2 0.050815
ES512 1992 08 4 3.41382
ES512 1992 11 3 1.10106
ES512 1993 01 2 0.348171
ES512 1993 02 4 5.935
ES512 1993 03 4 1.06563
ES512 1993 04 4 0.934786
ES512 1993 05 2 0.0981264
ES512 1993 06 3 2.43115
ES512 1993 07 3 597.052
ES512 1993 08 3 1293.33
ES512 1993 09 3 224.371
ES512 1993 10 2 1.23036
ES512 1993 12 2 0.050638
ES512 1994 01 2 11.177
ES512 1994 02 2 3.8554
ES512 1994 03 2 8.88497
ES512 1994 04 2 3.8526
ES512 1994 05 2 7.19888
ES512 1994 06 2 198.467
ES512 1994 07 2 457.42
ES512 1994 08 2 4603.26
ES512 1994 09 2 55.3758
ES512 1994 11 2 0.0529996
ES512 1994 12 2 0.0557703
ES512 1995 01 2 2.03164
ES512 1995 02 2 8.45602
ES512 1995 03 2 3.40691
ES512 1995 04 2 10.4485
ES512 1995 05 2 17.9781
ES512 1995 06 2 46.3234
ES512 1995 07 2 14.3634
ES512 1995 08 2 247.663
ES512 1995 09 2 6.08941
ES512 1995 10 4 0.451449
ES512 1995 11 4 21.6348
ES512 1996 01 2 0.291128
ES512 1996 02 5 1.8852
ES512 1996 03 5 1.27839
ES512 1996 05 5 0.769264
ES512 1996 06 5 9.65502
ES512 1996 07 5 38.5315
ES512 1996 08 5 6.53227
ES512 1996 09 5 4.5224
ES512 1996 10 4 2.08969
ES512 1996 11 4 32.1212
ES512 1996 12 3 0.122241
ES512 1997 02 3 3.50802
ES512 1997 03 3 10.5525
ES512 1997 04 3 7.62089
ES512 1997 05 3 3.98945
ES512 1997 06 3 6.75477
ES512 1997 07 3 4.61739
ES512 1997 08 3 0.811312
ES512 1997 09 3 0.818481
ES512 1997 10 3 5.68886
ES512 1997 11 3 0.336545
ES512 1998 01 4 0.408547
ES512 1998 02 4 2.59856
ES512 1998 03 4 30.8827
ES512 1998 04 4 0.63476
ES512 1998 05 4 1.65768
ES512 1998 06 4 0.68778
ES512 1998 07 4 17.8375
ES512 1998 08 4 11.9515
ES512 1998 09 4 0.84387
ES512 1998 10 4 9.0071
ES512 1998 11 4 35.8071
ES512 1998 12 4 6.00274
ES512 1999 01 4 3.66312
ES512 1999 02 4 61.0334
ES512 1999 03 4 7.7503
ES512 1999 04 4 141.91
ES512 1999 05 4 0.311895
ES512 1999 06 4 1.54309
ES512 1999 07 4 48.5072
ES512 1999 08 4 8.23808
ES512 1999 09 4 0.966712
ES512 1999 10 3 0.0471947
ES512 1999 11 5 0.959842
ES512 1999 12 5 3.03712
ES512 2000 01 5 4.64273
ES512 2000 02 5 51.1368
ES512 2000 03 5 19.5702
ES512 2000 04 4 1.29038
ES512 2000 05 4 2.17314
ES512 2000 06 4 0.849076
ES512 2000 07 4 48.5834
ES512 2000 08 4 3318.49
ES512 2000 09 4 10.0239
ES512 2000 10 4 7.50318
ES512 2000 11 4 1.25081
ES512 2000 12 3 0.0206895
ES512 2001 01 2 0.147641
ES512 2001 02 2 5.01189
ES512 2001 03 2 4.96822
ES512 2001 04 2 9.23117
ES512 2001 05 2 3.90932
ES512 2001 06 2 2914.05
ES512 2001 07 2 2.0475
ES512 2001 08 2 58.6778
ES512 2001 09 2 1.16943
ES512 2001 10 2 5.23955
ES512 2001 11 2 9.11923
ES512 2001 12 2 0.202125
ES512 2002 01 2 8.6517
ES512 2002 02 2 6.34417
ES512 2002 03 2 5.68548
ES512 2002 04 2 1.95509
ES512 2002 05 2 0.0140597
ES512 2002 06 2 0.439323
ES512 2002 07 2 2.36093
ES512 2002 08 5 0.179531
ES512 2002 09 5 4.78121
ES512 2002 10 5 19.777
ES512 2002 11 4 0.832198
ES512 2002 12 2 0.00725444
ES512 2003 01 2 546.11
ES512 2003 02 4 0.697649
ES512 2003 03 5 0.198956
ES512 2003 04 5 0.427709
ES512 2003 05 5 0.996309
ES512 2003 06 5 60.2281
ES512 2003 07 5 149.032
ES512 2003 08 5 532.269
ES512 2003 09 5 57.5579
ES512 2004 01 2 0.348867
ES512 2004 02 3 0.341347
ES512 2004 03 5 0.187234
ES512 2004 04 3 0.199374
ES512 2004 05 3 0.0384555
ES512 2004 06 3 9.46852
ES512 2004 07 3 21.443
ES512 2004 08 3 1.44448
ES512 2004 09 3 490.449
ES512 2004 10 3 4.18818
ES512 2004 11 3 18.8917
ES512 2004 12 2 0.0243369
ES512 2005 01 2 3.00563
ES512 2005 02 2 1.18901
ES512 2005 03 2 11.4918
ES512 2005 04 2 1.80848
ES512 2005 05 2 0.643555
ES512 2005 06 2 1.34596
ES512 2005 07 2 116.748
ES512 2005 08 2 1.17184
ES512 2005 09 3 0.0154771
ES512 2005 10 2 0.00551459
ES512 2006 02 4 0.570045
ES512 2006 03 4 0.154335
ES512 2006 04 4 1.73367
ES512 2006 05 4 3.92884
ES512 2006 06 4 16.0066
ES512 2006 07 4 14.956
ES512 2006 08 4 790.385
ES512 2006 09 4 0.142223
ES512 2006 10 2 0.00687528
ES512 2006 11 4 1.01731
ES512 2006 12 2 0.0136401
ES513 1985 01 2 0.311061
ES513 1985 02 2 25.8138
ES513 1985 03 2 65.0607
ES513 1985 04 2 200.636
ES513 1985 05 2 0.626845
ES513 1985 06 2 8.29642
ES513 1985 07 2 3343.82
ES513 1985 08 2 59.5091
ES513 1985 09 2 178.161
ES513 1985 10 2 135.314
ES513 1985 11 2 2.06222
ES513 1985 12 2 957.255
ES513 1986 01 2 2.52814
ES513 1986 02 4 13.1044
ES513 1986 03 4 117.321
ES513 1986 04 4 6.54499
ES513 1986 05 4 95.3468
ES513 1986 06 4 3356.25
ES513 1986 07 4 429.144
ES513 1986 08 4 1410.56
ES513 1986 09 3 2.31712
ES513 1987 01 2 3.44576
ES513 1987 02 2 1.33801
ES513 1987 03 2 29.6749
ES513 1987 04 3 3.2198
ES513 1987 05 3 50.8655
ES513 1987 06 3 5.05489
ES513 1987 07 3 70.5867
ES513 1987 08 3 10.2795
ES513 1987 09 3 3.92078
ES513 1988 02 2 1.44511
ES513 1988 03 2 30.9922
ES513 1988 06 2 1.03605
ES513 1988 07 2 25.6945
ES513 1988 08 2 60.324
ES513 1988 09 2 17.0071
ES513 1988 10 2 26.9727
ES513 1988 11 2 8.38264
ES513 1989 01 2 87.9052
ES513 1989 02 2 307.283
ES513 1989 03 2 41.9552
ES513 1989 04 2 18.4991
ES513 1989 05 2 22.5038
ES513 1989 06 2 30.4663
ES513 1989 07 2 28.6373
ES513 1989 08 5 22.7686
ES513 1989 09 3 1.95834
ES513 1989 10 4 2.25849
ES513 1989 11 2 2.46374
ES513 1989 12 3 96.0452
ES513 1990 01 2 0.729084
