ITC14 1990 04 4 2.80094
ITC14 1990 05 5 123.118
ITC14 1990 08 2 3.24
ITC14 1990 11 5 169.051
ITC14 1990 12 2 146.934
ITC14 1991 04 5 10.193
ITC14 1991 05 5 24.1544
ITC14 1991 06 5 17.3449
ITC14 1991 07 5 57.252
ITC14 1991 08 5 7.65813
ITC14 1991 09 5 24.4464
ITC14 1991 11 2 5.3555
ITC14 1991 12 4 12.056
ITC14 1992 01 5 7.1003
ITC14 1992 02 5 23.397
ITC14 1992 03 5 48.7446
ITC14 1992 04 4 52.4288
ITC14 1992 05 4 3.4042
ITC14 1992 08 2 67.6692
ITC14 1993 01 2 26.388
ITC14 1993 02 2 139.098
ITC14 1993 03 2 30.9415
ITC14 1993 04 2 62.2084
ITC14 1993 08 3 0.319788
ITC14 1993 11 2 0.233238
ITC14 1993 12 3 18.7794
ITC14 1996 01 2 0.751153
ITC14 1996 02 2 0.0300342
ITC14 1996 03 2 41.7444
ITC14 1996 04 2 42.3946
ITC14 1996 06 4 0.145701
ITC14 1996 07 2 0.155006
ITC14 1997 02 2 55.5369
ITC14 1997 03 2 687.605
ITC14 1997 04 2 491.235
ITC14 1997 10 2 0.086454
ITC14 1997 12 2 1.41932
ITC14 1998 02 2 24.9106
ITC14 1998 03 2 235.859
ITC14 1998 06 2 11.6384
ITC14 1998 11 2 8.54363
ITC14 1998 12 4 4.07223
ITC14 1999 02 4 38.264
ITC14 1999 03 4 52.1347
ITC14 1999 04 4 28.4531
ITC14 1999 07 2 3.47797
ITC14 1999 12 3 1.20136
ITC14 2000 01 4 8.45147
ITC14 2000 02 5 7.01217
ITC14 2000 03 5 38.9088
ITC14 2000 06 2 2.30758
ITC14 2000 08 2 1.21964
ITC14 2000 09 2 2.40466
ITC14 2001 02 4 2.22873
ITC14 2001 12 4 111.679
ITC14 2002 01 4 540.922
ITC14 2002 02 4 5.76311
ITC14 2002 03 4 55.7975
ITC14 2002 04 4 73.835
ITC14 2002 06 2 2.46424
ITC14 2002 10 2 0.270768
ITC14 2002 11 4 2.14513
ITC14 2003 01 2 0.273032
ITC14 2003 02 2 0.137442
ITC14 2003 03 2 41.2905
ITC14 2003 04 2 337.383
ITC14 2003 05 2 0.043212
ITC14 2003 06 2 52.3973
ITC14 2003 07 2 8.17466
ITC14 2003 08 2 136.637
ITC14 2003 09 4 0.271638
ITC14 2003 12 2 0.91695
ITC14 2004 02 2 0.442188
ITC14 2004 03 3 2.28806
ITC14 2004 04 4 1.35159
ITC14 2004 05 2 1.42072
ITC14 2004 06 5 50.484
ITC14 2004 07 3 0.100986
ITC14 2004 08 3 1.68273
ITC14 2004 11 2 0.117177
ITC14 2005 01 4 124.026
ITC14 2005 02 4 4.9926
ITC14 2005 03 4 326.808
ITC14 2005 04 4 2.10757
ITC14 2005 05 3 10.9906
ITC14 2005 06 2 13.3463
ITC14 2005 07 2 0.3157
ITC14 2005 08 2 0.194638
ITC14 2005 11 2 0.0895872
ITC14 2005 12 2 0.0229748
ITC14 2006 01 2 1.87413
ITC14 2006 03 2 44.7731
ITC14 2006 04 5 1.31847
ITC14 2006 05 4 2.68187
ITC14 2006 06 3 0.0833374
ITC14 2006 07 3 23.844
ITC14 2006 08 3 1.83928
ITC14 2006 11 2 0.00564339
ITC15 1985 01 2 5.17061
ITC15 1985 03 2 104.998
ITC15 1985 04 2 116.733
ITC15 1985 05 2 13.9677
ITC15 1985 07 2 0.0411181
ITC15 1985 09 3 3.47484
ITC15 1985 10 3 7.52109
ITC15 1985 12 2 8.24054
ITC15 1986 01 4 6.81544
ITC15 1986 03 4 48.2861
ITC15 1986 04 4 32.0262
ITC15 1986 05 4 11.8626
ITC15 1986 06 3 6.1184
ITC15 1986 07 2 0.258604
ITC15 1986 10 3 2.67437
ITC15 1986 11 5 275.238
ITC15 1986 12 5 778.66
ITC15 1987 01 5 1201.28
ITC15 1987 03 5 281.088
ITC15 1987 04 5 400.503
ITC15 1987 05 4 10.7741
ITC15 1987 11 4 50.7198
ITC15 1988 02 4 118.109
ITC15 1988 03 4 1749.46
ITC15 1988 05 3 3.26162
ITC15 1988 09 3 2.14158
ITC15 1988 10 2 1.06305
ITC15 1988 11 3 1.06744
ITC15 1988 12 4 2.16709
ITC15 1989 01 4 761.704
ITC15 1989 02 4 1368.63
ITC15 1989 03 4 142.949
ITC15 1989 04 5 28.9921
ITC15 1989 05 5 25.8185
ITC15 1989 06 2 0.58345
ITC15 1989 08 4 2.53915
ITC15 1989 09 2 0.629465
ITC15 1989 10 2 193.231
ITC15 1989 11 2 4.21296
ITC15 1989 12 2 244.897
ITC15 1990 01 2 17.8363
ITC15 1990 02 2 245.565
ITC15 1990 03 2 2850.83
ITC15 1990 04 3 12.3205
ITC15 1990 08 5 51.5133
ITC15 1991 03 2 0.30798
ITC15 1991 04 4 10.6908
ITC15 1991 05 3 17.0454
ITC15 1991 07 3 38.7053
ITC15 1991 08 3 3.19551
ITC15 1991 10 2 5.66968
ITC15 1991 12 2 10.7021
ITC15 1992 02 2 28.14
ITC15 1992 03 2 788.051
ITC15 1992 04 2 69.1793
ITC15 1992 05 4 6.86061
ITC15 1993 01 4 20.025
ITC15 1993 02 4 108.225
ITC15 1993 03 4 141.085
ITC15 1993 04 3 10.8741
ITC15 1993 06 2 1.62035
ITC15 1993 08 2 16.2025
ITC15 1993 12 2 11.9866
ITC15 1994 03 2 143.724
ITC15 1994 04 2 37.4621
ITC15 1994 05 3 3.59642
ITC15 1994 06 2 0.69755
ITC15 1994 08 2 4.03933
ITC15 1994 12 2 3.85995
ITC15 1995 01 2 14.8889
ITC15 1995 02 3 0.472693
ITC15 1995 03 3 863.131
ITC15 1995 04 3 196.117
ITC15 1995 11 2 0.705342
ITC15 1996 02 2 1.46641
ITC15 1996 03 5 9.2827
ITC15 1996 04 5 33.954
ITC15 1996 06 2 0.943553
ITC15 1996 08 2 0.0494397
ITC15 1997 02 2 34.1414
ITC15 1997 03 2 452.287
ITC15 1997 04 2 210.778
ITC15 1998 02 3 40.9186
ITC15 1998 03 3 191.268
ITC15 1998 08 2 0.198549
ITC15 1998 12 2 37.8939
ITC15 1999 01 4 5.34276
ITC15 1999 02 4 34.3513
ITC15 1999 03 4 14.19
ITC15 1999 04 5 41.7539
ITC15 1999 12 2 1.46604
ITC15 2000 01 2 3.10692
ITC15 2000 02 2 7.48169
ITC15 2000 03 2 166.99
ITC15 2001 02 3 23.3413
ITC15 2001 03 2 1.8531
ITC15 2001 04 2 42.5969
ITC15 2001 08 2 0.266966
ITC15 2001 12 2 6.42634
ITC15 2002 01 2 18.2098
ITC15 2002 02 2 12.8072
ITC15 2002 03 2 95.3604
ITC15 2002 04 2 14.0317
ITC15 2002 07 2 2.01717
ITC15 2003 02 3 2.41583
ITC15 2003 03 3 14.6155
ITC15 2003 04 3 16.0364
ITC15 2003 05 4 7.33729
ITC15 2003 07 5 3.21059
ITC15 2003 08 4 1.11788
ITC15 2003 09 3 0.619779
ITC15 2003 12 2 0.437196
ITC15 2004 02 3 2.96172
ITC15 2004 03 2 0.115117
ITC15 2004 04 4 2.77862
ITC15 2004 05 2 1.47082
ITC15 2004 06 2 0.18345
ITC15 2004 07 2 0.598975
ITC15 2004 08 2 0.259082
ITC15 2005 01 4 1.35611
ITC15 2005 02 4 5.95744
ITC15 2005 03 4 64.4003
ITC15 2005 04 4 3.10406
ITC15 2005 06 2 0.249053
ITC15 2005 07 4 1.83598
ITC15 2005 08 5 1.92272
ITC15 2005 12 3 13.7222
ITC15 2006 03 5 98.6793
ITC15 2006 04 5 123.314
ITC15 2006 05 2 0.603331
ITC15 2006 06 2 1.93146
ITC15 2006 07 2 10.7063
ITC15 2006 08 5 2.48665
ITC15 2006 09 3 3.36149
ITC15 2006 11 2 10.8331
ITC16 1985 02 2 181.79
ITC16 1985 03 2 68.669
ITC16 1985 04 2 367.205
ITC16 1985 05 5 123.49
ITC16 1985 06 3 5.85313
ITC16 1985 07 4 22.7788
ITC16 1985 08 4 29.8181
ITC16 1985 09 4 101.196
ITC16 1985 10 4 30.1685
ITC16 1985 11 4 15.619
ITC16 1985 12 4 168.491
ITC16 1986 01 4 20.6925
ITC16 1986 03 3 1.15684
ITC16 1986 04 3 21.3656
ITC16 1986 05 2 2.64163
ITC16 1986 06 2 1.27326
ITC16 1986 08 2 3.09016
ITC16 1986 09 2 2.63968
ITC16 1986 10 2 95.9207
ITC16 1986 11 2 10.5584
ITC16 1986 12 2 430.331
ITC16 1987 01 2 142.35
ITC16 1987 03 2 92.7001
ITC16 1987 04 2 30.3502
ITC16 1987 05 5 6.64271
ITC16 1987 06 2 2.70088
ITC16 1987 08 2 0.774567
ITC16 1987 09 2 8.6475
ITC16 1987 11 2 39.4077
ITC16 1988 01 4 7.28919
ITC16 1988 02 4 35.2705
ITC16 1988 03 4 234.081
ITC16 1988 07 2 1.51574
ITC16 1988 09 2 18.7558
ITC16 1988 10 2 1.49941
ITC16 1988 11 2 11.0672
ITC16 1988 12 2 31.6036
ITC16 1989 01 2 417.484
ITC16 1989 02 2 218.025
ITC16 1989 03 2 376.246
ITC16 1989 04 2 106.528
ITC16 1989 05 4 14.634
ITC16 1989 06 2 3.49233
ITC16 1989 07 2 6.8388
ITC16 1989 08 5 18.4963
ITC16 1989 09 2 0.88605
ITC16 1989 10 2 14.3857
ITC16 1989 11 2 40.5696
ITC16 1989 12 2 35.5208
ITC16 1990 01 2 1947.36
ITC16 1990 02 2 14910.6
ITC16 1990 03 2 4143.39
ITC16 1990 04 4 11.1045
ITC16 1990 05 5 16.5489
ITC16 1990 06 2 0.869247
ITC16 1990 07 2 3.19824
ITC16 1990 09 2 14.5428
ITC16 1990 11 4 37.5448
ITC16 1991 03 3 7.0973
ITC16 1991 05 3 13.314
ITC16 1991 06 3 8.4979
ITC16 1991 07 3 10.1132
ITC16 1991 08 3 48.3346
ITC16 1991 09 3 6.64014
ITC16 1991 11 3 4.03312
ITC16 1991 12 3 293.471
ITC16 1992 01 3 36.355
ITC16 1992 02 3 4.74218
ITC16 1992 03 3 11.4015
ITC16 1992 04 5 11.3209
ITC16 1992 05 2 2.04115
ITC16 1992 10 2 0.603834
ITC16 1992 11 3 4.1335
ITC16 1992 12 2 33.6788
ITC16 1993 01 2 33.9347
ITC16 1993 02 2 103.953
ITC16 1993 03 4 2.60565
ITC16 1993 04 3 0.482951
ITC16 1993 05 2 1.03252
ITC16 1993 06 3 0.584418
ITC16 1993 07 2 0.0135113
ITC16 1993 08 2 2.52716
ITC16 1993 09 3 5.99461
ITC16 1993 11 2 0.205988
ITC16 1993 12 2 11.4422
ITC16 1994 01 2 7.6052
ITC16 1994 02 2 0.573012
ITC16 1994 03 2 5.52862
ITC16 1994 04 2 33.3658
ITC16 1994 05 2 4.13475
ITC16 1994 06 2 0.10556
ITC16 1994 08 4 3.01078
ITC16 1994 10 2 6.28745
ITC16 1994 11 2 9.16723
ITC16 1994 12 5 44.6695
ITC16 1995 01 5 411.473
ITC16 1995 02 5 124.78
ITC16 1995 03 5 719.171
ITC16 1995 04 5 827.878
ITC16 1995 05 5 10.756
ITC16 1995 07 2 1.13377
ITC16 1995 10 2 15.5673
ITC16 1995 11 2 43.8402
ITC16 1996 02 2 1.31528
ITC16 1996 03 4 6.64646
ITC16 1996 04 4 10.0541
ITC16 1996 06 2 0.255747
ITC16 1996 08 2 0.530603
ITC16 1996 09 2 0.10147
ITC16 1997 02 2 30.0517
ITC16 1997 03 2 65.0626
ITC16 1997 04 2 268.738
ITC16 1997 05 3 1.10491
ITC16 1997 08 2 1.10469
ITC16 1997 10 4 1.64053
ITC16 1997 11 2 2.06016
ITC16 1997 12 4 2.31176
ITC16 1998 01 2 0.199365
ITC16 1998 02 2 92.7488
ITC16 1998 03 2 68.2395
ITC16 1998 04 2 11.0465
ITC16 1998 08 5 22.8528
ITC16 1998 09 2 0.0825994
ITC16 1998 10 2 39.6583
ITC16 1998 11 2 109.49
ITC16 1998 12 3 1.13147
ITC16 1999 01 3 1.84165
ITC16 1999 02 3 19.5521
ITC16 1999 03 3 32.6518
ITC16 1999 04 3 45.0192
ITC16 1999 07 2 0.258523
ITC16 1999 08 2 0.293561
ITC16 1999 11 2 1.85142
ITC16 2000 01 5 63.0991
ITC16 2000 02 5 574.874
ITC16 2000 03 5 63.1874
ITC16 2000 04 2 0.379577
ITC16 2000 05 2 0.367769
ITC16 2000 07 2 1.29883
ITC16 2001 02 3 5.9584
ITC16 2001 03 3 2.43896
ITC16 2001 04 3 37.3182
ITC16 2001 06 2 4.44669
ITC16 2001 07 4 1.36003
ITC16 2001 08 4 22.4206
ITC16 2001 09 4 6.21082
ITC16 2001 10 2 36.8823
ITC16 2001 11 4 21.7396
ITC16 2001 12 4 6.73068
ITC16 2002 01 4 7.40226
ITC16 2002 02 2 3.97267
ITC16 2002 03 2 102.066
ITC16 2002 04 2 17.0416
ITC16 2002 10 2 29.8507
ITC16 2002 11 2 21.0016
ITC16 2003 01 3 5.43069
ITC16 2003 02 3 4.8753
ITC16 2003 03 3 22.0434
ITC16 2003 04 4 4.09945
ITC16 2003 05 2 2.35016
ITC16 2003 07 2 19.7624
ITC16 2003 08 2 1289.54
ITC16 2003 09 4 8.62242
ITC16 2003 10 2 13.9209
ITC16 2003 12 2 0.162599
ITC16 2004 01 2 0.122998
ITC16 2004 02 3 1.09794
ITC16 2004 04 4 4.68724
ITC16 2004 07 3 0.984822
ITC16 2004 08 3 0.605424
ITC16 2004 09 2 0.51982
ITC16 2004 11 3 1.15169
ITC16 2004 12 3 2.1562
ITC16 2005 01 3 2.38459
ITC16 2005 02 3 19.2192
ITC16 2005 03 3 133.052
ITC16 2005 05 2 4.64556
ITC16 2005 06 3 1.01705
ITC16 2005 07 4 8.98995
ITC16 2005 08 4 12.509
ITC16 2005 11 3 10.1518
ITC16 2005 12 2 0.00210616
ITC16 2006 02 5 2.0291
ITC16 2006 03 2 2.24524
ITC16 2006 04 5 3.21934
ITC16 2006 06 4 5.53641
ITC16 2006 07 4 20.8844
ITC16 2006 08 2 2.87916
ITC16 2006 09 3 1.08027
ITC16 2006 10 2 0.100825
ITC16 2006 11 2 111.515
ITC16 2006 12 3 35.5616
ITC17 1985 01 2 1.82929
ITC17 1985 02 2 1.56702
ITC17 1985 03 2 0.21418
ITC17 1985 04 3 14.8153
ITC17 1985 08 2 14.2612
ITC17 1986 01 2 5.71501
ITC17 1987 01 2 0.887745
ITC17 1987 03 3 4.28555
ITC17 1987 05 2 5.14032
ITC17 1987 06 2 0.720563
ITC17 1987 07 2 0.70612
ITC17 1987 08 2 5.38768
ITC17 1988 03 3 3.89358
ITC17 1989 02 2 12.1609
ITC17 1989 03 2 6.6807
ITC17 1989 05 2 1.70157
ITC17 1989 07 3 12.427
ITC17 1990 02 3 41.9967
ITC17 1990 03 3 109.958
ITC17 1990 07 3 15.3965
ITC17 1990 08 4 38.4797
ITC17 1990 09 2 0.769486
ITC17 1991 02 2 1.97535
ITC17 1991 08 2 5.50186
ITC17 1991 09 4 4.22083
ITC17 1992 03 4 1.50072
ITC17 1992 04 2 1.63929
ITC17 1993 01 3 7.38829
ITC17 1993 02 3 20.1719
ITC17 1993 04 3 4.92387
ITC17 1993 07 2 0.119658
ITC17 1993 08 5 5.65745
ITC17 1993 12 2 0.602965
ITC17 1994 01 2 0.0345387
ITC17 1994 04 2 0.378483
ITC17 1994 08 2 0.0706005
ITC17 1995 03 4 0.884965
ITC17 1995 04 4 22.4455
ITC17 1995 11 2 0.287314
ITC17 1996 06 2 0.00593116
ITC17 1996 07 2 4.4086
ITC17 1996 08 3 2.95225
ITC17 1997 02 2 3.56637
ITC17 1997 03 5 1.15571
ITC17 1997 04 3 0.532532
ITC17 1997 05 2 0.0779669
ITC17 1997 07 2 0.012193
ITC17 1997 09 2 1.34308
ITC17 1997 10 3 5.484
ITC17 1998 03 3 6.46902
ITC17 1998 04 2 3.9282
ITC17 1998 07 2 0.0619597
ITC17 1999 02 2 16.3003
ITC17 1999 03 2 20.5301
ITC17 1999 04 2 0.866877
ITC17 1999 08 2 0.838
ITC17 2000 01 2 0.277056
ITC17 2000 02 3 22.0413
ITC17 2000 03 4 10.0642
ITC17 2000 05 2 0.382063
ITC17 2000 06 2 1.0179
ITC17 2000 07 2 0.176595
ITC17 2000 08 2 0.75963
ITC17 2001 02 2 1.10066
ITC17 2001 07 2 1.62348
ITC17 2001 08 3 0.537417
ITC17 2001 12 2 0.20343
ITC17 2002 01 5 0.743746
ITC17 2002 02 2 0.299373
ITC17 2002 03 2 5.32705
ITC17 2002 04 3 0.141922
ITC17 2002 07 2 0.578011
ITC17 2003 01 2 0.63886
ITC17 2003 02 2 0.0710816
ITC17 2003 03 3 0.613509
ITC17 2003 04 2 1.35559
ITC17 2003 06 2 0.647338
ITC17 2003 08 2 0.11986
ITC17 2004 03 2 0.0879928
ITC17 2004 04 2 0.0816632
ITC17 2004 05 2 0.285221
ITC17 2004 07 3 0.925862
ITC17 2004 08 2 0.864368
ITC17 2004 09 2 0.734405
ITC17 2005 01 3 0.148191
ITC17 2005 02 5 5.69669
ITC17 2005 03 3 0.689045
ITC17 2005 07 2 0.592424
ITC17 2005 08 5 2.93135
ITC17 2006 03 4 11.4459
ITC17 2006 07 4 6.32857
ITC17 2006 08 4 2.80262
ITC17 2006 09 3 0.098174
ITC18 1985 03 4 1.99332
ITC18 1985 04 4 21.5211
ITC18 1985 05 2 0.873243
ITC18 1985 07 2 2.31881
ITC18 1985 08 2 15.3415
ITC18 1985 09 2 124.837
ITC18 1985 10 4 5.01837
ITC18 1985 12 4 7.15424
ITC18 1986 01 5 22.3727
ITC18 1986 03 4 6.47978
ITC18 1986 04 2 0.523887
ITC18 1986 06 2 1.99704
ITC18 1986 07 2 2.03171
ITC18 1986 08 2 21.2138
ITC18 1986 09 3 25.0937
ITC18 1986 10 3 3.60231
ITC18 1986 12 5 24.9683
ITC18 1987 01 3 10.726
ITC18 1987 03 3 87.8953
ITC18 1987 04 3 14.0838
ITC18 1987 06 3 4.34871
ITC18 1987 07 2 5.69167
ITC18 1987 08 2 21.608
ITC18 1987 09 2 0.197219
ITC18 1988 02 4 3.45007
ITC18 1988 03 4 30.7511
ITC18 1988 04 2 0.668209
ITC18 1988 05 2 0.24965
ITC18 1988 08 4 3.07112
ITC18 1988 09 4 8.41457
ITC18 1988 10 4 5.53117
ITC18 1988 11 2 2.58425
ITC18 1988 12 4 7.38173
ITC18 1989 01 4 19.5915
ITC18 1989 02 4 14.9881
ITC18 1989 03 4 145.647
ITC18 1989 05 3 2.25284
ITC18 1989 06 4 4.42608
ITC18 1989 07 4 83.2988
ITC18 1989 08 4 126.223
ITC18 1989 09 4 2.47579
ITC18 1989 10 4 9.26603
ITC18 1989 11 2 0.50195
ITC18 1990 01 5 95.5106
ITC18 1990 02 5 111.484
ITC18 1990 03 5 143.225
ITC18 1990 04 4 7.57068
ITC18 1990 06 3 2.1969
ITC18 1990 07 3 35.3241
ITC18 1990 08 3 368.68
ITC18 1990 09 3 25.4632
ITC18 1991 01 2 1.39953
ITC18 1991 03 2 0.512088
ITC18 1991 04 4 5.12552
ITC18 1991 05 2 1.68075
ITC18 1991 07 5 42.235
ITC18 1991 08 5 14.0142
ITC18 1991 09 3 1.81962
ITC18 1991 12 2 7.55454
ITC18 1992 01 2 5.73235
ITC18 1992 03 2 23.8032
ITC18 1992 07 2 1.37777
ITC18 1992 08 2 0.376177
ITC18 1992 09 2 0.189864
ITC18 1993 01 4 19.4444
ITC18 1993 02 4 355.17
ITC18 1993 03 4 22.2043
ITC18 1993 04 3 0.642081
ITC18 1993 06 5 34.4328
ITC18 1993 07 5 30.4111
ITC18 1993 08 5 9.13246
ITC18 1993 09 5 2.59723
ITC18 1993 12 2 4.15101
ITC18 1994 01 3 28.1512
ITC18 1994 03 3 9.12593
ITC18 1994 04 5 4.04039
ITC18 1994 05 3 8.39011
ITC18 1994 06 5 18.7369
ITC18 1994 07 2 0.0095948
ITC18 1994 08 2 12.0926
ITC18 1995 01 2 205.18
ITC18 1995 02 3 0.709372
ITC18 1995 03 3 522.874
ITC18 1995 04 3 255.809
ITC18 1995 05 2 3.37755
ITC18 1995 07 3 0.0706858
ITC18 1995 08 5 0.918571
ITC18 1995 11 5 24.5794
ITC18 1996 03 5 24.8058
ITC18 1996 04 5 43.6075
ITC18 1996 05 2 0.221967
ITC18 1996 06 2 1.34737
ITC18 1996 07 5 2.75774
ITC18 1996 10 2 0.00350578
ITC18 1996 11 2 0.211523
ITC18 1997 02 2 24.7684
ITC18 1997 03 2 326.322
ITC18 1997 04 2 69.6165
ITC18 1997 06 2 0.364602
ITC18 1997 07 4 3.22049
ITC18 1997 08 4 2.59917
ITC18 1997 09 4 4.68802
ITC18 1997 10 2 0.447939
ITC18 1998 01 3 31.8773
ITC18 1998 02 3 82.0227
ITC18 1998 03 3 660.869
ITC18 1998 04 2 0.155488
ITC18 1998 05 2 0.261418
ITC18 1998 07 5 17.3415
ITC18 1998 08 5 7.71944
ITC18 1998 10 2 10.8528
ITC18 1998 12 3 20.4988
ITC18 1999 02 3 11.881
ITC18 1999 03 4 2.57149
ITC18 1999 04 4 2.49541
ITC18 1999 06 4 8.47037
ITC18 1999 07 4 62.5974
ITC18 1999 08 3 3.4101
ITC18 2000 01 3 70.266
ITC18 2000 02 3 64.5807
ITC18 2000 03 3 6.45502
ITC18 2000 04 2 5.46076
ITC18 2000 08 3 12.3423
ITC18 2000 09 2 0.354654
ITC18 2001 02 2 9.86632
ITC18 2001 04 2 0.118851
ITC18 2001 06 3 16.8292
ITC18 2001 07 3 9.908
ITC18 2001 08 3 32.4759
ITC18 2001 11 2 0.723324
ITC18 2001 12 4 106.064
ITC18 2002 01 4 50.1988
ITC18 2002 02 3 2.4564
ITC18 2002 03 3 39.7833
ITC18 2002 04 3 2.61857
ITC18 2002 07 5 3.30932
ITC18 2002 08 3 4.32117
ITC18 2002 09 3 1.78858
ITC18 2003 02 5 3.07809
ITC18 2003 03 5 59.281
ITC18 2003 04 5 2.10367
ITC18 2003 05 2 0.291771
ITC18 2003 06 4 3.99305
ITC18 2003 07 4 41.8116
ITC18 2003 08 4 470.907
ITC18 2003 09 4 10.9829
ITC18 2003 11 2 0.268259
ITC18 2004 04 2 1.35921
ITC18 2004 06 2 0.0339642
ITC18 2004 07 2 8.91386
ITC18 2004 08 2 0.611764
ITC18 2004 09 4 5.34961
ITC18 2005 01 3 9.645
ITC18 2005 02 3 140.712
ITC18 2005 03 3 0.403069
ITC18 2005 04 4 6.80586
ITC18 2005 06 3 0.413856
ITC18 2005 07 5 8.13089
ITC18 2005 08 3 0.640226
ITC18 2006 01 2 0.00420267
ITC18 2006 03 4 2.02205
ITC18 2006 04 4 0.3134
ITC18 2006 06 4 7.2411
ITC18 2006 07 4 41.4544
ITC18 2006 08 4 8.82401
ITC20 1985 01 2 0.886763
ITC20 1985 03 2 7.7682
ITC20 1985 04 2 274.382
ITC20 1985 05 2 2.09748
ITC20 1985 06 2 10.9127
ITC20 1985 07 3 18.807
ITC20 1985 09 3 8.76031
ITC20 1985 10 3 5.38977
ITC20 1985 12 4 72.3436
ITC20 1986 01 2 9.00569
ITC20 1986 03 3 0.713628
ITC20 1986 04 3 7.21267
ITC20 1986 09 2 0.0588655
ITC20 1986 12 4 5.51387
ITC20 1987 01 3 3.80491
ITC20 1987 02 3 2.8854
ITC20 1987 03 3 9.93499
ITC20 1987 04 5 7.04954
ITC20 1987 05 4 5.85851
ITC20 1987 06 2 3.36645
ITC20 1987 09 4 2.97722
ITC20 1988 02 4 5.28079
ITC20 1988 03 5 32.287
ITC20 1988 04 2 0.754376
ITC20 1988 08 3 2.37866
ITC20 1988 11 2 15.7861
ITC20 1988 12 2 7.50541
ITC20 1989 01 2 9.89787
ITC20 1989 02 2 43.2873
ITC20 1989 03 2 51.8203
ITC20 1989 04 4 1.92086
ITC20 1989 05 2 0.629858
ITC20 1989 06 2 5.71985
ITC20 1989 07 2 0.928344
ITC20 1989 08 5 17.0865
ITC20 1989 09 4 12.0699
ITC20 1989 10 4 8.39024
ITC20 1989 11 3 11.0937
ITC20 1989 12 5 99.0347
ITC20 1990 01 5 98.8374
ITC20 1990 02 5 79.5286
ITC20 1990 03 5 559.732
ITC20 1990 04 4 25.8686
ITC20 1990 07 4 31.9011
ITC20 1990 08 4 74.7292
ITC20 1990 09 5 12.32
ITC20 1991 02 2 0.87885
ITC20 1991 05 3 1.88289
ITC20 1991 07 2 0.0129975
ITC20 1991 08 4 1.59517
ITC20 1991 09 3 1.4946
ITC20 1991 12 2 24.415
ITC20 1992 02 3 4.92194
ITC20 1992 03 3 5.57958
ITC20 1992 04 2 0.879288
ITC20 1992 08 3 15.2783
ITC20 1993 02 3 2.21485
ITC20 1993 03 2 1.51872
ITC20 1993 04 2 3.66714
ITC20 1993 07 2 0.763824
ITC20 1993 08 2 2.69002
ITC20 1993 09 2 0.725559
ITC20 1994 02 3 5.66504
ITC20 1994 03 3 27.3363
ITC20 1994 04 2 7.85886
ITC20 1994 07 2 0.143209
ITC20 1994 08 3 1.24375
ITC20 1994 12 4 12.6118
ITC20 1995 01 3 3.23809
ITC20 1995 02 2 0.897998
ITC20 1995 03 2 30.2051
ITC20 1995 04 2 35.3806
ITC20 1995 07 2 0.414447
ITC20 1995 08 2 3.71912
ITC20 1995 09 2 36.0712
ITC20 1995 10 2 13.4357
ITC20 1995 11 2 47.9644
ITC20 1996 01 3 3.12558
ITC20 1996 04 3 11.9506
ITC20 1996 06 4 0.570634
ITC20 1996 08 3 0.363438
ITC20 1997 02 3 5.07424
ITC20 1997 03 3 664.209
ITC20 1997 04 3 44.7884
ITC20 1997 05 2 0.689308
ITC20 1997 08 4 0.827712
ITC20 1997 10 4 0.399593
ITC20 1997 11 2 1.66319
ITC20 1998 02 5 9.93895
ITC20 1998 03 5 45.3224
ITC20 1998 05 2 0.82832
ITC20 1998 11 2 0.264881
ITC20 1998 12 3 2.48329
ITC20 1999 03 2 1.39712
ITC20 1999 04 2 0.316186
ITC20 2000 02 4 5.44058
ITC20 2000 03 5 4.00446
ITC20 2000 08 2 0.070791
ITC20 2000 09 3 1.40642
ITC20 2001 03 4 5.27604
ITC20 2001 04 2 2.97527
ITC20 2001 05 2 0.140375
ITC20 2001 06 2 0.0115413
ITC20 2001 08 2 0.449664
ITC20 2001 09 2 1.01852
ITC20 2001 11 3 4.26669
ITC20 2001 12 2 1.48691
ITC20 2002 01 3 3.00228
ITC20 2002 02 5 20.5744
ITC20 2002 03 5 89.0322
ITC20 2002 04 4 12.5212
ITC20 2002 10 2 0.68148
ITC20 2002 11 2 0.590728
ITC20 2003 03 2 12.4672
ITC20 2003 04 4 302.296
ITC20 2003 05 2 0.526131
ITC20 2003 06 3 0.673895
ITC20 2003 07 3 20.3828
ITC20 2003 08 5 13.5
ITC20 2004 01 2 0.17607
ITC20 2004 02 3 1.29804
ITC20 2004 03 4 4.63454
ITC20 2004 05 4 4.74937
ITC20 2004 06 3 18.7761
ITC20 2004 08 2 0.694506
ITC20 2004 09 2 0.071695
ITC20 2005 03 2 398.113
ITC20 2005 04 3 5.94071
ITC20 2005 06 4 1.17669
ITC20 2006 01 2 2.62115
ITC20 2006 02 2 0.213334
ITC20 2006 03 2 0.646827
ITC20 2006 04 2 20.3117
ITC20 2006 06 2 0.212841
ITC20 2006 07 2 0.195013
ITC20 2006 08 2 38.4562
ITC20 2006 09 3 0.073098
ITC20 2006 12 2 0.655637
ITC31 1985 01 2 69.4887
ITC31 1985 02 2 42.0369
ITC31 1985 03 2 356.433
ITC31 1985 04 2 309.395
ITC31 1985 05 2 214.561
ITC31 1985 06 2 2.92694
ITC31 1985 07 2 59.1769
ITC31 1985 08 84 1487.36
ITC31 1985 09 101 722.821
ITC31 1985 10 93 748.32
ITC31 1985 11 93 19.2979
ITC31 1985 12 93 113.142
ITC31 1986 01 93 173.7
ITC31 1986 02 93 3.59198
ITC31 1986 03 93 343.769
ITC31 1986 04 93 34.4869
ITC31 1986 05 93 1.7441
ITC31 1986 06 93 28.7258
ITC31 1986 07 93 765.168
ITC31 1986 08 93 731.675
ITC31 1986 09 93 130.671
ITC31 1986 10 93 491.081
ITC31 1986 11 93 77.0865
ITC31 1986 12 93 810.715
ITC31 1987 01 93 235.094
ITC31 1987 02 93 16.8503
ITC31 1987 03 93 185.678
ITC31 1987 04 93 132.549
ITC31 1987 05 93 26.4106
ITC31 1987 06 93 14.128
ITC31 1987 07 93 63.6276
ITC31 1987 08 93 40.243
ITC31 1987 09 93 313.44
ITC31 1987 10 93 38.3431
ITC31 1987 11 3 5.07511
ITC31 1988 01 3 35.565
ITC31 1988 02 3 133.064
ITC31 1988 03 3 292.967
ITC31 1988 04 5 4.45779
ITC31 1988 05 2 0.257292
ITC31 1988 07 2 33.8662
ITC31 1988 08 2 135.036
ITC31 1988 09 2 112.532
ITC31 1988 10 2 75.3171
ITC31 1988 11 2 91.4773
ITC31 1988 12 2 1403.31
ITC31 1989 01 2 2294.39
ITC31 1989 02 2 541.508
ITC31 1989 03 2 372.292
ITC31 1989 04 2 20.3006
ITC31 1989 05 2 15.7783
ITC31 1989 06 2 83.0743
ITC31 1989 07 2 79.6907
ITC31 1989 08 2 248.142
ITC31 1989 09 2 172.243
ITC31 1989 10 2 689.446
ITC31 1989 11 2 37.376
ITC31 1989 12 2 187.257
ITC31 1990 01 2 429.422
ITC31 1990 02 2 1340.59
ITC31 1990 03 2 2012.3
ITC31 1990 04 2 72.6731
ITC31 1990 05 2 64.0309
ITC31 1990 06 2 70.3685
ITC31 1990 07 2 2559.44
ITC31 1990 08 2 1080.95
ITC31 1990 09 2 569.957
ITC31 1990 10 2 28.7348
ITC31 1990 11 2 22.3332
ITC31 1990 12 2 130.397
ITC31 1991 01 2 1175.78
ITC31 1991 02 2 140.506
ITC31 1991 03 2 37.1103
ITC31 1991 04 2 88.1962
ITC31 1991 05 4 3.61849
ITC31 1991 06 5 2.36237
ITC31 1991 07 5 21.6054
ITC31 1991 08 5 12.0015
ITC31 1991 09 5 223.105
ITC31 1991 10 2 0.424845
ITC31 1991 11 2 0.120271
ITC31 1991 12 2 166.394
ITC31 1992 01 2 107.821
ITC31 1992 02 2 150.098
ITC31 1992 03 2 78.0482
ITC31 1992 04 2 19.2165
ITC31 1992 05 2 11.2302
ITC31 1992 06 3 2.34104
ITC31 1992 07 3 11.3381
ITC31 1992 08 3 118.301
ITC31 1992 09 3 566.652
ITC31 1992 12 3 80.5031
ITC31 1993 01 3 43.2989
ITC31 1993 02 3 1801.6
ITC31 1993 03 3 179.464
ITC31 1993 04 4 10.8878
ITC31 1993 05 2 0.288137
ITC31 1993 06 2 7.11051
ITC31 1993 07 2 28.6864
ITC31 1993 08 2 116.205
ITC31 1993 09 2 6.06738
ITC31 1993 10 2 0.944331
ITC31 1993 11 3 13.4521
ITC31 1993 12 4 117.499
ITC31 1994 01 4 7.06546
ITC31 1994 02 4 23.3656
ITC31 1994 03 4 26.6833
ITC31 1994 04 4 153.067
ITC31 1994 05 4 0.386068
ITC31 1994 06 4 3.79056
ITC31 1994 07 4 38.7344
ITC31 1994 08 4 786.794
ITC31 1994 09 4 2.40855
ITC31 1994 10 4 15.218
ITC31 1994 11 2 3.61384
ITC31 1994 12 4 2.62995
ITC31 1995 01 4 210.818
ITC31 1995 02 4 80.0387
ITC31 1995 03 4 695.722
ITC31 1995 04 4 53.662
ITC31 1995 05 4 4.11287
ITC31 1995 06 3 1.71222
ITC31 1995 07 3 12.8859
ITC31 1995 08 3 151.632
ITC31 1995 09 3 42.8741
ITC31 1995 10 3 2.21876
ITC31 1995 11 3 1.24402
ITC31 1995 12 3 54.1604
ITC31 1997 01 3 345.124
ITC31 1997 02 3 864.528
ITC31 1997 03 91 1497.61
ITC31 1997 04 91 112.143
ITC31 1997 05 91 25.3777
ITC31 1997 06 3 1.16804
ITC31 1997 07 3 4.23384
ITC31 1997 08 3 21.6814
ITC31 1997 09 3 139.979
ITC31 1997 10 3 994.627
ITC31 1997 11 3 0.542861
ITC31 1997 12 2 0.55535
ITC31 1998 01 2 11.8913
ITC31 1998 02 2 456.197
ITC31 1998 03 2 668.635
ITC31 1998 04 2 47.619
ITC31 1998 05 3 69.5521
ITC31 1998 06 3 0.692025
ITC31 1998 07 3 143.938
ITC31 1998 08 3 38.2995
ITC31 1998 09 3 47.4855
ITC31 1998 10 2 1.0691
ITC31 1998 11 5 8.72364
ITC31 1998 12 5 3.28495
ITC31 1999 01 5 753.876
ITC31 1999 02 5 646.543
ITC31 1999 03 5 47.6631
ITC31 1999 04 5 7.58047
ITC31 1999 05 2 0.71432
ITC31 1999 06 5 15.4596
ITC31 1999 07 5 143.809
ITC31 1999 08 5 40.2917
ITC31 1999 09 5 83.7176
ITC31 1999 10 2 1.9351
ITC31 1999 11 2 1.48049
ITC31 1999 12 2 67.1192
ITC31 2000 01 2 51.7483
ITC31 2000 02 2 1218.57
ITC31 2000 03 2 259.393
ITC31 2000 04 5 2.26471
ITC31 2000 05 5 4.15866
ITC31 2000 06 3 1.41911
ITC31 2000 07 3 5.94822
ITC31 2000 08 3 174.738
ITC31 2000 09 3 251.168
ITC31 2000 10 5 6.91506
ITC31 2000 12 2 0.65011
ITC31 2001 02 2 47.1212
ITC31 2001 03 2 21.5227
ITC31 2001 04 2 6.80834
ITC31 2001 05 3 0.271898
