ITE43 1989 08 2 173.175
ITE43 1989 09 2 0.733502
ITE43 1989 11 2 2.82201
ITE43 1989 12 2 2.16955
ITE43 1990 01 2 5.4328
ITE43 1990 02 4 14.84
ITE43 1990 03 4 57.0616
ITE43 1990 04 3 9.7713
ITE43 1990 05 5 4.80848
ITE43 1990 06 5 97.2918
ITE43 1990 07 102 1662.54
ITE43 1990 08 102 428.174
ITE43 1990 09 102 59.1633
ITE43 1990 10 3 11.3855
ITE43 1991 01 2 0.632061
ITE43 1991 02 2 36.2592
ITE43 1991 03 2 18.6117
ITE43 1991 06 5 29.3688
ITE43 1991 07 5 712.448
ITE43 1991 08 5 1175.23
ITE43 1991 09 5 125.404
ITE43 1991 12 5 16.2539
ITE43 1992 01 3 28.7666
ITE43 1992 02 3 64.4647
ITE43 1992 03 3 135.629
ITE43 1992 07 3 9.20597
ITE43 1992 08 3 220.88
ITE43 1992 09 3 442.217
ITE43 1993 01 3 7.73148
ITE43 1993 02 3 212.321
ITE43 1993 03 3 126.65
ITE43 1993 04 3 17.4365
ITE43 1993 06 3 92.5674
ITE43 1993 07 87 1241.13
ITE43 1993 08 108 2535.25
ITE43 1993 09 108 97.1163
ITE43 1994 03 3 34.2839
ITE43 1994 06 4 7.41492
ITE43 1994 07 4 35.8946
ITE43 1994 08 86 663.262
ITE43 1994 09 86 98.969
ITE43 1994 10 2 0.472394
ITE43 1995 01 4 2.30233
ITE43 1995 03 4 79.4659
ITE43 1995 04 4 37.6202
ITE43 1995 06 3 1.60775
ITE43 1995 07 3 792.285
ITE43 1995 08 3 92.4781
ITE43 1995 09 5 19.0304
ITE43 1995 10 5 12.3623
ITE43 1995 11 4 12.3016
ITE43 1996 01 2 0.162226
ITE43 1996 02 4 7.49614
ITE43 1996 03 4 67.7874
ITE43 1996 06 5 90.5911
ITE43 1996 07 5 154.856
ITE43 1996 08 5 64.9226
ITE43 1996 11 2 0.704991
ITE43 1997 02 4 7.10416
ITE43 1997 03 4 145.401
ITE43 1997 04 4 12.9833
ITE43 1997 05 3 9.49786
ITE43 1997 06 3 159.022
ITE43 1997 07 3 237.577
ITE43 1997 08 3 230.694
ITE43 1997 09 2 0.678633
ITE43 1998 02 4 13.5273
ITE43 1998 03 4 20.5204
ITE43 1998 07 4 134.264
ITE43 1998 08 4 710.472
ITE43 1998 09 4 295.124
ITE43 1999 01 3 0.854011
ITE43 1999 02 4 26.6692
ITE43 1999 03 4 11.7518
ITE43 1999 04 3 2.64111
ITE43 1999 06 3 43.7631
ITE43 1999 07 3 131.609
ITE43 1999 08 3 558.214
ITE43 2000 01 2 2.33211
ITE43 2000 02 3 4.14831
ITE43 2000 03 3 2.90508
ITE43 2000 05 3 0.486818
ITE43 2000 06 3 51.5798
ITE43 2000 07 3 812.995
ITE43 2000 08 3 679.498
ITE43 2000 09 3 412.233
ITE43 2000 10 3 13.0646
ITE43 2001 02 3 0.434895
ITE43 2001 03 2 0.634375
ITE43 2001 04 2 0.437383
ITE43 2001 06 2 84.9126
ITE43 2001 07 2 352.994
ITE43 2001 08 2 1146.22
ITE43 2001 09 2 99.965
ITE43 2001 10 2 4.70848
ITE43 2001 11 4 2.04372
ITE43 2001 12 3 2.45784
ITE43 2002 03 3 62.8386
ITE43 2002 04 2 3.68547
ITE43 2002 06 3 20.3897
ITE43 2002 07 3 38.5596
ITE43 2002 08 2 7.66602
ITE43 2003 03 2 20.3449
ITE43 2003 04 4 2.54313
ITE43 2003 05 3 1.21111
ITE43 2003 06 3 175.878
ITE43 2003 07 3 322.855
ITE43 2003 08 3 391.012
ITE43 2003 09 3 19.6161
ITE43 2004 06 5 4.40949
ITE43 2004 07 5 81.4083
ITE43 2004 08 5 208.239
ITE43 2004 09 5 53.7758
ITE43 2004 10 3 2.55383
ITE43 2004 11 2 0.53114
ITE43 2005 01 2 0.256428
ITE43 2005 02 2 2.00866
ITE43 2005 03 2 5.15845
ITE43 2005 04 4 6.71685
ITE43 2005 05 5 18.268
ITE43 2005 06 5 15.1714
ITE43 2005 07 5 490.064
ITE43 2005 08 5 122.195
ITE43 2006 01 2 0.62444
ITE43 2006 02 3 3.66878
ITE43 2006 03 2 1.31739
ITE43 2006 04 2 6.24332
ITE43 2006 05 3 0.185652
ITE43 2006 06 3 40.0235
ITE43 2006 07 3 127.776
ITE43 2006 08 3 506.838
ITE43 2006 09 5 2.47861
ITE44 1985 02 2 11.7668
ITE44 1985 04 3 33.1
ITE44 1985 05 2 0.762705
ITE44 1985 06 2 34.0617
ITE44 1985 07 2 578.933
ITE44 1985 08 2 1203.24
ITE44 1985 09 2 252.054
ITE44 1985 10 2 191.34
ITE44 1985 11 2 2.92227
ITE44 1985 12 2 5.70205
ITE44 1986 01 3 13.3012
ITE44 1986 04 2 2.62313
ITE44 1986 05 2 3.93284
ITE44 1986 06 3 1.21951
ITE44 1986 07 2 3.99718
ITE44 1986 08 2 86.806
ITE44 1986 09 2 30.9185
ITE44 1986 10 4 6.47703
ITE44 1987 03 2 1.42144
ITE44 1987 04 2 5.39803
ITE44 1987 06 2 17.3171
ITE44 1987 07 2 517.038
ITE44 1987 08 2 814.579
ITE44 1987 09 2 219.189
ITE44 1987 10 2 109.505
ITE44 1988 01 2 2.55103
ITE44 1988 02 2 0.294917
ITE44 1988 04 3 5.45158
ITE44 1988 07 3 242.712
ITE44 1988 08 3 1570.96
ITE44 1988 09 3 117.394
ITE44 1988 10 2 5.28198
ITE44 1988 12 2 3.31905
ITE44 1989 01 2 3.24838
ITE44 1989 02 2 28.9995
ITE44 1989 03 5 60.7239
ITE44 1989 04 2 0.111286
ITE44 1989 05 3 9.19616
ITE44 1989 07 4 8.1664
ITE44 1989 08 4 456.729
ITE44 1989 09 4 14.5501
ITE44 1990 05 3 5.19813
ITE44 1990 06 3 105.906
ITE44 1990 07 84 1920
ITE44 1990 08 84 337.204
ITE44 1990 09 84 133.079
ITE44 1990 10 2 1.01868
ITE44 1991 01 4 3.66104
ITE44 1991 02 5 5.5087
ITE44 1991 03 5 16.6499
ITE44 1991 04 4 11.8775
ITE44 1991 06 4 20.3414
ITE44 1991 07 4 530.956
ITE44 1991 08 4 788.205
ITE44 1991 09 4 458.598
ITE44 1991 12 4 26.6319
ITE44 1992 01 2 1.955
ITE44 1992 02 2 33.1972
ITE44 1992 03 2 7.16436
ITE44 1992 05 4 1.10268
ITE44 1992 06 3 13.5685
ITE44 1992 07 5 10.9274
ITE44 1992 08 5 1460.07
ITE44 1992 09 5 924.7
ITE44 1992 11 2 3.83433
ITE44 1993 01 4 40.5273
ITE44 1993 02 5 21.641
ITE44 1993 03 5 16.5356
ITE44 1993 06 5 117.345
ITE44 1993 07 83 1169.27
ITE44 1993 08 82 1171.53
ITE44 1993 09 82 313.99
ITE44 1993 10 2 4.9837
ITE44 1994 03 5 2.70354
ITE44 1994 04 2 0.536573
ITE44 1994 05 3 3.14928
ITE44 1994 06 4 11.762
ITE44 1994 07 4 189.997
ITE44 1994 08 4 664.717
ITE44 1994 09 4 44.4028
ITE44 1994 10 4 22.5075
ITE44 1994 12 2 1.94493
ITE44 1995 01 3 4.23524
ITE44 1995 03 4 8.21251
ITE44 1995 04 2 13.402
ITE44 1995 05 2 0.750822
ITE44 1995 06 5 22.7502
ITE44 1995 07 5 248.239
ITE44 1995 08 5 161.187
ITE44 1995 09 3 12.9897
ITE44 1995 10 3 50.1051
ITE44 1996 01 3 8.46227
ITE44 1996 02 3 4.09775
ITE44 1996 03 5 4.93726
ITE44 1996 04 2 8.30291
ITE44 1996 06 2 57.8508
ITE44 1996 07 2 525.627
ITE44 1996 08 2 240.722
ITE44 1996 12 2 4.53093
ITE44 1997 02 4 4.09941
ITE44 1997 03 4 96.246
ITE44 1997 04 4 46.0496
ITE44 1997 05 3 5.63673
ITE44 1997 06 3 350.906
ITE44 1997 07 3 2283.41
ITE44 1997 08 3 500.931
ITE44 1997 09 3 108.857
ITE44 1997 10 3 39.7292
ITE44 1998 02 3 8.98422
ITE44 1998 03 3 17.8821
ITE44 1998 05 2 1.14063
ITE44 1998 06 2 75.9388
ITE44 1998 07 2 762.773
ITE44 1998 08 2 731.125
ITE44 1998 09 5 17.691
ITE44 1998 11 3 4.41663
ITE44 1998 12 2 1.67902
ITE44 1999 01 3 17.2608
ITE44 1999 02 3 8.87376
ITE44 1999 03 3 5.04505
ITE44 1999 04 3 10.6606
ITE44 1999 06 3 36.9001
ITE44 1999 07 3 323.684
ITE44 1999 08 3 415.311
ITE44 1999 09 5 60.2595
ITE44 2000 02 3 2.17301
ITE44 2000 03 5 5.75416
ITE44 2000 04 2 0.247296
ITE44 2000 05 4 11.3016
ITE44 2000 06 4 276.783
ITE44 2000 07 4 1476.36
ITE44 2000 08 4 1568.03
ITE44 2000 09 4 310.659
ITE44 2000 12 2 1.03707
ITE44 2001 01 2 0.547712
ITE44 2001 02 3 1.88001
ITE44 2001 04 2 3.19308
ITE44 2001 05 2 0.102106
ITE44 2001 06 2 132.001
ITE44 2001 07 2 1401.73
ITE44 2001 08 2 1269.82
ITE44 2001 09 2 185.508
ITE44 2001 10 2 99.3996
ITE44 2001 11 2 108.99
ITE44 2001 12 5 8.47257
ITE44 2002 01 5 18.8725
ITE44 2002 02 4 23.6128
ITE44 2002 03 4 125.044
ITE44 2002 04 4 7.75735
ITE44 2002 05 5 10.0127
ITE44 2002 06 5 7.81622
ITE44 2002 07 4 25.6916
ITE44 2002 08 4 17.1857
ITE44 2002 12 2 1.8763
ITE44 2003 02 3 9.30237
ITE44 2003 03 3 16.53
ITE44 2003 04 3 43.539
ITE44 2003 05 3 38.0405
ITE44 2003 06 3 807.965
ITE44 2003 07 105 3658.41
ITE44 2003 08 105 1111.89
ITE44 2003 09 105 131.598
ITE44 2003 10 2 1.3089
ITE44 2003 12 2 0.460483
ITE44 2004 02 2 2.83742
ITE44 2004 03 2 0.33025
ITE44 2004 05 4 2.39287
ITE44 2004 07 4 492.448
ITE44 2004 08 4 965.003
ITE44 2004 09 4 272.756
ITE44 2004 10 5 14.9098
ITE44 2004 11 3 2.90601
ITE44 2005 01 5 12.1726
ITE44 2005 02 5 35.6652
ITE44 2005 03 5 7.99777
ITE44 2005 05 3 1.88607
ITE44 2005 06 3 28.38
ITE44 2005 07 3 736.61
ITE44 2005 08 3 707.675
ITE44 2005 09 3 24.4239
ITE44 2005 10 2 14.4788
ITE44 2005 11 3 3.56564
ITE44 2006 01 4 5.99887
ITE44 2006 02 2 2.3089
ITE44 2006 03 2 2.41748
ITE44 2006 04 4 11.5833
ITE44 2006 05 4 14.3007
ITE44 2006 06 5 10.5838
ITE44 2006 07 5 107.111
ITE44 2006 08 5 138.297
ITE44 2006 09 5 96.1167
ITE44 2006 10 5 38.7296
ITE45 1985 02 5 37.5567
ITE45 1985 03 3 3.83456
ITE45 1985 04 3 18.038
ITE45 1985 06 4 2.8011
ITE45 1985 07 4 436.427
ITE45 1985 08 102 1260.71
ITE45 1985 09 102 1432.9
ITE45 1985 10 102 1539.27
ITE45 1986 01 2 1.41421
ITE45 1986 03 2 8.50864
ITE45 1986 04 3 10.6098
ITE45 1986 05 2 9.45944
ITE45 1986 07 2 1.94388
ITE45 1986 08 2 3.78069
ITE45 1986 09 2 51.093
ITE45 1986 10 3 7.98192
ITE45 1986 12 2 7.22095
ITE45 1987 03 2 57.614
ITE45 1987 04 2 70.8986
ITE45 1987 06 2 2.85804
ITE45 1987 07 2 155.242
ITE45 1987 08 2 799.606
ITE45 1987 09 2 399.051
ITE45 1987 10 2 1065.57
ITE45 1988 01 2 5.88834
ITE45 1988 02 3 3.10726
ITE45 1988 03 3 15.6534
ITE45 1988 04 3 13.1609
ITE45 1988 07 3 430.485
ITE45 1988 08 3 695.326
ITE45 1988 09 3 52.2534
ITE45 1988 12 4 4.35148
ITE45 1989 01 4 47.3837
ITE45 1989 02 4 102.076
ITE45 1989 03 4 34.9418
ITE45 1989 04 4 5.28519
ITE45 1989 05 3 1.02991
ITE45 1989 07 2 0.587581
ITE45 1989 08 2 57.0078
ITE45 1989 10 3 1.98517
ITE45 1989 11 2 0.936757
ITE45 1990 01 2 51.4043
ITE45 1990 02 2 10.7707
ITE45 1990 03 2 28.8383
ITE45 1990 04 2 2.36824
ITE45 1990 05 2 11.0718
ITE45 1990 06 2 253.354
ITE45 1990 07 2 1515.01
ITE45 1990 08 2 110.442
ITE45 1990 09 2 95.5367
ITE45 1990 10 2 12.4438
ITE45 1990 11 2 0.283626
ITE45 1991 01 2 10.6602
ITE45 1991 02 2 114.016
ITE45 1991 03 2 14.8315
ITE45 1991 04 4 8.24902
ITE45 1991 05 2 6.64266
ITE45 1991 06 3 5.63706
ITE45 1991 07 3 299.692
ITE45 1991 08 3 508.835
ITE45 1991 09 3 252.566
ITE45 1991 10 2 0.989538
ITE45 1991 12 2 64.1016
ITE45 1992 01 5 8.48344
ITE45 1992 02 5 72.9806
ITE45 1992 03 5 99.1384
ITE45 1992 04 3 5.83408
ITE45 1992 06 2 1.30471
ITE45 1992 07 2 39.1663
ITE45 1992 08 2 459.903
ITE45 1992 09 2 1342.43
ITE45 1992 12 4 10.9164
ITE45 1993 01 3 37.1782
ITE45 1993 02 3 765.814
ITE45 1993 03 3 57.7641
ITE45 1993 04 3 19.8498
ITE45 1993 06 3 79.3415
ITE45 1993 07 102 2170.88
ITE45 1993 08 115 2013.78
ITE45 1993 09 115 31.7954
ITE45 1993 11 2 2.11118
ITE45 1994 01 3 6.46344
ITE45 1994 02 2 1.36534
ITE45 1994 03 2 37.7441
ITE45 1994 06 4 6.3079
ITE45 1994 07 4 13.9316
ITE45 1994 08 4 185.062
ITE45 1994 09 4 62.5576
ITE45 1994 10 4 34.0069
ITE45 1995 01 4 10.4347
ITE45 1995 02 3 4.15127
ITE45 1995 03 3 15.0201
ITE45 1995 04 3 46.8324
ITE45 1995 06 5 4.68024
ITE45 1995 07 5 111.336
ITE45 1995 08 5 21.7638
ITE45 1995 10 5 26.4167
ITE45 1995 11 3 3.48568
ITE45 1995 12 4 33.3993
ITE45 1996 01 3 4.28301
ITE45 1996 02 3 3.86434
ITE45 1996 03 3 60.374
ITE45 1996 04 3 15.5414
ITE45 1996 06 3 4.64833
ITE45 1996 07 3 226.352
ITE45 1996 08 3 768.457
ITE45 1996 10 2 0.387447
ITE45 1997 01 2 0.348544
ITE45 1997 02 2 38.6371
ITE45 1997 03 2 96.0318
ITE45 1997 04 2 26.7344
ITE45 1997 05 2 68.857
ITE45 1997 06 2 62.4675
ITE45 1997 07 2 1720.63
ITE45 1997 08 2 399.042
ITE45 1997 09 2 154.624
ITE45 1997 10 2 84.4568
ITE45 1997 12 3 6.78726
ITE45 1998 01 2 2.25469
ITE45 1998 02 2 73.3687
ITE45 1998 03 2 16.7866
ITE45 1998 05 2 1.20456
ITE45 1998 07 2 890.697
ITE45 1998 08 2 723.768
ITE45 1998 09 2 56.9754
ITE45 1998 10 2 0.569175
ITE45 1998 12 2 43.958
ITE45 1999 01 2 1.44272
ITE45 1999 02 4 12.3007
ITE45 1999 03 5 14.0535
ITE45 1999 04 2 4.40319
ITE45 1999 07 2 24.4293
ITE45 1999 08 2 476.947
ITE45 1999 09 2 18.3808
ITE45 1999 10 2 2.52356
ITE45 1999 11 2 0.626394
ITE45 1999 12 2 0.309852
ITE45 2000 01 4 5.82428
ITE45 2000 02 4 44.0004
ITE45 2000 03 4 5.01695
ITE45 2000 06 4 65.9715
ITE45 2000 07 4 595.494
ITE45 2000 08 4 1192.06
ITE45 2000 09 4 244.683
ITE45 2000 10 3 3.96031
ITE45 2001 03 2 2.13855
ITE45 2001 06 5 41.0271
ITE45 2001 07 5 68.853
ITE45 2001 08 5 515.884
ITE45 2001 09 5 20.008
ITE45 2001 10 5 133.735
ITE45 2001 11 4 4.38746
ITE45 2001 12 2 12.2952
ITE45 2002 01 5 16.8853
ITE45 2002 02 2 0.841835
ITE45 2002 03 2 80.4178
ITE45 2002 04 4 7.63034
ITE45 2002 06 2 0.290608
ITE45 2002 07 4 9.39187
ITE45 2002 08 3 6.30288
ITE45 2002 09 2 3.55475
ITE45 2003 02 2 18.6925
ITE45 2003 03 2 62.5746
ITE45 2003 04 4 10.3034
ITE45 2003 05 4 33.3401
ITE45 2003 06 4 58.2299
ITE45 2003 07 4 756.961
ITE45 2003 08 4 995.335
ITE45 2003 09 5 12.3435
ITE45 2003 11 3 12.06
ITE45 2004 01 2 1.49181
ITE45 2004 02 4 7.64031
ITE45 2004 03 2 1.52469
ITE45 2004 07 2 61.0184
ITE45 2004 08 2 376.746
ITE45 2004 09 2 461.792
ITE45 2005 01 5 10.4493
ITE45 2005 02 4 14.9465
ITE45 2005 03 4 66.91
ITE45 2005 04 3 11.9611
ITE45 2005 06 3 8.6777
ITE45 2005 07 3 431.173
ITE45 2005 08 3 124.619
ITE45 2005 09 2 4.94205
ITE45 2006 02 2 0.11812
ITE45 2006 04 2 13.5074
ITE45 2006 05 2 3.34379
ITE45 2006 06 2 214.007
ITE45 2006 07 2 117.896
ITE45 2006 08 2 94.7729
ITE45 2006 09 2 83.6929
ITE45 2006 10 2 4.38027
ITE45 2006 11 3 22.6224
ITE45 2006 12 2 12.6047
ITF11 1985 02 4 6.89062
ITF11 1985 03 2 3.6942
ITF11 1985 04 2 29.6365
ITF11 1985 05 2 3.99013
ITF11 1985 06 2 0.92442
ITF11 1985 07 2 213.523
ITF11 1985 08 2 264.209
ITF11 1985 09 2 871.44
ITF11 1985 10 2 485.75
ITF11 1986 04 5 88.8125
ITF11 1986 05 3 7.74608
ITF11 1986 08 4 3.5641
ITF11 1986 09 3 8.60827
ITF11 1986 10 2 0.223247
ITF11 1986 12 5 10.926
ITF11 1987 02 3 9.96638
ITF11 1987 03 3 287.343
ITF11 1987 04 3 127.712
ITF11 1987 05 4 25.2151
ITF11 1987 06 2 0.306009
ITF11 1987 08 2 237.413
ITF11 1987 09 2 59.4454
ITF11 1987 10 4 247.352
ITF11 1988 03 4 11.9825
ITF11 1988 04 3 8.03936
ITF11 1988 05 2 2.47086
ITF11 1988 07 2 42.7849
ITF11 1988 08 2 604.315
ITF11 1988 09 2 39.5861
ITF11 1988 12 4 17.5956
ITF11 1989 01 4 948.941
ITF11 1989 02 4 127.341
ITF11 1989 03 4 185.697
ITF11 1989 04 3 8.15272
ITF11 1989 12 2 96.4629
ITF11 1990 01 2 88.8257
ITF11 1990 02 2 156.381
ITF11 1990 03 2 248.904
ITF11 1990 06 5 48.6405
ITF11 1990 07 5 39.7924
ITF11 1990 08 5 30.0008
ITF11 1990 09 5 22.2651
ITF11 1990 10 2 2.98006
ITF11 1991 01 3 9.82856
ITF11 1991 02 3 8.72933
ITF11 1991 03 3 86.2733
ITF11 1991 04 3 25.5752
ITF11 1991 05 2 3.00378
ITF11 1991 06 3 1.96456
ITF11 1991 07 2 0.752898
ITF11 1991 08 4 8.91851
ITF11 1991 12 2 1.96672
ITF11 1992 01 5 10.9124
ITF11 1992 02 5 154.529
ITF11 1992 03 5 255.806
ITF11 1992 04 5 41.2356
ITF11 1992 05 3 14.3279
ITF11 1992 08 3 312.07
ITF11 1992 09 3 324.495
ITF11 1993 02 3 153.9
ITF11 1993 03 3 22.0652
ITF11 1993 04 3 71.3689
ITF11 1993 06 4 17.845
ITF11 1993 07 4 401.954
ITF11 1993 08 4 2605.73
ITF11 1993 09 3 35.7672
ITF11 1994 03 3 113.723
ITF11 1994 05 3 2.20156
ITF11 1994 06 2 0.547255
ITF11 1994 07 2 15.5208
ITF11 1994 08 2 402.164
ITF11 1994 09 2 174.442
ITF11 1994 10 4 3.54329
ITF11 1995 02 4 18.9787
ITF11 1995 03 4 32.9328
ITF11 1995 04 4 71.9937
ITF11 1995 05 5 17.3474
ITF11 1995 07 3 12.475
ITF11 1995 08 3 5.39256
ITF11 1995 10 5 20.4884
ITF11 1995 11 2 24.727
ITF11 1995 12 2 3.93491
ITF11 1996 02 2 4.495
ITF11 1996 03 2 31.3143
ITF11 1996 04 5 25.7117
ITF11 1996 07 5 25.21
ITF11 1996 08 5 27.1982
ITF11 1996 09 2 1.21233
ITF11 1997 01 3 5.36636
ITF11 1997 02 3 143.899
ITF11 1997 03 3 336.599
ITF11 1997 04 3 7.68102
ITF11 1997 07 3 83.9747
ITF11 1997 08 3 489.879
ITF11 1997 09 3 323.529
ITF11 1997 10 2 27.9436
ITF11 1998 01 3 2.59456
ITF11 1998 02 3 188.333
ITF11 1998 03 3 232.47
ITF11 1998 07 3 85.8865
ITF11 1998 08 3 1177.61
ITF11 1998 09 3 22.0678
ITF11 1998 12 2 1.52702
ITF11 1999 01 2 3.43767
ITF11 1999 02 2 1.34124
ITF11 1999 03 2 5.79178
ITF11 1999 04 3 27.9039
ITF11 1999 08 5 14.2585
ITF11 1999 09 3 62.1683
ITF11 1999 10 2 6.7267
ITF11 2000 02 4 13.5456
ITF11 2000 03 3 12.8169
ITF11 2000 07 2 11.3446
ITF11 2000 08 2 743.326
ITF11 2000 09 2 33.5055
ITF11 2001 07 4 3.91212
ITF11 2001 08 4 334.453
ITF11 2001 09 2 12.4909
ITF11 2001 10 2 3.04086
ITF11 2002 02 4 7.42985
ITF11 2002 03 4 218.145
ITF11 2002 04 3 20.2277
ITF11 2002 11 2 0.5059
ITF11 2003 02 2 3.6928
ITF11 2003 03 2 61.0933
ITF11 2003 04 2 25.7771
ITF11 2003 05 2 0.0800212
ITF11 2003 07 5 3.22593
ITF11 2003 08 5 87.4784
ITF11 2003 09 2 0.545826
ITF11 2004 03 3 1.55016
ITF11 2004 07 2 1.61939
ITF11 2004 08 2 232.171
ITF11 2004 09 4 167.593
ITF11 2005 01 2 2.38368
ITF11 2005 03 2 52.3526
ITF11 2005 04 5 17.4107
ITF11 2005 05 2 2.62758
ITF11 2005 07 2 143.732
ITF11 2005 08 4 39.7231
ITF11 2006 02 3 5.22647
ITF11 2006 04 3 15.8298
ITF11 2006 07 3 5.72943
ITF11 2006 08 3 9.976
ITF11 2006 10 2 2.13591
ITF11 2006 11 2 2.23914
ITF12 1985 04 2 39.4521
ITF12 1985 07 3 20.9987
ITF12 1985 08 3 221.666
ITF12 1985 09 3 49.5911
ITF12 1985 10 3 219.824
ITF12 1986 09 2 1.2086
ITF12 1987 03 3 7.3469
ITF12 1987 04 3 20.0332
ITF12 1987 09 3 7.21394
ITF12 1988 02 2 9.5443
ITF12 1988 03 3 12.0356
ITF12 1988 07 2 7.1295
ITF12 1988 08 5 16.5385
ITF12 1988 09 5 48.4979
ITF12 1989 01 5 16.2443
ITF12 1989 02 5 40.3261
ITF12 1989 03 3 108.048
ITF12 1990 01 5 27.839
ITF12 1990 02 5 45.764
ITF12 1990 03 4 24.3563
ITF12 1990 07 2 3.49658
ITF12 1990 08 2 0.880192
ITF12 1990 09 2 12.7445
ITF12 1990 10 3 7.03805
ITF12 1991 02 2 7.1889
ITF12 1991 03 2 5.37923
ITF12 1991 07 2 2.22563
ITF12 1991 08 2 0.870784
ITF12 1992 02 4 8.667
ITF12 1992 03 4 9.40409
ITF12 1992 08 3 5.65719
ITF12 1992 09 3 4.34401
ITF12 1992 10 2 27.3055
ITF12 1993 02 2 4.54156
ITF12 1993 03 4 4.73416
ITF12 1993 04 3 9.51944
ITF12 1993 06 2 2.79506
ITF12 1993 07 2 3.81353
ITF12 1993 08 2 168.848
ITF12 1993 09 2 22.1347
ITF12 1994 03 4 14.6255
ITF12 1994 08 4 43.8599
ITF12 1994 09 5 7.16613
ITF12 1994 10 2 3.55476
ITF12 1995 01 3 14.0451
ITF12 1995 02 4 9.05697
ITF12 1995 03 2 1.48503
ITF12 1995 07 4 11.4906
ITF12 1995 09 2 0.794191
ITF12 1996 02 2 3.67112
ITF12 1996 04 2 3.6036
ITF12 1996 07 2 2.96369
ITF12 1997 03 3 2.25329
ITF12 1997 08 3 3.17975
ITF12 1997 09 2 2.88916
ITF12 1997 10 2 3.26232
ITF12 1998 02 3 10.0425
ITF12 1998 03 3 1.53758
ITF12 1998 07 2 5.10824
ITF12 1998 08 2 16.7401
ITF12 1999 03 3 9.3123
ITF12 2000 07 3 21.9079
ITF12 2000 08 3 21.7216
ITF12 2000 09 5 58.594
ITF12 2001 03 5 26.2556
ITF12 2001 06 2 1.79238
ITF12 2001 07 3 22.0361
ITF12 2001 08 3 26.4684
ITF12 2001 09 2 2.11201
ITF12 2001 10 2 1.0209
ITF12 2001 11 2 0.841288
ITF12 2002 01 3 3.59428
ITF12 2002 02 3 2.44669
ITF12 2002 03 4 14.4459
ITF12 2002 07 2 4.47713
ITF12 2003 03 2 20.6139
ITF12 2003 04 5 2.3737
ITF12 2003 06 2 1.16617
ITF12 2003 07 2 34.8358
ITF12 2003 08 2 42.019
ITF12 2003 09 2 2.41474
ITF12 2004 01 2 6.9727
ITF12 2004 03 3 7.72308
ITF12 2004 04 2 1.86673
ITF12 2004 07 2 31.4398
ITF12 2004 08 5 3.95109
ITF12 2004 09 5 6.09009
ITF12 2004 10 2 0.630378
ITF12 2005 04 2 0.868302
ITF12 2005 07 3 3.30743
ITF12 2005 08 2 6.77091
ITF12 2006 02 5 4.73813
ITF12 2006 03 3 0.885658
ITF12 2006 04 3 0.61574
ITF12 2006 07 4 6.26699
ITF12 2006 08 3 7.05877
ITF12 2006 09 2 2.03044
ITF12 2006 11 4 0.448533
ITF12 2006 12 3 4.97098
ITF13 1985 02 2 0.119956
ITF13 1985 06 2 8.33574
ITF13 1985 07 2 109.679
ITF13 1985 08 2 302.048
ITF13 1985 09 2 178.651
ITF13 1985 10 4 78.2965
ITF13 1986 01 2 0.0514254
ITF13 1986 09 4 18.4828
ITF13 1986 12 2 2.3928
ITF13 1987 03 3 9.75163
ITF13 1987 04 3 30.1914
ITF13 1987 05 3 3.89736
ITF13 1987 08 3 147.559
ITF13 1987 09 3 54.02
ITF13 1988 01 2 0.822482
ITF13 1988 02 2 2.74566
ITF13 1988 03 5 9.39401
ITF13 1988 07 5 108.189
ITF13 1988 08 5 110.594
ITF13 1988 09 5 1332.61
ITF13 1988 10 2 6.59202
ITF13 1989 02 4 12.9909
ITF13 1989 03 4 31.5888
ITF13 1989 12 4 17.7122
ITF13 1990 01 4 9.53498
ITF13 1990 02 4 126.55
ITF13 1990 03 4 33.8144
ITF13 1990 06 3 22.2033
ITF13 1990 07 3 242.32
ITF13 1990 09 3 109.619
ITF13 1991 03 3 30.1267
ITF13 1991 07 3 2.50398
ITF13 1991 08 3 13.4639
ITF13 1991 09 3 1.21208
ITF13 1992 01 2 0.5393
ITF13 1992 02 2 1.09207
ITF13 1992 03 3 6.24679
ITF13 1992 08 3 93.822
ITF13 1992 09 3 84.5617
ITF13 1993 01 2 2.43846
ITF13 1993 02 2 4.01214
ITF13 1993 03 5 21.2251
ITF13 1993 06 4 3.24563
ITF13 1993 07 4 177.048
ITF13 1993 08 4 279.644
ITF13 1993 09 4 35.6394
ITF13 1993 10 2 0.425655
ITF13 1994 02 2 15.973
ITF13 1994 03 2 1.44775
ITF13 1994 06 2 0.2376
ITF13 1994 07 3 5.2193
ITF13 1994 08 3 376.613
ITF13 1994 09 3 205.562
ITF13 1995 03 3 11.0045
ITF13 1995 04 3 1.52472
ITF13 1995 07 2 5.39422
ITF13 1995 08 2 10.5336
ITF13 1996 07 2 185.7
ITF13 1997 02 4 12.6301
ITF13 1997 03 3 4.49765
ITF13 1997 08 4 20.2116
ITF13 1997 09 3 2.02393
ITF13 1998 03 2 22.5002
ITF13 1998 07 3 29.9189
ITF13 1998 08 3 15.768
ITF13 1998 09 2 1.41663
ITF13 1999 03 2 1.01705
ITF13 1999 08 2 11.291
ITF13 1999 09 2 5.55161
ITF13 2000 02 2 1.73988
ITF13 2000 04 2 6.47694
ITF13 2000 07 2 57.6486
ITF13 2000 08 2 420.187
ITF13 2000 09 5 390.628
ITF13 2001 03 5 44.7625
ITF13 2001 06 2 7.82731
ITF13 2001 07 2 39.7936
ITF13 2001 08 2 522.533
ITF13 2001 09 5 201.16
ITF13 2001 10 2 6.4439
ITF13 2002 03 2 1.6152
ITF13 2003 07 4 6.14346
ITF13 2003 08 4 155.474
ITF13 2004 05 2 0.171029
ITF13 2004 07 2 22.5703
ITF13 2004 08 3 9.02566
ITF13 2005 03 3 4.61829
ITF13 2005 07 3 11.705
ITF13 2006 02 2 1.8362
ITF13 2006 03 4 44.2665
ITF13 2006 07 3 7.21631
ITF14 1985 01 2 43.2292
ITF14 1985 02 2 0.67357
ITF14 1985 03 2 2.27218
ITF14 1985 04 3 9.62883
ITF14 1985 06 2 7.4203
ITF14 1985 07 2 328.48
ITF14 1985 08 2 574.73
ITF14 1985 09 2 222.175
ITF14 1985 10 2 187.218
ITF14 1986 01 2 31.3018
ITF14 1986 06 2 3.69416
ITF14 1986 08 2 72.9545
ITF14 1986 09 2 42.1843
ITF14 1987 01 2 196.74
ITF14 1987 03 4 38.3093
ITF14 1987 04 4 25.3198
ITF14 1987 07 4 61.5352
ITF14 1987 08 4 149.453
ITF14 1987 09 4 128.318
ITF14 1988 01 4 21.6205
ITF14 1988 02 2 7.31315
ITF14 1988 04 3 5.74376
ITF14 1988 07 3 18.8047
ITF14 1988 08 3 412.774
ITF14 1988 09 3 82.7751
ITF14 1988 10 3 4.06124
ITF14 1989 01 2 15.3532
ITF14 1989 02 2 39.8614
ITF14 1989 03 2 179.479
ITF14 1989 04 4 16.6284
ITF14 1989 09 2 4.0596
ITF14 1989 12 2 4.64744
ITF14 1990 01 2 45.275
ITF14 1990 02 2 183.598
ITF14 1990 03 2 52.156
ITF14 1990 07 2 198.017
ITF14 1990 08 2 304.946
ITF14 1990 09 2 59.7016
ITF14 1990 10 2 0.779472
ITF14 1991 02 2 1.09498
ITF14 1991 03 2 84.8001
ITF14 1991 07 2 23.6032
ITF14 1991 08 2 192.929
ITF14 1991 09 2 84.9143
ITF14 1991 10 2 8.43164
ITF14 1992 02 2 4.07288
ITF14 1992 03 2 51.7792
ITF14 1992 04 3 12.557
ITF14 1992 05 2 8.52592
ITF14 1992 07 2 19.5282
ITF14 1992 08 2 544.886
ITF14 1992 09 2 354.75
ITF14 1992 10 2 34.0217
ITF14 1992 11 3 4.86143
ITF14 1993 02 2 6.94018
ITF14 1993 03 3 28.5165
ITF14 1993 04 4 21.1579
ITF14 1993 07 4 292.336
ITF14 1993 08 4 154.051
ITF14 1993 09 3 33.7859
ITF14 1993 10 3 50.1839
ITF14 1994 03 2 4.72509
ITF14 1994 04 2 2.58074
ITF14 1994 05 2 0.576351
ITF14 1994 07 2 89.9905
ITF14 1994 08 2 1968.83
ITF14 1994 09 2 95.2778
ITF14 1994 10 2 13.709
ITF14 1995 03 2 18.1578
ITF14 1995 07 3 7.75915
ITF14 1995 08 3 127.47
ITF14 1995 12 2 3.32307
ITF14 1996 04 4 24.732
ITF14 1996 06 3 18.9025
ITF14 1996 07 3 29.96
ITF14 1996 08 3 66.6393
ITF14 1997 03 2 6.36396
ITF14 1997 04 3 7.3725
ITF14 1997 05 4 42.9884
ITF14 1997 06 2 1.72688
ITF14 1997 07 2 538.648
ITF14 1997 08 2 248.485
ITF14 1997 09 2 166.375
ITF14 1997 10 3 6.1233
ITF14 1998 02 3 12.5024
ITF14 1998 03 5 50.6681
ITF14 1998 04 2 1.01649
ITF14 1998 07 3 98.8828
ITF14 1998 08 3 788.641
ITF14 1999 02 2 1.33995
ITF14 1999 03 2 7.22339
ITF14 1999 08 3 8.14455
ITF14 1999 09 2 3.71833
ITF14 1999 10 3 7.37291
ITF14 2000 03 2 1.75257
ITF14 2000 04 2 3.29422
ITF14 2000 06 3 4.91308
ITF14 2000 07 3 297.901
ITF14 2000 08 3 3017.59
ITF14 2000 09 3 586.432
ITF14 2001 03 5 32.8248
ITF14 2001 04 2 0.690924
ITF14 2001 05 2 4.47909
ITF14 2001 06 3 47.5391
ITF14 2001 07 3 1235.24
ITF14 2001 08 3 493.401
ITF14 2001 09 3 299.349
ITF14 2001 10 5 14.0575
ITF14 2002 01 2 0.955745
ITF14 2002 02 3 5.2065
ITF14 2002 03 4 21.1785
ITF14 2002 08 2 4.35856
ITF14 2002 11 2 0.891518
ITF14 2003 03 2 2.54164
ITF14 2003 04 5 8.76648
ITF14 2003 05 4 2.48022
ITF14 2003 06 4 11.9572
ITF14 2003 07 5 7.7597
ITF14 2003 08 5 77.8266
ITF14 2003 11 2 3.3823
ITF14 2004 03 2 11.4163
ITF14 2004 04 2 32.2577
ITF14 2004 07 5 9.60433
ITF14 2004 08 5 97.4262
ITF14 2004 09 3 4.35555
ITF14 2004 10 4 15.5385
ITF14 2005 02 2 0.148894
ITF14 2005 03 2 9.23574
ITF14 2005 04 4 27.4941
ITF14 2005 05 2 17.0826
ITF14 2005 06 2 3.57017
ITF14 2005 08 3 3.94244
ITF14 2006 02 2 12.1934
ITF14 2006 03 3 65.4957
ITF14 2006 07 3 27.9303
ITF14 2006 08 3 48.9365
ITF14 2006 09 3 50.4386
ITF21 1985 02 3 7.19768
ITF21 1985 03 3 7.36841
ITF21 1985 04 3 13.2806
ITF21 1985 05 2 2.64388
ITF21 1985 07 2 84.9378
ITF21 1985 08 2 195.711
ITF21 1985 09 2 105.311
ITF21 1985 10 2 224.902
ITF21 1985 12 2 2.53828
