DEE37 2000 03 2 0.0708383
DEE37 2000 04 2 0.570792
DEE37 2000 05 2 1.75303
DEE37 2000 06 5 63.4139
DEE37 2001 05 2 0.00990803
DEE37 2001 06 2 0.205331
DEE37 2002 04 2 0.00724336
DEE37 2002 06 2 0.0111458
DEE37 2002 09 2 0.00762385
DEE37 2003 03 3 1.00047
DEE37 2003 04 2 0.55857
DEE37 2003 05 2 0.0125044
DEE37 2003 06 3 0.327164
DEE37 2003 08 5 0.200196
DEE37 2003 09 2 0.641645
DEE37 2004 03 2 0.445511
DEE37 2005 06 2 0.101981
DEE37 2005 09 2 0.01975
DEE37 2006 05 2 0.0630125
DEE37 2006 06 2 0.0330255
DEE37 2006 07 2 0.793051
DEE37 2006 09 2 0.290103
DEE38 2002 06 2 0.0341491
DEE38 2006 07 2 0.124397
DEE39 1997 03 2 0.622637
DEE39 1997 04 2 5.61324
DEE39 1997 06 2 0.0387461
DEE39 1999 08 2 0.14174
DEE39 1999 09 3 0.28113
DEE39 2004 04 2 0.451934
DEE39 2005 07 2 0.0547816
DEE3A 2006 05 2 0.065906
DEE3B 1997 04 2 0.230882
DEE3B 1997 05 2 0.0116147
DEE3B 1997 06 2 0.305337
DEE3B 1997 07 4 0.705624
DEE3B 1997 08 4 1.46279
DEE3B 1997 09 3 0.153369
DEE3B 1998 02 2 0.00500088
DEE3B 1998 03 3 0.0854621
DEE3B 1998 05 3 0.0229162
DEE3B 1998 08 3 0.215378
DEE3B 1999 05 3 0.979334
DEE3B 1999 06 3 0.048488
DEE3B 1999 07 3 5.40338
DEE3B 1999 08 5 2.66514
DEE3B 1999 09 5 0.589279
DEE3B 2000 04 3 0.252564
DEE3B 2000 05 5 0.460895
DEE3B 2000 06 5 5.51397
DEE3B 2000 07 2 0.00983268
DEE3B 2000 08 4 0.147304
DEE3B 2000 09 2 0.0297564
DEE3B 2000 10 2 0.0114171
DEE3B 2001 05 2 0.858013
DEE3B 2001 07 5 0.35249
DEE3B 2001 08 5 0.115923
DEE3B 2002 09 2 0.0134403
DEE3B 2003 03 2 1.30552
DEE3B 2003 04 2 1.53476
DEE3B 2003 05 4 0.273977
DEE3B 2003 06 5 1.19233
DEE3B 2003 07 2 1.14217
DEE3B 2003 08 2 2.52144
DEE3B 2003 09 2 0.0117021
DEE3B 2004 03 3 0.579699
DEE3B 2004 04 3 3.06607
DEE3B 2004 05 3 1.16096
DEE3B 2004 08 5 0.350675
DEE3B 2005 04 5 0.641856
DEE3B 2005 05 2 0.0378225
DEE3B 2005 06 2 0.357104
DEE3B 2005 07 2 0.00782297
DEE3B 2005 08 2 0.00139944
DEE3B 2005 09 2 0.00114988
DEE3B 2005 10 2 0.171461
DEE3B 2006 05 2 0.0670311
DEE3B 2006 07 5 0.276184
DEE3B 2006 10 2 0.0253386
DEE3B 2006 11 2 0.00147774
DEG02 1997 07 2 0.0193049
DEG02 2000 06 2 0.262889
DEG02 2006 07 2 0.0278487
DEG03 1998 08 2 0.0259536
DEG03 2002 04 3 0.137644
DEG03 2003 08 2 0.284302
DEG03 2003 09 2 0.345821
DEG0I 1998 07 3 0.208975
DEG0I 1998 08 4 0.429302
DEG0I 2000 05 2 0.25466
DEG0I 2000 06 5 0.897915
DEG0I 2000 08 2 0.338475
DEG0I 2001 06 2 0.0114514
DEG0I 2001 08 2 0.629095
DEG0I 2002 06 2 0.00832793
DEG0I 2002 10 2 0.0125632
DEG0I 2003 04 2 0.688342
DEG0I 2003 05 2 1.92607
DEG0I 2003 06 2 0.0319538
DEG0I 2003 07 3 0.261274
DEG0I 2003 08 2 0.233558
DEG0I 2005 05 3 0.233576
DEG0I 2005 06 2 0.035118
DEG0I 2006 05 2 0.573788
DEG0J 1997 04 2 0.0870897
DEG0J 1998 05 2 0.112077
DEG0J 1999 08 2 0.143799
DEG0J 2000 06 2 0.248002
DEG0J 2000 08 2 0.0263689
DEG0J 2003 03 2 0.581575
DEG0J 2003 08 2 0.204875
DEG0J 2004 08 2 0.00832065
DEG0J 2006 07 2 0.39888
DEG0K 1998 08 2 0.0444141
DEG0K 2000 10 2 0.0145351
DEG0K 2001 03 2 0.00945389
DEG0K 2002 07 2 0.023484
DEG0K 2003 04 2 0.0349708
DEG0K 2003 06 2 0.0252892
DEG0K 2003 08 2 0.0977774
DEG0L 1997 06 3 0.508748
DEG0L 1997 10 2 0.00556796
DEG0L 1998 08 2 0.0533255
DEG0L 1999 09 3 0.0842562
DEG0L 1999 11 2 0.00649952
DEG0L 2000 05 3 0.157662
DEG0L 2000 06 3 0.0180632
DEG0L 2002 04 2 0.0763386
DEG0L 2002 07 2 0.0141642
DEG0L 2003 04 2 0.20193
DEG0L 2003 05 3 0.634637
DEG0L 2003 06 3 0.0323144
DEG0L 2003 08 4 0.0611659
DEG0L 2005 06 3 0.044522
DEG0L 2005 11 2 0.0113479
DEG0L 2006 06 2 0.0708545
DEG0L 2006 07 3 0.0263306
DEG0M 1999 07 2 0.0289923
DEG0M 2000 05 2 2.50671
DEG0M 2002 04 2 0.0426224
DEG0M 2004 04 3 1.05993
ES111 1985 02 2 0.220878
ES111 1985 03 2 39.4036
ES111 1985 04 2 295.202
ES111 1985 05 2 53.9937
ES111 1985 06 2 65.6988
ES111 1985 07 2 788.393
ES111 1985 08 2 28.4885
ES111 1985 09 481 6580.11
ES111 1985 10 481 442.884
ES111 1985 11 2 2.58947
ES111 1986 01 2 3.47811
ES111 1986 04 4 15.3889
ES111 1986 05 4 129.023
ES111 1986 06 4 538
ES111 1986 07 150 2394.54
ES111 1986 08 88 748.029
ES111 1986 09 88 305.401
ES111 1986 10 88 10.1685
ES111 1987 01 88 23.9968
ES111 1987 03 88 297.558
ES111 1987 04 88 29.7041
ES111 1987 05 88 1125.78
ES111 1987 06 88 71.6562
ES111 1987 07 115 1535.56
ES111 1987 08 379 4933.92
ES111 1987 09 358 5726.61
ES111 1987 12 2 6.83842
ES111 1988 02 2 83.6805
ES111 1988 03 2 380.351
ES111 1988 06 2 48.9936
ES111 1988 07 2 20.5767
ES111 1988 08 115 797.444
ES111 1988 09 415 5397.1
ES111 1988 10 106 774.086
ES111 1988 11 106 69.7087
ES111 1988 12 106 40.3529
ES111 1989 01 5 36.862
ES111 1989 02 127 3585.69
ES111 1989 03 3 179.956
ES111 1989 04 5 18.7113
ES111 1989 05 5 424.081
ES111 1989 06 5 153.344
ES111 1989 07 429 16136.6
ES111 1989 08 392 14241.4
ES111 1989 09 481 18325.7
ES111 1989 10 218 11427.4
ES111 1989 11 218 171.369
ES111 1990 03 218 417.142
ES111 1990 04 3 631.521
ES111 1990 05 3 204.18
ES111 1990 06 3 76.0841
ES111 1990 07 115 622.622
ES111 1990 08 384 3900.49
ES111 1990 09 140 1179.31
ES111 1991 05 123 1048.84
ES111 1991 06 123 65.3699
ES111 1991 07 98 109.465
ES111 1991 08 152 121.034
ES111 1991 09 152 27.0193
ES111 1991 10 152 8.14546
ES111 1991 11 2 0.143753
ES111 1991 12 5 2.66221
ES111 1992 01 97 165.494
ES111 1992 02 263 203.15
ES111 1992 03 158 162.369
ES111 1992 04 105 194.114
ES111 1992 05 160 324.065
ES111 1992 06 160 24.4931
ES111 1992 07 127 92.0011
ES111 1992 08 187 86.5022
ES111 1992 09 187 22.6921
ES111 1992 10 187 4.16884
ES111 1992 12 187 7.7601
ES111 1993 01 187 39.7387
ES111 1993 02 400 239.457
ES111 1993 03 193 245.466
ES111 1993 04 193 6.76934
ES111 1993 05 193 9.43342
ES111 1993 06 193 3.38496
ES111 1993 07 193 66.5379
ES111 1993 08 550 1466.02
ES111 1993 09 157 103.139
ES111 1993 10 157 5.79773
ES111 1993 11 157 1.10608
ES111 1994 01 3 0.432704
ES111 1994 02 3 1.10211
ES111 1994 03 115 31.3082
ES111 1994 04 90 66.4206
ES111 1994 05 90 49.3737
ES111 1994 06 123 151.437
ES111 1994 07 143 174.88
ES111 1994 08 208 71.9588
ES111 1994 09 208 26.4181
ES111 1994 10 208 6.10104
ES111 1994 11 208 9.08317
ES111 1994 12 208 12.7419
ES111 1995 01 208 2.17366
ES111 1995 02 208 1.62938
ES111 1995 03 295 280.888
ES111 1995 04 1017 6011.71
ES111 1995 05 89 72.9163
ES111 1995 06 405 277.606
ES111 1995 07 151 111.369
ES111 1995 08 1134 5844.6
ES111 1995 09 395 621.494
ES111 1995 10 395 24.3449
ES111 1995 11 395 2.92901
ES111 1995 12 395 5.35243
ES111 1996 01 3 2.87407
ES111 1996 02 3 13.9304
ES111 1996 03 3 225.153
ES111 1996 04 88 71.7187
ES111 1996 05 88 17.5199
ES111 1996 06 186 435.766
ES111 1996 07 244 157.327
ES111 1996 08 208 166.031
ES111 1996 09 672 814.336
ES111 1996 10 672 22.8932
ES111 1996 11 672 0.81683
ES111 1996 12 672 1.8876
ES111 1997 01 672 1.21986
ES111 1997 02 4 0.403806
ES111 1997 03 879 2632.41
ES111 1997 04 775 2702.09
ES111 1997 05 93 111.764
ES111 1997 06 93 1.39945
ES111 1997 07 251 101.416
ES111 1997 08 196 52.7044
ES111 1997 09 596 284.513
ES111 1997 10 345 231.004
ES111 1997 11 345 1.15143
ES111 1998 01 345 1.70045
ES111 1998 02 166 53.8467
ES111 1998 03 388 661.615
ES111 1998 05 84 72.8729
ES111 1998 06 90 36.7372
ES111 1998 07 157 120.699
ES111 1998 08 1202 2583.46
ES111 1998 09 117 44.8136
ES111 1998 10 5 0.368221
ES111 1998 11 2 0.151296
ES111 1998 12 2 8.99171
ES111 1999 01 2 46.0426
ES111 1999 02 89 10.0483
ES111 1999 03 175 118.525
ES111 1999 04 175 35.2813
ES111 1999 05 175 10.6522
ES111 1999 06 131 57.3727
ES111 1999 07 372 198.459
ES111 1999 08 353 199.735
ES111 1999 09 256 112.036
ES111 1999 10 256 6.06661
ES111 1999 11 256 6.41213
ES111 1999 12 5 0.363202
ES111 2000 01 5 16.0432
ES111 2000 02 5 1.97984
ES111 2000 03 605 3113.02
ES111 2000 04 605 17.3281
ES111 2000 05 605 88.2273
ES111 2000 06 257 385.171
ES111 2000 07 104 107.745
ES111 2000 08 374 222.565
ES111 2000 09 363 114.931
ES111 2000 10 363 2.04508
ES111 2000 12 2 0.0087864
ES111 2001 02 98 17.1226
ES111 2001 04 133 162.109
ES111 2001 05 142 85.3981
ES111 2001 06 331 348.014
ES111 2001 07 178 208.253
ES111 2001 08 214 254.03
ES111 2001 09 767 2232.21
ES111 2001 10 767 1.66776
ES111 2001 11 123 151.841
ES111 2001 12 142 65.3755
ES111 2002 01 142 1.5856
ES111 2002 02 142 12.0111
ES111 2002 03 288 611.573
ES111 2002 04 200 450.082
ES111 2002 05 200 18.2165
ES111 2002 06 132 286.842
ES111 2002 07 214 181.911
ES111 2002 08 593 959.548
ES111 2002 09 343 815.157
ES111 2002 10 343 29.4666
ES111 2002 12 3 0.477187
ES111 2003 01 5 6.37498
ES111 2003 02 5 14.5844
ES111 2003 03 170 291.945
ES111 2003 04 216 408.273
ES111 2003 05 138 192.334
ES111 2003 06 174 269.458
ES111 2003 07 113 102.887
ES111 2003 08 409 467.385
ES111 2003 09 297 288.944
ES111 2003 10 297 6.75995
ES111 2003 11 297 3.8947
ES111 2003 12 3 0.08527
ES111 2004 01 4 0.815509
ES111 2004 02 353 344.961
ES111 2004 03 151 368.416
ES111 2004 04 295 1304.26
ES111 2004 05 190 399.138
ES111 2004 06 530 5708.28
ES111 2004 07 369 732.507
ES111 2004 08 208 222.807
ES111 2004 09 225 591.997
ES111 2004 10 225 72.4458
ES111 2004 11 225 46.3749
ES111 2004 12 225 16.8249
ES111 2005 01 225 214.275
ES111 2005 02 100 175.462
ES111 2005 03 285 1338.07
ES111 2005 04 97 81.3319
ES111 2005 05 97 57.7769
ES111 2005 06 196 114.6
ES111 2005 07 383 680.545
ES111 2005 08 677 6397.63
ES111 2005 09 140 81.0765
ES111 2005 10 129 489.882
ES111 2005 11 129 0.416291
ES111 2005 12 129 15.0464
ES111 2006 01 129 54.119
ES111 2006 02 109 124.846
ES111 2006 03 109 12.4427
ES111 2006 04 109 58.6146
ES111 2006 05 121 462.031
ES111 2006 06 196 351.075
ES111 2006 07 613 3591.56
ES111 2006 08 652 25186.8
ES111 2006 09 137 417.147
ES111 2006 10 2 1.17662
ES111 2006 11 2 5.7392
ES111 2006 12 2 23.148
ES112 1985 02 2 104.583
ES112 1985 03 2 248.932
ES112 1985 04 2 2385.05
ES112 1985 05 2 148.909
ES112 1985 06 2 224.73
ES112 1985 07 2 253.56
ES112 1985 08 192 7131.67
ES112 1985 09 516 33862
ES112 1985 10 167 6902.08
ES112 1985 11 167 119.378
ES112 1985 12 167 4787.87
ES112 1986 03 3 42.4035
ES112 1986 04 3 97.9656
ES112 1986 05 3 278.335
ES112 1986 06 3 1022.46
ES112 1986 07 3 1438.3
ES112 1986 08 105 2655.07
ES112 1986 09 105 923.13
ES112 1986 11 2 2.7727
ES112 1986 12 2 147.561
ES112 1987 01 2 2.47204
ES112 1987 02 3 10.6424
ES112 1987 03 3 633.468
ES112 1987 04 3 62.3828
ES112 1987 05 3 250.009
ES112 1987 06 3 182.254
ES112 1987 07 3 54.4984
ES112 1987 08 93 1499.32
ES112 1987 09 216 7513.92
ES112 1988 02 216 40.9515
ES112 1988 03 216 493.456
ES112 1988 06 3 3.38348
ES112 1988 07 3 29.5641
ES112 1988 08 3 433.062
ES112 1988 09 295 6738.4
ES112 1988 10 100 1413.95
ES112 1988 11 100 1411.18
ES112 1988 12 100 39.1519
ES112 1989 01 100 1041.18
ES112 1989 02 235 6500.1
ES112 1989 03 235 448.595
ES112 1989 04 235 67.6532
ES112 1989 05 235 690.623
ES112 1989 06 235 86.395
ES112 1989 07 94 5422.78
ES112 1989 08 223 6633.03
ES112 1989 09 358 25551.3
ES112 1989 10 132 6264.35
ES112 1989 11 2 32.8182
ES112 1989 12 3 53.8281
ES112 1990 01 3 5.12675
ES112 1990 02 3 110.84
ES112 1990 03 90 2294.42
ES112 1990 04 90 183.658
ES112 1990 05 90 143.396
ES112 1990 06 90 43.5784
ES112 1990 07 90 1177.21
ES112 1990 08 121 6276.58
ES112 1991 01 121 28.5202
ES112 1991 02 121 38.5488
ES112 1991 03 121 98.5871
ES112 1991 04 121 201.737
ES112 1991 05 99 730.819
ES112 1991 06 99 78.9705
ES112 1991 07 131 222.235
ES112 1991 08 269 1853.64
ES112 1991 09 114 174.713
ES112 1991 10 114 9.68088
ES112 1991 11 5 7.60016
ES112 1991 12 88 194.687
ES112 1992 01 209 948.573
ES112 1992 02 498 1948.57
ES112 1992 03 433 391.291
ES112 1992 04 433 251.418
ES112 1992 05 115 227.994
ES112 1992 06 115 7.72941
ES112 1992 07 115 69.9707
ES112 1992 08 115 58.6782
ES112 1992 09 115 15.1333
ES112 1992 10 2 0.118315
ES112 1992 11 3 1.4925
ES112 1992 12 5 2.23771
ES112 1993 01 5 178.197
ES112 1993 02 208 261.588
ES112 1993 03 126 202.038
ES112 1993 04 126 25.1957
ES112 1993 05 126 2.86186
ES112 1993 06 126 4.68193
ES112 1993 07 126 16.1309
ES112 1993 08 106 94.9902
ES112 1993 09 106 85.3141
ES112 1993 10 5 6.07915
ES112 1993 11 5 1.59922
ES112 1994 01 4 1.60928
ES112 1994 02 4 10.8909
ES112 1994 03 102 230.004
ES112 1994 04 102 58.7036
ES112 1994 05 102 24.5447
ES112 1994 06 102 29.7758
ES112 1994 07 102 183.434
ES112 1994 08 278 908.46
ES112 1994 09 126 305.395
ES112 1994 10 126 15.487
ES112 1994 11 126 28.8825
ES112 1994 12 126 121.871
ES112 1995 01 126 61.3521
ES112 1995 02 126 27.6993
ES112 1995 03 217 1092.96
ES112 1995 04 445 2713.1
ES112 1995 05 445 60.9359
ES112 1995 06 120 167.446
ES112 1995 07 120 34.9386
ES112 1995 08 520 4009.66
ES112 1995 09 200 534.423
ES112 1995 10 107 581.027
ES112 1995 11 107 5.33034
ES112 1995 12 5 11.2586
ES112 1996 02 5 42.5302
ES112 1996 03 95 695.033
ES112 1996 04 95 72.603
ES112 1996 05 95 157.939
ES112 1996 06 85 222.559
ES112 1996 07 120 436.19
ES112 1996 08 153 341.623
ES112 1996 09 243 322.748
ES112 1996 10 243 72.2347
ES112 1996 11 2 0.0690429
ES112 1996 12 2 0.218363
ES112 1997 01 3 0.69531
ES112 1997 02 3 59.3999
ES112 1997 03 763 4882.15
ES112 1997 04 289 581.102
ES112 1997 05 289 31.2167
ES112 1997 06 289 6.898
ES112 1997 07 289 21.5355
ES112 1997 08 289 85.3876
ES112 1997 09 132 204.486
ES112 1997 10 87 480.838
ES112 1997 11 2 0.389673
ES112 1997 12 2 0.320994
ES112 1998 01 2 43.7248
ES112 1998 02 146 739.303
ES112 1998 03 230 1350.65
ES112 1998 05 230 48.4181
ES112 1998 06 230 33.3669
ES112 1998 07 105 295.187
ES112 1998 08 635 2656.45
ES112 1998 09 244 1235.54
ES112 1998 10 244 13.6959
ES112 1998 11 3 0.129297
ES112 1998 12 3 16.5906
ES112 1999 01 3 433.599
ES112 1999 02 3 94.3656
ES112 1999 03 103 310.472
ES112 1999 04 103 302.568
ES112 1999 05 103 34.1582
ES112 1999 06 103 36.473
ES112 1999 07 162 111.375
ES112 1999 08 293 404.102
ES112 1999 09 137 330.45
ES112 1999 10 137 5.49497
ES112 1999 11 137 15.8773
ES112 1999 12 137 6.18076
ES112 2000 01 137 117.792
ES112 2000 02 137 50.0193
ES112 2000 03 341 1633.39
ES112 2000 04 341 20.145
ES112 2000 05 341 33.4697
ES112 2000 06 108 380.971
ES112 2000 07 96 794.474
ES112 2000 08 369 1066.34
ES112 2000 09 535 2182.44
ES112 2000 10 535 3.5782
ES112 2000 12 5 9.27087
ES112 2001 02 5 29.5929
ES112 2001 03 3 2.43211
ES112 2001 04 3 64.8905
ES112 2001 05 3 89.0651
ES112 2001 06 100 148.683
ES112 2001 07 81 50.4618
ES112 2001 08 117 215.577
ES112 2001 09 208 270.389
ES112 2001 10 208 72.7773
ES112 2001 11 208 139.489
ES112 2001 12 107 544.621
ES112 2002 01 107 54.6732
ES112 2002 02 107 240.963
ES112 2002 03 112 350.393
ES112 2002 04 105 315.283
ES112 2002 05 105 43.1135
ES112 2002 06 105 80.4538
ES112 2002 07 120 155.438
ES112 2002 08 334 1672.42
ES112 2002 09 184 471.15
ES112 2002 10 184 41.297
ES112 2003 01 3 1.09047
ES112 2003 02 3 10.8525
ES112 2003 03 102 714.359
ES112 2003 04 102 326.612
ES112 2003 05 102 92.1555
ES112 2003 06 106 1614.47
ES112 2003 07 106 29.6232
ES112 2003 08 510 3990.79
ES112 2003 09 382 2167.55
ES112 2003 10 382 12.8227
ES112 2003 12 4 1.07954
ES112 2004 01 2 1.12074
ES112 2004 02 133 827.848
ES112 2004 03 133 205.732
ES112 2004 04 104 611.332
ES112 2004 05 104 310.771
ES112 2004 06 81 271.755
ES112 2004 07 173 3151.68
ES112 2004 08 136 1188.25
ES112 2004 09 136 55.4723
ES112 2004 10 136 62.116
ES112 2004 11 136 11.1368
ES112 2004 12 2 0.207307
ES112 2005 01 2 22.9575
ES112 2005 02 2 76.6872
ES112 2005 03 121 798.318
ES112 2005 04 121 45.0445
ES112 2005 05 121 36.0129
ES112 2005 06 121 173.421
ES112 2005 07 192 226.538
ES112 2005 08 226 1115.62
ES112 2005 09 129 167.632
ES112 2005 10 129 308.015
ES112 2005 11 2 2.30362
ES112 2005 12 2 595.51
ES112 2006 01 2 11.2735
ES112 2006 02 2 145.423
ES112 2006 03 2 132.22
ES112 2006 04 2 88.6169
ES112 2006 05 2 62.5127
ES112 2006 06 2 100.418
ES112 2006 07 169 339.939
ES112 2006 08 219 2650.95
ES112 2006 09 116 337.34
ES112 2006 11 116 5.4617
ES113 1985 01 5 7.47697
ES113 1985 02 5 234.532
ES113 1985 03 5 473.73
ES113 1985 04 5 187.925
ES113 1985 05 5 130.275
ES113 1985 06 5 121.768
ES113 1985 07 5 851.741
ES113 1985 08 264 12089.3
ES113 1985 09 277 9645.81
ES113 1985 10 93 1417.54
ES113 1985 11 4 17.6288
ES113 1986 03 4 38.9946
ES113 1986 04 4 88.9345
ES113 1986 05 4 397.471
ES113 1986 06 4 1033.08
ES113 1986 07 114 2461.26
ES113 1986 08 181 9812.6
ES113 1986 09 88 2313.03
ES113 1986 10 88 64.3667
ES113 1986 11 2 0.814378
ES113 1987 01 4 1.39119
ES113 1987 03 4 565.075
ES113 1987 04 4 240.788
ES113 1987 05 4 188.21
ES113 1987 06 4 156.649
ES113 1987 07 4 502.31
ES113 1987 08 204 7595.46
ES113 1987 09 221 10791
ES113 1988 01 221 32.3993
ES113 1988 02 221 111.879
ES113 1988 03 221 339.367
ES113 1988 04 2 3.04315
ES113 1988 05 3 1.00179
ES113 1988 07 3 2.90266
ES113 1988 08 3 402.731
ES113 1988 09 398 10674.8
ES113 1988 10 120 1799.56
ES113 1988 11 120 1292.79
ES113 1988 12 5 25.7179
ES113 1989 01 5 253.9
ES113 1989 02 153 3456.2
ES113 1989 03 153 598.062
ES113 1989 04 4 3.11128
ES113 1989 05 4 349.571
ES113 1989 06 4 25.1404
ES113 1989 07 225 5176.29
ES113 1989 08 281 9689.18
ES113 1989 09 334 16841.8
ES113 1989 10 192 10403.5
ES113 1990 02 5 15.0288
ES113 1990 03 5 3929.64
ES113 1990 04 5 227.348
ES113 1990 05 5 78.3378
ES113 1990 06 5 210.142
ES113 1990 07 85 1270.42
ES113 1990 08 422 19779.4
ES113 1990 09 268 3240.36
ES113 1990 10 268 587.541
ES113 1990 11 3 5.65588
ES113 1990 12 3 259.428
ES113 1991 03 3 69.8521
ES113 1991 04 85 750.769
ES113 1991 05 198 1193.28
ES113 1991 06 100 719.197
ES113 1991 07 215 889.447
ES113 1991 08 421 2714.15
ES113 1991 09 278 747.169
ES113 1991 10 278 72.7072
ES113 1991 11 278 11.1207
ES113 1991 12 278 341.604
ES113 1992 01 85 278.198
ES113 1992 02 376 1460.73
ES113 1992 03 386 1547.66
ES113 1992 04 118 227.657
ES113 1992 05 143 964.806
ES113 1992 06 143 13.0267
ES113 1992 07 129 158.622
ES113 1992 08 178 288.225
ES113 1992 09 137 112.106
ES113 1992 10 137 4.80227
ES113 1992 11 4 3.79325
ES113 1993 01 4 56.2347
ES113 1993 02 322 737.207
ES113 1993 03 250 189.352
ES113 1993 04 250 68.323
ES113 1993 05 250 8.62736
ES113 1993 06 250 9.55624
ES113 1993 07 250 35.9048
ES113 1993 08 304 1157.8
ES113 1993 09 195 228.878
ES113 1993 10 195 22.0098
ES113 1993 11 195 14.1388
ES113 1993 12 3 0.591925
ES113 1994 01 3 16.2173
ES113 1994 02 4 13.3601
ES113 1994 03 345 1568.74
ES113 1994 04 200 712.033
ES113 1994 05 200 233.22
ES113 1994 06 200 55.4354
ES113 1994 07 158 618.206
ES113 1994 08 750 5720.34
ES113 1994 09 432 1626.81
ES113 1994 10 148 355.956
ES113 1994 11 154 509.516
ES113 1994 12 154 167.216
ES113 1995 01 154 749.046
ES113 1995 02 154 147.608
ES113 1995 03 464 2645.38
ES113 1995 04 515 5240.54
ES113 1995 05 515 35.7846
ES113 1995 06 103 204.41
ES113 1995 07 83 113.632
ES113 1995 08 596 5565.09
ES113 1995 09 324 3795.04
ES113 1995 10 162 274.965
ES113 1995 11 162 36.8891
ES113 1995 12 162 10.6345
ES113 1996 02 162 41.7432
ES113 1996 03 106 1190.67
ES113 1996 04 100 361.896
ES113 1996 05 100 78.1725
ES113 1996 06 100 117.422
ES113 1996 07 327 852.263
ES113 1996 08 584 3019.96
ES113 1996 09 997 12517.8
ES113 1996 10 221 819.754
ES113 1996 11 221 114.469
ES113 1996 12 221 37.1715
ES113 1997 01 5 84.2991
ES113 1997 02 98 264.115
ES113 1997 03 1426 10555.7
ES113 1997 04 344 1781.91
ES113 1997 05 344 52.4
ES113 1997 06 344 7.13072
ES113 1997 07 344 18.9126
ES113 1997 08 200 159.856
ES113 1997 09 482 571.289
ES113 1997 10 325 1416.19
ES113 1997 11 325 29.2169
ES113 1997 12 325 1.30288
ES113 1998 01 3 22.6922
ES113 1998 02 358 751.052
ES113 1998 03 726 2357.84
ES113 1998 04 4 20.0614
ES113 1998 05 4 25.1971
ES113 1998 06 4 34.8236
ES113 1998 07 261 190.893
ES113 1998 08 1543 11000.7
ES113 1998 09 471 1502.88
ES113 1998 10 471 135.723
ES113 1998 11 471 17.3886
ES113 1998 12 471 85.7632
ES113 1999 01 471 608.922
ES113 1999 02 400 928.365
ES113 1999 03 438 1471.2
ES113 1999 04 201 854.352
ES113 1999 05 201 23.5236
ES113 1999 06 201 204.177
ES113 1999 07 335 1841.61
ES113 1999 08 528 956.454
ES113 1999 09 391 283.325
ES113 1999 10 391 17.4483
ES113 1999 11 391 110.205
ES113 1999 12 391 45.3311
ES113 2000 01 157 152.098
ES113 2000 02 230 332.003
ES113 2000 03 1060 3085.34
ES113 2000 04 1060 59.8128
ES113 2000 05 1060 18.0573
ES113 2000 06 102 230.714
ES113 2000 07 156 530.378
ES113 2000 08 1108 14244.9
ES113 2000 09 1375 21173
ES113 2000 10 1375 100.572
ES113 2001 02 132 145.038
ES113 2001 04 93 89.395
ES113 2001 05 93 123.163
ES113 2001 06 114 488.464
ES113 2001 07 153 499.969
ES113 2001 08 416 846.608
ES113 2001 09 897 1545.56
ES113 2001 10 897 131.117
ES113 2001 11 248 591.637
ES113 2001 12 761 6404.73
ES113 2002 01 761 256.42
ES113 2002 02 345 748.323
ES113 2002 03 585 1531.53
ES113 2002 04 446 2369.09
ES113 2002 05 446 81.4896
ES113 2002 06 446 102.898
ES113 2002 07 319 481.363
ES113 2002 08 869 6125.39
ES113 2002 09 417 3113.75
ES113 2002 10 417 18.9419
ES113 2003 01 417 6.94514
ES113 2003 02 417 9.15937
ES113 2003 03 277 1393.84
ES113 2003 04 119 444.219
ES113 2003 05 98 134.409
ES113 2003 06 117 275.448
ES113 2003 07 127 73.0833
ES113 2003 08 710 4482.45
ES113 2003 09 666 1465.48
ES113 2003 10 666 66.6941
ES113 2003 11 3 0.424438
ES113 2003 12 3 7.56654
ES113 2004 01 3 6.83379
ES113 2004 02 416 1269.87
ES113 2004 03 387 1537.34
ES113 2004 04 485 939.725
ES113 2004 05 121 113.151
ES113 2004 06 138 492.413
ES113 2004 07 484 6503.46
ES113 2004 08 286 3301.15
ES113 2004 09 178 219.863
ES113 2004 10 114 379.448
ES113 2004 11 114 81.7602
ES113 2004 12 114 26.3344
ES113 2005 01 185 332.688
ES113 2005 02 609 1393.92
ES113 2005 03 716 1696.63
ES113 2005 04 86 223.331
ES113 2005 05 86 33.8098
ES113 2005 06 116 268.49
ES113 2005 07 325 701.212
ES113 2005 08 756 14020.8
ES113 2005 09 370 2809.92
ES113 2005 10 221 1740.03
ES113 2005 11 221 4.52715
ES113 2005 12 221 142.497
ES113 2006 01 221 11.6132
ES113 2006 02 278 348.999
ES113 2006 03 278 42.905
ES113 2006 04 278 193.385
ES113 2006 05 278 105.556
ES113 2006 06 278 188.518
ES113 2006 07 190 220.379
ES113 2006 08 397 6430.16
ES113 2006 09 181 618.651
ES113 2006 10 181 2.88029
ES113 2006 11 181 5.5654
ES113 2006 12 181 19.7126
ES114 1985 01 181 119.617
ES114 1985 02 181 240.112
ES114 1985 03 181 474.766
ES114 1985 04 181 204.587
ES114 1985 05 181 87.349
ES114 1985 06 181 69.7145
ES114 1985 07 150 1208.65
ES114 1985 08 289 1212.5
ES114 1985 09 712 22081.4
ES114 1985 10 86 790.069
ES114 1985 11 86 77.1088
ES114 1985 12 86 43.4402
ES114 1986 03 86 16.6377
ES114 1986 04 86 246.131
ES114 1986 05 86 125.285
ES114 1986 06 82 1297.69
ES114 1986 07 302 4867.21
ES114 1986 08 168 1198.79
ES114 1986 09 168 440.335
ES114 1986 10 168 37.5609
ES114 1986 11 3 4.69028
ES114 1986 12 3 135.486
ES114 1987 01 3 524.452
ES114 1987 02 4 11.5589
ES114 1987 03 4 267.847
ES114 1987 04 4 90.4174
ES114 1987 05 4 594.191
ES114 1987 06 4 123.321
ES114 1987 07 211 1266.67
ES114 1987 08 543 6966.06
ES114 1987 09 368 7596.06
ES114 1987 11 2 0.148532
ES114 1987 12 2 0.82017
ES114 1988 02 2 245.381
ES114 1988 03 2 311.377
ES114 1988 04 5 10.9733
ES114 1988 05 4 7.1826
ES114 1988 06 4 27.023
ES114 1988 07 4 21.2486
ES114 1988 08 219 1227.36
ES114 1988 09 635 4801.82
ES114 1988 10 158 1484.75
ES114 1988 11 158 1975.68
ES114 1988 12 158 411.072
ES114 1989 01 158 245.32
ES114 1989 02 174 2847.93
ES114 1989 03 174 147.363
ES114 1989 04 5 8.90743
ES114 1989 05 5 455.415
ES114 1989 06 5 109.241
ES114 1989 07 423 7080.16
ES114 1989 08 507 8733.18
ES114 1989 09 707 21680.1
ES114 1989 10 521 6793.34
ES114 1990 01 3 21.566
ES114 1990 02 2 1.3481
ES114 1990 03 162 1357.13
ES114 1990 04 162 61.9688
ES114 1990 05 162 51.5976
ES114 1990 06 162 187.217
ES114 1990 07 112 847.397
ES114 1990 08 585 4385.27
ES114 1990 09 241 842.27
ES114 1991 01 241 43.279
ES114 1991 02 241 9.47844
ES114 1991 03 241 47.7915
ES114 1991 04 103 163.927
ES114 1991 05 212 252.062
ES114 1991 06 212 44.431
ES114 1991 07 148 45.916
ES114 1991 08 243 104.964
ES114 1991 09 243 16.9833
ES114 1991 10 243 5.14594
ES114 1991 11 2 0.134253
ES114 1991 12 2 69.6993
ES114 1992 01 193 165.84
ES114 1992 02 399 393.864
ES114 1992 03 336 800.096
ES114 1992 04 110 72.2818
ES114 1992 05 191 164.685
ES114 1992 06 191 16.8739
ES114 1992 07 185 62.1484
ES114 1992 08 278 104.319
ES114 1992 09 89 14.6934
ES114 1992 10 89 32.4675
ES114 1992 12 89 3.13748
ES114 1993 01 89 7.33093
ES114 1993 02 291 208.647
ES114 1993 03 261 88.963
ES114 1993 04 261 9.66105
ES114 1993 05 261 0.556116
ES114 1993 06 261 11.3175
ES114 1993 07 225 66.7158
ES114 1993 08 592 718.722
ES114 1993 09 141 123.544
ES114 1993 10 141 39.3601
ES114 1993 11 141 19.1596
ES114 1994 01 141 15.3138
ES114 1994 02 141 34.8611
ES114 1994 03 245 259.859
ES114 1994 04 136 163.776
ES114 1994 05 136 62.456
ES114 1994 06 94 49.4434
ES114 1994 07 222 197.019
ES114 1994 08 240 315.072
ES114 1994 09 240 54.9423
ES114 1994 10 240 27.7469
ES114 1994 11 240 112.432
ES114 1994 12 240 105.74
ES114 1995 01 91 101.621
ES114 1995 02 5 0.665887
ES114 1995 03 467 1442.88
ES114 1995 04 730 1344.46
ES114 1995 05 103 60.6097
ES114 1995 06 309 163.427
ES114 1995 07 189 268.3
ES114 1995 08 991 7495.08
ES114 1995 09 303 509.27
ES114 1995 10 139 132.059
ES114 1995 11 139 9.03033
ES114 1995 12 139 53.6217
ES114 1996 02 139 45.3543
ES114 1996 03 162 113.047
ES114 1996 04 145 110.825
ES114 1996 05 145 27.1615
ES114 1996 06 254 342.693
ES114 1996 07 429 357.139
ES114 1996 08 392 200.532
ES114 1996 09 636 627.926
ES114 1996 10 97 215.038
ES114 1996 11 97 2.59722
ES114 1996 12 97 5.70274
ES114 1997 01 97 21.0184
ES114 1997 02 97 16.7555
ES114 1997 03 1244 2264.53
ES114 1997 04 491 757.136
ES114 1997 05 491 74.841
ES114 1997 06 491 1.9088
ES114 1997 07 257 62.4477
ES114 1997 08 443 119.836
ES114 1997 09 754 212.024
ES114 1997 10 376 283.699
ES114 1997 11 376 6.38302
