PL226 1995 08 3 27.0819
PL226 1995 09 3 1.75683
PL226 1995 10 3 3.33112
PL226 1995 11 3 1.23818
PL226 1996 03 2 0.0114872
PL226 1996 04 147 587.56
PL226 1996 05 147 13.0434
PL226 1996 06 147 10.4441
PL226 1996 07 147 0.793468
PL226 1996 08 5 1.01946
PL226 1996 09 2 0.64024
PL226 1996 10 2 0.0119464
PL226 1996 12 4 0.463034
PL226 1997 01 2 0.00523946
PL226 1997 02 3 0.207248
PL226 1997 03 3 83.7997
PL226 1997 04 3 73.7407
PL226 1997 05 3 50.9273
PL226 1997 06 3 4.20814
PL226 1997 08 3 9.79908
PL226 1997 09 3 1.05257
PL226 1997 11 2 0.012176
PL226 1998 01 4 0.0387299
PL226 1998 02 4 30.8881
PL226 1998 03 4 32.4879
PL226 1998 04 4 290.989
PL226 1998 05 4 37.481
PL226 1998 06 4 8.30496
PL226 1998 07 4 5.97477
PL226 1998 08 4 5.88298
PL226 1998 09 4 22.4899
PL226 1998 10 3 0.0430515
PL226 1999 01 3 0.0120749
PL226 1999 03 3 26.2089
PL226 1999 04 84 53.9451
PL226 1999 05 88 79.9544
PL226 1999 06 88 1.02397
PL226 1999 07 88 20.493
PL226 1999 08 88 9.24728
PL226 1999 09 88 36.1063
PL226 1999 10 2 1.09361
PL226 1999 11 4 0.10855
PL226 1999 12 2 0.973257
PL226 2000 01 2 0.00567581
PL226 2000 02 2 1.49726
PL226 2000 03 2 6.51993
PL226 2000 04 108 150.131
PL226 2000 05 144 51.9646
PL226 2000 06 144 13.2237
PL226 2000 07 144 7.42643
PL226 2000 08 144 3.26504
PL226 2000 09 144 2.83025
PL226 2000 10 144 11.987
PL226 2000 11 5 0.61757
PL226 2000 12 4 0.0278538
PL226 2001 01 2 0.0611518
PL226 2001 02 2 3.82556
PL226 2001 03 5 1.21334
PL226 2001 04 5 69.8069
PL226 2001 05 5 23.4599
PL226 2001 06 5 5.34724
PL226 2001 07 4 0.213542
PL226 2001 08 3 0.730667
PL226 2001 09 3 0.456491
PL226 2001 10 2 0.044793
PL226 2001 11 2 0.0129432
PL226 2002 02 2 7.76403
PL226 2002 03 2 62.5274
PL226 2002 04 2 23.1675
PL226 2002 05 2 19.9547
PL226 2002 06 2 2.64819
PL226 2002 07 2 1.53997
PL226 2002 08 2 6.59118
PL226 2002 09 2 7.35907
PL226 2002 10 2 0.052998
PL226 2002 11 4 0.281943
PL226 2002 12 2 0.0515445
PL226 2003 02 3 0.0124333
PL226 2003 03 3 174.562
PL226 2003 04 127 323.612
PL226 2003 05 127 29.6579
PL226 2003 06 127 22.0989
PL226 2003 07 127 2.81829
PL226 2003 08 127 40.1472
PL226 2003 09 127 33.8094
PL226 2003 10 4 0.149888
PL226 2003 11 5 0.0738192
PL226 2003 12 3 0.0854513
PL226 2004 02 2 0.0134558
PL226 2004 03 5 0.468485
PL226 2004 04 5 37.5148
PL226 2004 05 5 42.3927
PL226 2004 06 5 6.14789
PL226 2004 07 5 10.2681
PL226 2004 08 5 8.63596
PL226 2004 09 5 23.8446
PL226 2004 10 5 6.82313
PL226 2004 11 5 1.69127
PL226 2004 12 2 0.0609575
PL226 2005 03 2 8.52999
PL226 2005 04 124 89.3496
PL226 2005 05 124 47.0338
PL226 2005 06 124 27.9623
PL226 2005 07 124 8.00077
PL226 2005 08 124 0.88781
PL226 2005 09 124 12.4893
PL226 2005 10 124 1.01225
PL226 2005 11 124 1.58302
PL226 2006 04 124 10.802
PL226 2006 05 124 6.2531
PL226 2006 06 124 2.47856
PL226 2006 07 98 24.9472
PL226 2006 08 98 0.814423
PL226 2006 09 98 1.55035
PL226 2006 10 98 10.6251
PL226 2006 11 3 0.0598877
PL226 2006 12 4 0.0258523
PL227 1993 04 4 45.1957
PL227 1993 05 4 38.3931
PL227 1993 06 4 0.533208
PL227 1993 07 2 0.054354
PL227 1993 08 2 0.801857
PL227 1993 09 2 0.153445
PL227 1993 10 2 1.34816
PL227 1993 12 2 0.0135659
PL227 1994 02 2 0.0128927
PL227 1994 03 2 1.17709
PL227 1994 04 2 1.5446
PL227 1994 05 2 7.34413
PL227 1994 06 2 8.06505
PL227 1994 07 2 33.3198
PL227 1994 08 2 5.30218
PL227 1994 09 4 0.151769
PL227 1994 10 2 0.0170906
PL227 1994 11 2 0.58252
PL227 1995 02 4 1.0499
PL227 1995 03 5 1.53899
PL227 1995 04 4 0.762939
PL227 1995 05 4 2.51789
PL227 1995 06 2 0.00712997
PL227 1995 07 2 1.53578
PL227 1995 08 2 1.55799
PL227 1995 10 4 0.060792
PL227 1996 04 4 61.5132
PL227 1996 05 4 1.5171
PL227 1996 06 2 0.0369039
PL227 1996 07 2 0.793347
PL227 1996 08 2 0.0107416
PL227 1996 11 2 0.00823228
PL227 1997 03 2 3.23781
PL227 1997 04 2 11.0958
PL227 1997 05 4 0.805325
PL227 1997 08 3 0.0246632
PL227 1997 09 2 0.0134015
PL227 1998 02 3 0.196895
PL227 1998 03 4 3.45594
PL227 1998 04 4 15.527
PL227 1998 05 4 4.85464
PL227 1998 06 4 0.146081
PL227 1998 08 2 0.00647299
PL227 1998 09 3 0.0757044
PL227 1999 01 2 0.0135002
PL227 1999 03 2 8.55336
PL227 1999 04 2 6.54025
PL227 1999 05 2 3.72721
PL227 1999 06 2 0.741829
PL227 1999 07 4 0.109316
PL227 1999 08 2 0.044082
PL227 1999 09 2 3.98534
PL227 1999 12 2 1.43472
PL227 2000 01 3 0.0939415
PL227 2000 03 3 2.72947
PL227 2000 04 3 7.6452
PL227 2000 05 3 9.0591
PL227 2000 06 5 1.73533
PL227 2000 07 2 0.0299609
PL227 2000 08 4 0.202224
PL227 2000 09 3 0.957828
PL227 2000 10 4 0.583336
PL227 2000 11 2 0.0296708
PL227 2001 01 2 3.82125
PL227 2001 03 2 12.9302
PL227 2001 04 2 8.17186
PL227 2001 05 2 3.80086
PL227 2001 07 2 0.770221
PL227 2002 02 2 0.646595
PL227 2002 03 2 11.7101
PL227 2002 04 2 17.4539
PL227 2002 05 2 11.6586
PL227 2002 06 5 0.145735
PL227 2002 07 5 0.723883
PL227 2002 08 5 0.089664
PL227 2002 09 5 0.312532
PL227 2002 11 2 0.0127378
PL227 2003 03 2 68.247
PL227 2003 04 2 24.7242
PL227 2003 05 2 9.19901
PL227 2003 06 2 2.09883
PL227 2003 07 2 0.378644
PL227 2003 08 2 9.5318
PL227 2003 09 2 6.16529
PL227 2004 03 4 1.53443
PL227 2004 04 4 12.5819
PL227 2004 05 4 0.540753
PL227 2004 06 2 0.0432405
PL227 2004 07 3 0.613311
PL227 2004 08 3 0.0185311
PL227 2004 09 4 0.837389
PL227 2004 10 3 0.145404
PL227 2005 03 3 5.2345
PL227 2005 04 3 8.43639
PL227 2005 05 3 2.34029
PL227 2005 06 2 0.0795551
PL227 2005 07 4 0.370567
PL227 2005 08 3 0.389653
PL227 2005 09 3 3.24482
PL227 2005 10 5 0.155768
PL227 2005 11 5 0.0370104
PL227 2006 04 5 1.2823
PL227 2006 05 3 0.7152
PL227 2006 07 3 1.14726
PL227 2006 08 2 0.0127784
PL227 2006 09 5 0.441793
PL227 2006 10 2 0.00556011
PL311 1993 01 2 0.0140603
PL311 1993 03 5 9.01289
PL311 1993 04 5 130.879
PL311 1993 05 5 20.2363
PL311 1993 06 5 17.1578
PL311 1993 07 5 10.3771
PL311 1993 08 5 20.2496
PL311 1993 10 5 8.32922
PL311 1994 03 5 3.7332
PL311 1994 04 5 9.31547
PL311 1994 05 5 2.43241
PL311 1994 06 5 18.2265
PL311 1994 07 5 49.6004
PL311 1994 08 5 24.4262
PL311 1994 09 3 0.580027
PL311 1994 10 2 1.37646
PL311 1995 03 2 1.87417
PL311 1995 04 2 6.56051
PL311 1995 05 2 2.80372
PL311 1995 06 2 2.1559
PL311 1995 07 2 5.04652
PL311 1995 08 2 17.9199
PL311 1996 04 2 249.91
PL311 1996 05 2 4.87475
PL311 1996 06 2 7.40315
PL311 1996 07 2 5.41787
PL311 1996 08 2 1.75846
PL311 1996 09 2 0.0155486
PL311 1996 10 4 0.22482
PL311 1997 03 4 43.4282
PL311 1997 04 4 26.2053
PL311 1997 05 4 116.004
PL311 1997 06 4 17.708
PL311 1997 07 3 0.963665
PL311 1997 08 3 2.95648
PL311 1997 09 5 1.12925
PL311 1998 02 2 0.382548
PL311 1998 03 2 6.96892
PL311 1998 04 2 20.2058
PL311 1998 05 2 3.13849
PL311 1998 06 2 6.32719
PL311 1998 07 2 0.957811
PL311 1998 08 2 2.88022
PL311 1998 09 2 1.47553
PL311 1998 10 3 5.83875
PL311 1999 03 3 38.6121
PL311 1999 04 3 104.035
PL311 1999 05 3 20.2347
PL311 1999 06 3 4.79672
PL311 1999 07 3 2.1835
PL311 1999 08 3 8.7537
PL311 1999 09 3 15.1975
PL311 1999 10 3 0.021932
PL311 1999 11 3 0.120334
PL311 2000 02 2 0.0131945
PL311 2000 03 2 9.442
PL311 2000 04 2 15.5823
PL311 2000 05 2 33.8092
PL311 2000 06 2 28.8626
PL311 2000 07 5 0.846202
PL311 2000 09 3 0.424224
PL311 2000 10 3 7.03091
PL311 2001 03 3 16.9801
PL311 2001 04 3 48.8237
PL311 2001 05 3 12.7518
PL311 2001 06 3 2.49022
PL311 2001 07 3 0.957995
PL311 2001 08 4 4.63945
PL311 2001 10 2 0.00968193
PL311 2002 02 2 0.0255408
PL311 2002 03 4 0.659324
PL311 2002 04 4 12.7783
PL311 2002 05 4 38.1967
PL311 2002 06 4 0.467251
PL311 2002 07 4 6.9293
PL311 2002 08 4 3.7041
PL311 2002 09 4 8.15457
PL311 2002 10 4 4.36305
PL311 2002 11 2 1.25815
PL311 2002 12 2 0.030228
PL311 2003 03 2 160.595
PL311 2003 04 2 25.5015
PL311 2003 05 2 15.5366
PL311 2003 06 2 2.76471
PL311 2003 07 5 3.00284
PL311 2003 08 5 35.9917
PL311 2003 09 5 42.9914
PL311 2003 10 5 0.510142
PL311 2003 11 3 0.149262
PL311 2004 03 5 12.7306
PL311 2004 04 5 24.5896
PL311 2004 05 5 26.0566
PL311 2004 06 5 2.14503
PL311 2004 07 3 0.0474244
PL311 2004 09 5 2.25897
PL311 2004 11 2 0.0165486
PL311 2004 12 2 0.0120349
PL311 2005 03 3 0.0977942
PL311 2005 04 3 25.8458
PL311 2005 05 3 3.43144
PL311 2005 06 3 2.00799
PL311 2005 07 3 10.8023
PL311 2005 08 3 1.69437
PL311 2005 09 3 4.23521
PL311 2005 10 3 4.32103
PL311 2005 11 3 3.51999
PL311 2006 04 3 34.556
PL311 2006 05 3 20.1876
PL311 2006 06 3 14.9611
PL311 2006 07 3 28.7856
PL311 2006 08 2 0.0811669
PL311 2006 09 3 0.043985
PL311 2006 11 2 0.065641
PL312 1993 01 2 1.1637
PL312 1993 03 4 7.07465
PL312 1993 04 4 77.416
PL312 1993 05 4 31.8726
PL312 1993 06 4 8.984
PL312 1993 07 5 1.00034
PL312 1993 08 5 1.82764
PL312 1993 09 2 0.275372
PL312 1993 10 2 12.7247
PL312 1994 03 2 21.2487
PL312 1994 04 2 23.4265
PL312 1994 05 2 5.57696
PL312 1994 06 2 16.1437
PL312 1994 07 2 30.271
PL312 1994 08 2 1.95641
PL312 1995 04 4 2.66664
PL312 1995 05 4 17.9089
PL312 1995 06 2 0.149206
PL312 1995 07 2 6.30888
PL312 1995 08 2 27.5178
PL312 1995 10 3 0.366102
PL312 1995 11 2 0.108269
PL312 1996 04 2 204.379
PL312 1996 05 2 16.4825
PL312 1996 06 2 6.32061
PL312 1996 07 2 0.88655
PL312 1996 08 4 1.94954
PL312 1996 09 2 0.00619473
PL312 1996 10 2 0.413286
PL312 1997 03 2 23.6975
PL312 1997 04 2 7.41918
PL312 1997 05 2 52.53
PL312 1997 06 2 15.9517
PL312 1997 08 2 0.641843
PL312 1997 09 2 0.119453
PL312 1998 02 2 6.17958
PL312 1998 03 3 0.128061
PL312 1998 04 3 3.34754
PL312 1998 05 3 11.8622
PL312 1998 06 3 4.42618
PL312 1998 07 2 0.203625
PL312 1998 08 2 1.08334
PL312 1998 09 2 0.849499
PL312 1998 10 2 0.0793069
PL312 1999 03 2 80.1966
PL312 1999 04 2 18.7932
PL312 1999 05 2 13.8308
PL312 1999 06 4 0.656337
PL312 1999 07 3 0.991134
PL312 1999 08 2 1.05004
PL312 1999 09 2 8.99298
PL312 2000 03 3 0.309763
PL312 2000 04 3 17.5406
PL312 2000 05 3 13.5831
PL312 2000 06 3 4.92907
PL312 2000 07 3 0.149262
PL312 2000 08 3 0.163806
PL312 2000 09 2 0.596305
PL312 2000 10 2 13.1724
PL312 2000 12 2 0.010472
PL312 2001 01 2 0.0979488
PL312 2001 03 2 41.4422
PL312 2001 04 2 55.5496
PL312 2001 05 2 15.3392
PL312 2001 06 3 0.188664
PL312 2001 08 4 0.545849
PL312 2001 10 2 0.00615074
PL312 2002 02 4 1.24351
PL312 2002 03 4 6.41526
PL312 2002 04 4 15.8723
PL312 2002 05 4 12.8493
PL312 2002 06 4 0.472616
PL312 2002 07 4 0.512869
PL312 2002 08 4 4.26598
PL312 2002 09 4 3.24803
PL312 2002 11 3 0.231439
PL312 2003 03 3 46.3652
PL312 2003 04 3 273.661
PL312 2003 05 3 9.80263
PL312 2003 06 3 2.55261
PL312 2003 07 5 0.534974
PL312 2003 08 5 25.6501
PL312 2003 09 5 48.9399
PL312 2003 10 4 2.03762
PL312 2003 12 4 1.56744
PL312 2004 03 3 0.319446
PL312 2004 04 3 31.028
PL312 2004 05 3 2.45345
PL312 2004 06 3 2.64826
PL312 2004 07 4 1.21426
PL312 2004 08 3 0.0466506
PL312 2004 09 3 1.11533
PL312 2005 04 3 56.9188
PL312 2005 05 3 8.53252
PL312 2005 06 3 3.15133
PL312 2005 07 3 2.83208
PL312 2005 09 3 3.08166
PL312 2005 10 5 1.15717
PL312 2005 11 5 20.4071
PL312 2006 04 5 69.5986
PL312 2006 05 5 28.7143
PL312 2006 06 5 4.26379
PL312 2006 07 5 15.843
PL312 2006 08 2 0.0354783
PL312 2006 09 2 0.819876
PL312 2006 10 2 1.90806
PL313 1993 01 4 0.692279
PL313 1993 03 3 0.159984
PL313 1993 04 3 79.4759
PL313 1993 05 3 55.8183
PL313 1993 06 3 17.8829
PL313 1993 07 3 10.0174
PL313 1993 08 3 15.4982
PL313 1993 09 3 5.20216
PL313 1993 10 3 1.25343
PL313 1993 11 2 0.0068432
PL313 1993 12 2 0.66049
PL313 1994 01 2 0.0149499
PL313 1994 02 3 10.3308
PL313 1994 03 5 2.3885
PL313 1994 04 5 11.082
PL313 1994 05 5 15.4872
PL313 1994 06 5 9.94712
PL313 1994 07 116 79.2383
PL313 1994 08 116 8.00961
PL313 1994 09 2 0.032688
PL313 1994 11 2 0.0106825
PL313 1995 02 2 0.0788781
PL313 1995 03 2 0.0290032
PL313 1995 04 2 5.02492
PL313 1995 05 2 3.23222
PL313 1995 06 4 1.88444
PL313 1995 07 4 7.1138
PL313 1995 08 4 44.7003
PL313 1995 09 4 0.420484
PL313 1995 10 2 0.635684
PL313 1995 11 2 0.00552957
PL313 1996 04 110 115.52
PL313 1996 05 110 16.1692
PL313 1996 06 110 6.86278
PL313 1996 07 110 2.33204
PL313 1996 08 110 4.70895
PL313 1996 09 3 0.117751
PL313 1996 12 2 0.0357375
PL313 1997 02 2 3.66357
PL313 1997 03 2 39.3065
PL313 1997 04 2 15.8678
PL313 1997 05 2 35.093
PL313 1997 06 2 14.5348
PL313 1997 07 3 0.0466076
PL313 1997 08 3 2.45292
PL313 1997 09 5 0.390835
PL313 1998 02 3 0.837707
PL313 1998 03 3 1.77334
PL313 1998 04 3 6.20429
PL313 1998 05 3 18.6577
PL313 1998 06 3 4.37948
PL313 1998 07 4 2.14006
PL313 1998 08 4 0.180509
PL313 1998 09 4 2.77
PL313 1999 01 2 0.0618615
PL313 1999 03 2 38.4662
PL313 1999 04 2 36.3261
PL313 1999 05 2 29.8
PL313 1999 06 2 3.20525
PL313 1999 07 2 5.95919
PL313 1999 08 2 4.86563
PL313 1999 09 2 9.46555
PL313 1999 10 2 2.76105
PL313 1999 11 5 0.571355
PL313 1999 12 4 0.164947
PL313 2000 01 2 0.026448
PL313 2000 03 2 11.1617
PL313 2000 04 2 13.3071
PL313 2000 05 117 85.7514
PL313 2000 06 117 16.7594
PL313 2000 07 117 0.655608
PL313 2000 08 117 1.84203
PL313 2000 09 4 0.823731
PL313 2000 10 4 7.40289
PL313 2000 11 2 1.23838
PL313 2001 01 2 0.636346
PL313 2001 02 3 0.0298687
PL313 2001 03 3 1.17395
PL313 2001 04 3 23.7182
PL313 2001 05 3 71.3007
PL313 2001 06 3 1.05631
PL313 2001 07 3 0.673278
PL313 2001 08 3 1.0693
PL313 2001 09 2 0.120918
PL313 2001 10 2 0.0149796
PL313 2001 11 2 0.0144812
PL313 2002 03 2 5.93437
PL313 2002 04 2 36.1587
PL313 2002 05 2 17.5899
PL313 2002 06 2 3.93451
PL313 2002 07 2 14.5396
PL313 2002 08 2 32.0469
PL313 2002 09 2 45.1101
PL313 2003 01 2 0.0130916
PL313 2003 03 2 36.2177
PL313 2003 04 2 59.994
PL313 2003 05 2 33.7724
PL313 2003 06 2 18.6162
PL313 2003 07 2 1.72181
PL313 2003 08 2 17.1323
PL313 2003 09 2 11.397
PL313 2003 11 2 0.0129588
PL313 2004 03 2 1.0204
PL313 2004 04 2 19.3037
PL313 2004 05 2 20.9161
PL313 2004 06 2 14.8655
PL313 2004 07 2 1.99491
PL313 2004 08 2 1.16658
PL313 2004 09 2 1.94332
PL313 2004 10 2 1.39074
PL313 2004 12 2 0.00779507
PL313 2005 03 2 7.58526
PL313 2005 04 90 95.3741
PL313 2005 05 90 18.0121
PL313 2005 06 90 3.93892
PL313 2005 07 90 9.8804
PL313 2005 08 90 1.088
PL313 2005 09 90 10.1481
PL313 2005 10 90 3.12194
PL313 2005 11 90 6.55451
PL313 2006 04 90 72.6944
PL313 2006 05 90 67.1314
PL313 2006 06 90 13.0231
PL313 2006 07 131 32.7777
PL313 2006 08 131 0.750216
PL313 2006 09 131 1.35022
PL313 2006 10 131 5.43267
PL321 1993 01 3 3.96672
PL321 1993 02 2 1.48343
PL321 1993 03 2 16.7163
PL321 1993 04 83 100.322
PL321 1993 05 118 174.614
PL321 1993 06 118 2.74234
PL321 1993 07 5 6.08801
PL321 1993 08 5 10.0916
PL321 1993 09 5 2.17206
PL321 1993 10 5 12.9557
PL321 1994 02 5 38.15
PL321 1994 03 5 6.73069
PL321 1994 04 5 11.8744
PL321 1994 05 5 7.98256
PL321 1994 06 5 47.7872
PL321 1994 07 125 64.6804
PL321 1994 08 125 24.4891
PL321 1994 09 125 5.91685
PL321 1994 10 3 0.0180015
PL321 1994 11 3 0.0121851
PL321 1995 02 3 1.03227
PL321 1995 03 3 2.43795
PL321 1995 04 3 8.74084
PL321 1995 05 3 12.6539
PL321 1995 06 3 5.38255
PL321 1995 07 3 50.5474
PL321 1995 08 88 69.9611
PL321 1995 09 5 1.35067
PL321 1995 10 5 3.58863
PL321 1995 12 2 0.0140429
PL321 1996 04 150 595.332
PL321 1996 05 150 35.3998
PL321 1996 06 150 22.9365
PL321 1996 07 150 2.24545
PL321 1996 08 150 0.184419
PL321 1996 10 3 0.0236168
PL321 1996 11 2 0.0273978
PL321 1997 03 2 40.2307
PL321 1997 04 2 73.6447
PL321 1997 05 2 50.499
PL321 1997 06 2 0.694524
PL321 1997 07 2 0.400913
PL321 1997 08 2 8.54091
PL321 1997 09 2 21.8305
PL321 1997 10 2 0.00530977
PL321 1997 11 2 0.0266148
PL321 1998 01 2 0.00610246
PL321 1998 02 2 48.9092
PL321 1998 03 2 41.1592
PL321 1998 04 2 11.0842
PL321 1998 05 2 20.9324
PL321 1998 06 2 9.39321
PL321 1998 07 4 1.26476
PL321 1998 08 4 3.38696
PL321 1998 09 4 3.05896
PL321 1998 10 3 0.0767368
PL321 1998 11 2 0.0138736
PL321 1999 01 4 0.143603
PL321 1999 03 4 187.847
PL321 1999 04 4 190.533
PL321 1999 05 4 17.539
PL321 1999 06 4 6.28842
PL321 1999 07 4 9.22635
PL321 1999 08 4 3.12185
PL321 1999 09 4 13.7987
PL321 1999 10 5 3.8981
PL321 1999 11 2 0.00624244
PL321 2000 03 2 2.31068
PL321 2000 04 2 45.9944
PL321 2000 05 132 363.829
PL321 2000 06 132 52.392
PL321 2000 07 4 1.82995
PL321 2000 08 4 1.71989
PL321 2000 09 5 2.43299
PL321 2000 10 87 75.4969
PL321 2000 11 3 0.0808979
PL321 2000 12 3 0.113403
PL321 2001 01 2 0.134446
PL321 2001 02 5 1.28733
PL321 2001 03 5 51.141
PL321 2001 04 5 67.8948
PL321 2001 05 5 61.4257
PL321 2001 06 5 3.30144
PL321 2001 07 5 3.2151
PL321 2001 08 5 2.41735
PL321 2001 10 2 0.00812495
PL321 2001 11 2 0.01348
PL321 2002 01 2 0.00897233
PL321 2002 02 4 0.676396
PL321 2002 03 4 70.0993
PL321 2002 04 4 45.0799
PL321 2002 05 4 44.8499
PL321 2002 06 4 1.85012
PL321 2002 07 4 14.9902
PL321 2002 08 4 30.8944
PL321 2002 09 4 19.1768
PL321 2002 10 2 0.00735471
PL321 2002 11 2 0.00918505
PL321 2003 03 2 99.8625
PL321 2003 04 102 494.429
PL321 2003 05 102 48.1017
PL321 2003 06 102 11.3447
PL321 2003 07 102 9.14407
PL321 2003 08 102 72.3878
PL321 2003 09 102 43.4022
PL321 2003 10 4 0.0736078
PL321 2003 11 5 0.429163
PL321 2003 12 2 0.0940555
PL321 2004 02 2 0.0145778
PL321 2004 03 2 6.12897
PL321 2004 04 2 85.0575
PL321 2004 05 2 19.2309
PL321 2004 06 2 28.1483
PL321 2004 07 3 0.0967673
PL321 2004 08 3 1.98888
PL321 2004 09 3 3.27932
PL321 2004 10 3 0.309708
PL321 2005 03 3 7.55588
PL321 2005 04 3 170.252
PL321 2005 05 3 7.1709
PL321 2005 06 3 9.97647
PL321 2005 07 3 26.7849
PL321 2005 08 3 9.95015
PL321 2005 09 3 30.3638
PL321 2005 10 3 11.0796
PL321 2005 11 3 15.9972
PL321 2005 12 3 0.167371
PL321 2006 01 2 0.0141326
PL321 2006 02 2 0.0391629
PL321 2006 03 2 0.0142968
PL321 2006 04 2 40.7476
PL321 2006 05 2 35.589
PL321 2006 06 2 12.1147
PL321 2006 07 140 106.594
PL321 2006 08 140 22.0853
PL321 2006 09 140 28.1001
PL321 2006 10 140 37.5081
PL321 2006 11 5 0.0426112
PL321 2006 12 5 0.123943
PL322 1993 03 3 1.4115
PL322 1993 04 3 53.8369
PL322 1993 05 3 22.7608
PL322 1993 06 2 0.52782
PL322 1993 07 3 0.282393
PL322 1993 08 2 1.19905
PL322 1993 09 2 0.136152
PL322 1993 10 5 2.78151
PL322 1993 11 3 0.122432
PL322 1994 01 4 9.97864
PL322 1994 02 2 0.254704
PL322 1994 03 5 4.22573
PL322 1994 04 5 16.2441
PL322 1994 05 5 8.77114
PL322 1994 06 5 6.65423
PL322 1994 07 5 20.6873
PL322 1994 08 5 7.04796
PL322 1994 09 4 3.98267
PL322 1994 11 3 0.546078
PL322 1995 01 2 0.860378
PL322 1995 02 2 4.3834
PL322 1995 03 3 0.565789
PL322 1995 04 3 4.10563
PL322 1995 05 3 1.66136
PL322 1995 06 2 0.121794
PL322 1995 07 2 0.395646
PL322 1995 08 2 3.11175
PL322 1996 01 2 0.0217864
PL322 1996 04 2 311.114
PL322 1996 05 2 2.77754
PL322 1996 06 2 4.05861
PL322 1996 07 2 0.0109108
PL322 1996 08 4 2.51726
PL322 1996 10 5 1.02753
PL322 1996 11 4 1.16437
PL322 1996 12 2 0.0375004
PL322 1997 03 2 66.8926
PL322 1997 04 2 5.1351
PL322 1997 05 2 10.5915
PL322 1997 06 4 0.514157
PL322 1997 08 4 3.66367
PL322 1997 11 3 0.446214
PL322 1998 01 2 0.0147811
PL322 1998 02 2 22.666
PL322 1998 03 3 2.79817
PL322 1998 04 5 3.02872
PL322 1998 05 5 6.60868
PL322 1998 06 3 0.606554
PL322 1998 07 3 0.026066
PL322 1998 08 4 1.42262
PL322 1998 11 2 0.0367941
PL322 1999 03 2 27.3936
PL322 1999 04 2 35.0551
PL322 1999 05 3 1.42578
PL322 1999 07 2 0.139596
PL322 1999 08 2 0.0983309
PL322 1999 09 3 0.0581866
PL322 2000 03 4 1.6121
PL322 2000 04 4 1.92384
PL322 2000 05 4 8.38766
PL322 2000 06 3 0.665769
PL322 2000 08 2 0.435358
PL322 2000 09 5 1.10436
PL322 2000 10 5 101.978
PL322 2000 11 5 3.53532
PL322 2001 03 5 10.6366
PL322 2001 04 5 70.6531
PL322 2001 05 5 7.82164
PL322 2001 07 2 0.126
PL322 2001 08 2 0.072038
PL322 2001 11 2 0.242995
PL322 2002 02 2 0.01423
PL322 2002 03 2 69.0577
PL322 2002 04 2 9.14463
PL322 2002 05 2 3.58103
PL322 2002 06 2 0.313336
PL322 2002 07 3 0.269472
PL322 2002 08 5 0.69012
PL322 2002 09 3 3.39735
PL322 2002 11 2 6.00534
PL322 2003 03 2 70.4736
PL322 2003 04 2 307.116
PL322 2003 05 2 3.70086
PL322 2003 06 2 6.34832
PL322 2003 07 3 0.212638
PL322 2003 08 3 10.2566
PL322 2003 09 3 2.31497
PL322 2003 10 3 0.241098
PL322 2003 11 4 1.64274
PL322 2003 12 2 0.309952
PL322 2004 03 2 0.013642
PL322 2004 04 2 22.196
PL322 2004 05 3 0.4389
PL322 2004 06 4 1.52913
PL322 2004 07 2 0.0603744
PL322 2004 08 2 0.034578
PL322 2004 09 2 0.384738
PL322 2004 10 2 0.0273588
PL322 2004 12 2 0.00617944
PL322 2005 03 2 1.6585
PL322 2005 04 2 20.2802
PL322 2005 05 5 2.97019
PL322 2005 06 3 0.193331
PL322 2005 07 2 0.0149719
PL322 2005 09 3 0.698097
PL322 2005 10 5 1.71569
PL322 2005 11 5 2.52583
PL322 2005 12 3 0.016495
PL322 2006 01 2 0.0275585
PL322 2006 04 2 28.7719
PL322 2006 05 2 3.42735
PL322 2006 06 5 1.27333
PL322 2006 07 5 6.24533
PL322 2006 08 2 0.821199
PL322 2006 09 5 1.66898
PL322 2006 10 5 4.51355
PL322 2006 12 2 4.04579
PL330 1993 03 2 9.47679
PL330 1993 04 94 199.549
PL330 1993 05 119 114.738
PL330 1993 06 119 16.7467
PL330 1993 07 119 3.90611
PL330 1993 08 119 20.3575
PL330 1993 09 2 3.44751
PL330 1993 10 2 0.0519881
PL330 1994 02 2 0.567024
PL330 1994 03 2 24.3663
PL330 1994 04 2 21.1491
PL330 1994 05 2 36.5799
PL330 1994 06 2 55.1511
PL330 1994 07 267 184.235
PL330 1994 08 105 60.4935
PL330 1994 09 105 0.837982
PL330 1994 10 2 0.762435
PL330 1994 11 2 0.0154031
PL330 1995 02 2 0.00618673
PL330 1995 03 2 5.47153
PL330 1995 04 2 18.448
PL330 1995 05 2 24.1315
PL330 1995 06 2 4.29945
PL330 1995 07 2 37.896
PL330 1995 08 185 105.213
PL330 1995 09 185 2.66062
PL330 1995 10 185 5.76412
PL330 1996 04 285 740.929
PL330 1996 05 285 64.5798
PL330 1996 06 285 42.9951
PL330 1996 07 285 3.31641
PL330 1996 08 285 2.62044
PL330 1996 09 2 0.015569
PL330 1996 10 2 0.0137435
PL330 1996 11 2 0.0335655
PL330 1997 02 2 0.278746
PL330 1997 03 2 98.8607
PL330 1997 04 99 204.373
PL330 1997 05 136 164.792
PL330 1997 06 136 17.2784
PL330 1997 07 5 0.193153
PL330 1997 08 5 26.5309
PL330 1997 09 5 0.751722
PL330 1997 11 2 0.0557448
PL330 1998 02 2 12.0524
PL330 1998 03 2 73.2632
PL330 1998 04 2 94.0537
PL330 1998 05 93 127.903
PL330 1998 06 93 19.886
PL330 1998 07 93 25.7776
PL330 1998 08 93 6.9683
PL330 1998 09 93 6.84266
PL330 1998 10 2 0.00778132
PL330 1998 11 2 0.055144
PL330 1998 12 3 0.265963
PL330 1999 03 3 129.352
PL330 1999 04 100 174.377
PL330 1999 05 88 109.803
PL330 1999 06 88 9.06836
PL330 1999 07 88 10.2215
PL330 1999 08 88 22.1692
PL330 1999 09 109 59.8356
PL330 1999 10 109 6.04626
PL330 1999 11 3 0.25593
PL330 1999 12 2 0.00851748
PL330 2000 02 2 4.97905
PL330 2000 03 2 38.8133
PL330 2000 04 106 156.54
PL330 2000 05 238 199.584
PL330 2000 06 105 49.3881
PL330 2000 07 105 4.49868
PL330 2000 08 105 1.85734
PL330 2000 09 105 1.6701
PL330 2000 10 105 21.7943
PL330 2000 11 5 0.82083
PL330 2000 12 2 0.00689302
PL330 2001 01 2 0.0102571
PL330 2001 02 3 1.13333
PL330 2001 03 3 14.2012
PL330 2001 04 3 45.9082
PL330 2001 05 94 50.4703
PL330 2001 06 94 3.92124
PL330 2001 07 94 2.16866
PL330 2001 08 94 1.45014
PL330 2001 09 2 0.00829643
PL330 2001 10 4 0.183021
PL330 2001 11 3 0.0673402
PL330 2002 01 4 0.516292
PL330 2002 02 4 1.39194
PL330 2002 03 4 180.838
PL330 2002 04 153 374.741
PL330 2002 05 135 69.2958
PL330 2002 06 135 9.43495
PL330 2002 07 135 23.3794
PL330 2002 08 135 12.6426
PL330 2002 09 135 32.9788
PL330 2002 10 2 0.0293626
PL330 2002 11 3 0.0405873
PL330 2003 02 2 0.0124664
PL330 2003 03 133 408.464
PL330 2003 04 231 966.435
PL330 2003 05 111 85.8131
PL330 2003 06 110 59.634
PL330 2003 07 110 14.7832
PL330 2003 08 133 73.6269
PL330 2003 09 133 28.6381
PL330 2003 10 5 0.510685
PL330 2003 11 2 0.00720847
PL330 2003 12 3 0.0164946
PL330 2004 03 3 18.1999
PL330 2004 04 3 81.3419
PL330 2004 05 3 19.1287
PL330 2004 06 3 18.3194
PL330 2004 07 3 9.76647
PL330 2004 08 3 9.32745
PL330 2004 09 3 57.6719
PL330 2004 10 3 1.39949
PL330 2004 11 5 0.104527
PL330 2004 12 2 1.1234
PL330 2005 03 2 80.0935
PL330 2005 04 211 389.281
PL330 2005 05 211 57.3429
PL330 2005 06 211 29.6194
PL330 2005 07 211 44.7669
PL330 2005 08 211 15.9299
PL330 2005 09 95 32.7274
PL330 2005 10 95 51.2725
PL330 2005 11 95 29.8349
PL330 2006 04 95 90.2367
PL330 2006 05 89 186.239
PL330 2006 06 89 29.3367
PL330 2006 07 383 387.389
PL330 2006 08 383 3.95247
PL330 2006 09 383 21.4305
PL330 2006 10 383 4.28219
PL330 2006 12 2 1.82195
PL341 1993 01 2 0.00585011
PL341 1993 02 2 0.0219676
PL341 1993 04 2 140.217
PL341 1993 05 139 176.734
PL341 1993 06 139 210.719
PL341 1993 07 139 1.60934
PL341 1993 08 4 1.56375
PL341 1993 09 2 0.0137781
PL341 1993 11 3 0.780802
PL341 1994 03 3 9.36313
PL341 1994 04 3 4.90579
PL341 1994 05 3 28.2709
PL341 1994 06 3 36.3837
PL341 1994 07 172 429.992
PL341 1994 08 172 19.6571
PL341 1994 09 4 1.02695
PL341 1994 10 4 930.562
PL341 1994 11 4 492.443
PL341 1995 03 5 760.012
PL341 1995 04 5 59.4379
PL341 1995 05 5 55.4986
PL341 1995 06 5 7.0111
PL341 1995 07 5 11.8849
PL341 1995 08 5 37.0276
PL341 1995 09 2 0.0104389
PL341 1995 10 3 0.0158106
PL341 1996 04 3 313.606
PL341 1996 05 3 41.0222
PL341 1996 06 3 19.1538
PL341 1996 07 3 6.63633
PL341 1996 08 3 14.1493
PL341 1996 09 3 11.0977
PL341 1996 10 3 1.52295
PL341 1996 11 4 13.7652
PL341 1997 02 4 1.1428
PL341 1997 03 4 59.6118
PL341 1997 04 4 64.4021
PL341 1997 05 4 61.4409
