ITG18 1994 05 3 7.91208
ITG18 1994 06 3 27.6475
ITG18 1994 07 4 21.5035
ITG18 1994 08 3 96.3906
ITG18 1994 09 2 26.9309
ITG18 1995 05 3 50.8215
ITG18 1995 06 5 313.966
ITG18 1995 07 4 13.5173
ITG18 1995 08 5 26.0386
ITG18 1995 09 2 176.261
ITG18 1995 10 2 3.39185
ITG18 1996 06 3 13.6929
ITG18 1996 07 3 53.4709
ITG18 1996 08 4 47.9155
ITG18 1996 10 3 13.6688
ITG18 1996 11 3 1.01849
ITG18 1997 06 3 490.274
ITG18 1997 07 3 23.3764
ITG18 1998 05 2 1.81071
ITG18 1998 06 2 362.732
ITG18 1998 07 2 689.304
ITG18 1998 08 2 8.85449
ITG18 1998 09 2 15.4896
ITG18 1998 10 2 0.83673
ITG18 1999 05 2 59.2547
ITG18 1999 06 2 771.973
ITG18 1999 08 3 125.83
ITG18 1999 09 2 0.54272
ITG18 1999 10 2 1.15947
ITG18 2000 06 5 17.5765
ITG18 2000 07 5 397.999
ITG18 2000 08 5 226.203
ITG18 2000 09 2 0.29647
ITG18 2000 10 2 0.0890076
ITG18 2001 05 3 3.78266
ITG18 2001 06 3 15.0921
ITG18 2001 07 3 29.3273
ITG18 2001 09 2 0.556504
ITG18 2001 11 3 3.10568
ITG18 2002 03 2 4.65588
ITG18 2002 04 3 9.51565
ITG18 2002 06 2 6.34919
ITG18 2002 07 5 94.145
ITG18 2002 08 3 2.86161
ITG18 2003 05 4 160.848
ITG18 2003 06 4 281.628
ITG18 2003 07 4 196.916
ITG18 2003 08 4 74.9119
ITG18 2004 05 2 5.61016
ITG18 2004 06 2 26.919
ITG18 2004 07 2 688.929
ITG18 2004 08 2 117.907
ITG18 2004 09 2 90.4984
ITG18 2004 10 2 0.221362
ITG18 2005 05 5 10.0815
ITG18 2005 06 5 14.8332
ITG18 2005 07 5 405.44
ITG18 2005 08 5 214.926
ITG18 2005 09 5 38.7293
ITG18 2005 10 3 3.65046
ITG18 2006 03 2 2.80119
ITG18 2006 04 3 2.70262
ITG18 2006 05 3 52.4643
ITG18 2006 06 3 115.563
ITG18 2006 07 3 11.2285
ITG18 2006 08 3 32.1074
ITG18 2006 09 5 5.22244
ITG19 1986 07 3 205.199
ITG19 1986 08 3 72.4112
ITG19 1987 06 2 5.80936
ITG19 1987 07 2 260.385
ITG19 1987 08 4 329.908
ITG19 1988 07 2 39.4083
ITG19 1988 08 4 170.35
ITG19 1988 09 4 196.575
ITG19 1989 07 2 10.9621
ITG19 1989 08 2 39.666
ITG19 1990 07 2 3.38249
ITG19 1991 06 5 35.3626
ITG19 1991 07 2 26.4291
ITG19 1992 06 2 0.565181
ITG19 1993 04 2 8.01072
ITG19 1993 06 2 27.4618
ITG19 1993 07 3 7.72643
ITG19 1993 08 3 434.546
ITG19 1993 10 2 5.92576
ITG19 1994 05 3 3.68174
ITG19 1994 06 5 1332.93
ITG19 1994 09 2 27.9127
ITG19 1995 07 5 177.662
ITG19 1995 08 4 126.765
ITG19 1995 09 4 197.34
ITG19 1996 06 3 5.25528
ITG19 1996 07 5 310.725
ITG19 1996 08 3 163.438
ITG19 1996 09 3 1.67136
ITG19 1997 06 3 62.6483
ITG19 1997 07 3 323.886
ITG19 1997 08 3 26.4652
ITG19 1998 06 3 645.557
ITG19 1998 07 3 4041.78
ITG19 1998 08 3 47.9284
ITG19 1998 09 3 16.9207
ITG19 1998 10 3 45.7502
ITG19 1998 11 2 5.1892
ITG19 1999 02 2 4.64688
ITG19 1999 04 2 11.9449
ITG19 1999 05 3 93.7053
ITG19 1999 06 3 33.3891
ITG19 1999 07 3 24.7234
ITG19 1999 08 3 7.61418
ITG19 1999 10 2 18.7453
ITG19 1999 11 3 21.3685
ITG19 2000 06 3 36.9772
ITG19 2000 07 3 351.301
ITG19 2000 08 4 17.7818
ITG19 2000 09 2 2.032
ITG19 2001 03 2 11.0381
ITG19 2001 05 3 32.3801
ITG19 2001 06 3 21.9139
ITG19 2001 07 3 131.992
ITG19 2001 08 3 44.2496
ITG19 2001 09 3 3.42891
ITG19 2001 10 2 4.61363
ITG19 2002 05 2 7.82062
ITG19 2002 06 3 4.01966
ITG19 2002 07 3 458.224
ITG19 2002 08 4 28.8143
ITG19 2002 09 2 2.85376
ITG19 2003 06 4 49.4319
ITG19 2003 07 4 526.406
ITG19 2003 08 3 10.2359
ITG19 2004 01 2 0.718854
ITG19 2004 05 2 0.43208
ITG19 2004 06 2 102.432
ITG19 2004 07 2 469.332
ITG19 2004 08 2 900.249
ITG19 2004 09 2 99.1801
ITG19 2004 10 2 5.18811
ITG19 2005 03 2 0.670505
ITG19 2005 04 2 1.03501
ITG19 2005 05 5 22.0654
ITG19 2005 06 5 29.1353
ITG19 2005 07 5 317.787
ITG19 2005 08 5 105.294
ITG19 2005 09 3 2.25874
ITG19 2006 03 3 2.58708
ITG19 2006 05 4 98.7983
ITG19 2006 06 3 2.42275
ITG19 2006 07 2 12.1246
ITG19 2006 08 2 106.133
ITG19 2006 09 3 17.1144
ITG19 2006 10 2 0.0281797
ITG19 2006 11 2 1.24163
ITG21 1989 05 2 5.41535
ITG21 1989 06 2 135.292
ITG21 1989 07 2 597.006
ITG21 1989 08 2 12572.8
ITG21 1989 09 2 193.643
ITG21 1995 08 2 1.71711
ITG21 1997 03 3 0.851241
ITG21 1997 04 2 0.697617
ITG21 1997 05 2 22.9514
ITG21 1997 06 2 811.935
ITG21 1997 07 96 108.299
ITG21 1997 08 96 497.709
ITG21 1997 09 96 40.2929
ITG21 1997 10 96 128.384
ITG21 1998 01 2 0.00959051
ITG21 1998 02 2 0.00117939
ITG21 1998 04 2 1.17869
ITG21 1998 06 2 7793.56
ITG21 1998 07 145 1017.27
ITG21 1998 08 96 1035.57
ITG21 1998 09 102 346.746
ITG21 1998 10 102 3.32222
ITG21 1998 11 2 1.05146
ITG21 1999 01 2 0.00685451
ITG21 1999 05 5 2.94027
ITG21 1999 06 5 361.094
ITG21 1999 07 144 3668.89
ITG21 1999 08 134 2004.56
ITG21 1999 09 134 150.253
ITG21 1999 10 134 165.152
ITG21 2000 02 2 13.3546
ITG21 2000 03 2 7.04262
ITG21 2000 04 2 0.180529
ITG21 2000 05 2 16.4419
ITG21 2000 06 2 102.185
ITG21 2000 07 127 1026
ITG21 2000 08 100 242.841
ITG21 2000 09 100 78.3401
ITG21 2000 10 4 1.39092
ITG21 2001 03 2 8.05837
ITG21 2001 05 2 1.66168
ITG21 2001 06 2 437.927
ITG21 2001 07 2 1714.42
ITG21 2001 08 2 910.693
ITG21 2001 09 2 500.387
ITG21 2001 10 2 709.514
ITG21 2001 11 2 27.4281
ITG21 2002 03 3 0.237905
ITG21 2002 04 2 0.0520737
ITG21 2002 05 4 0.285269
ITG21 2002 06 4 368.8
ITG21 2002 07 4 348.545
ITG21 2002 08 4 28.6029
ITG21 2002 10 3 0.7866
ITG21 2003 04 2 0.500149
ITG21 2003 05 2 61.6878
ITG21 2003 06 2 363.817
ITG21 2003 07 2 1262.53
ITG21 2003 08 2 5188.49
ITG21 2003 09 2 3.63449
ITG21 2003 10 4 1.82566
ITG21 2004 03 2 0.0337472
ITG21 2004 05 2 0.0585313
ITG21 2004 06 2 15.2069
ITG21 2004 07 2 813.557
ITG21 2004 08 2 2779.05
ITG21 2004 09 2 94.8146
ITG21 2004 10 2 111.789
ITG21 2005 03 3 0.745968
ITG21 2005 04 2 0.0104862
ITG21 2005 05 2 10.0407
ITG21 2005 06 103 305.994
ITG21 2005 07 218 1861.43
ITG21 2005 08 93 281.632
ITG21 2005 09 93 45.4604
ITG21 2005 10 5 5.05382
ITG21 2006 03 2 2.59139
ITG21 2006 04 3 12.0211
ITG21 2006 05 3 100.948
ITG21 2006 06 3 658.725
ITG21 2006 07 3 620.473
ITG21 2006 08 3 220.833
ITG21 2006 09 3 5.06252
ITG21 2006 10 3 2.18725
ITG22 1987 08 2 45.5624
ITG22 1988 08 2 0.562187
ITG22 1989 06 4 79.0191
ITG22 1989 07 4 316.331
ITG22 1989 08 4 3591.88
ITG22 1989 09 4 1.94872
ITG22 1997 04 3 1.4748
ITG22 1997 05 3 13.9083
ITG22 1997 06 97 1011.47
ITG22 1997 07 208 1749.69
ITG22 1997 08 140 381.076
ITG22 1997 09 140 154.721
ITG22 1997 10 140 317.727
ITG22 1998 02 3 1.5349
ITG22 1998 03 3 0.239847
ITG22 1998 05 3 1.28412
ITG22 1998 06 3 4363.28
ITG22 1998 07 237 12234.7
ITG22 1998 08 243 1995.32
ITG22 1998 09 201 1247.48
ITG22 1998 10 201 914.809
ITG22 1998 11 201 23.3903
ITG22 1999 02 2 8.63568
ITG22 1999 03 3 0.833742
ITG22 1999 05 4 2.78812
ITG22 1999 06 89 1072.25
ITG22 1999 07 144 2199.88
ITG22 1999 08 184 2643.44
ITG22 1999 09 156 1563.98
ITG22 1999 10 89 98.3978
ITG22 2000 02 5 2.20254
ITG22 2000 03 5 2.21643
ITG22 2000 04 2 1.08988
ITG22 2000 05 2 18.9207
ITG22 2000 06 2 136.707
ITG22 2000 07 147 2027.29
ITG22 2000 08 140 396.945
ITG22 2000 09 167 946.496
ITG22 2000 10 167 14.445
ITG22 2001 03 167 12.058
ITG22 2001 04 5 9.48868
ITG22 2001 05 5 4.09636
ITG22 2001 06 5 616.823
ITG22 2001 07 5 1836.57
ITG22 2001 08 5 1510.46
ITG22 2001 09 5 730.931
ITG22 2001 10 5 382.03
ITG22 2001 11 5 51.4037
ITG22 2001 12 2 0.269881
ITG22 2002 01 3 2.39084
ITG22 2002 02 3 10.6586
ITG22 2002 03 3 21.8554
ITG22 2002 04 2 1.25145
ITG22 2002 05 2 6.75334
ITG22 2002 06 2 3892.23
ITG22 2002 07 2 1433.88
ITG22 2002 08 2 440.766
ITG22 2002 09 2 0.583524
ITG22 2002 10 2 8.92564
ITG22 2002 11 5 2.84244
ITG22 2003 03 3 2.77318
ITG22 2003 04 3 0.737212
ITG22 2003 05 3 44.9953
ITG22 2003 06 3 501.011
ITG22 2003 07 3 2662.36
ITG22 2003 08 94 911.083
ITG22 2003 09 94 80.3352
ITG22 2003 10 94 3.62741
ITG22 2004 02 2 0.130645
ITG22 2004 06 2 20.627
ITG22 2004 07 2 771.991
ITG22 2004 08 121 4869.28
ITG22 2004 09 121 215.039
ITG22 2004 10 121 153.829
ITG22 2005 03 5 0.856164
ITG22 2005 04 2 0.176251
ITG22 2005 05 2 3.76942
ITG22 2005 06 88 72.6751
ITG22 2005 07 222 1815.42
ITG22 2005 08 192 816.319
ITG22 2005 09 192 80.0338
ITG22 2005 10 192 35.2042
ITG22 2005 11 192 20.7562
ITG22 2006 04 192 2.48375
ITG22 2006 05 192 38.8516
ITG22 2006 06 192 970.008
ITG22 2006 07 192 88.4947
ITG22 2006 08 98 1160.61
ITG22 2006 09 98 10.8224
ITG22 2006 10 5 11.5561
ITG23 1989 06 2 0.825045
ITG23 1989 07 5 6.89515
ITG23 1989 08 5 217.521
ITG23 1989 09 3 6.5983
ITG23 1997 04 2 0.827621
ITG23 1997 05 2 34.9955
ITG23 1997 06 2 72.5032
ITG23 1997 07 115 265.994
ITG23 1997 08 115 294.149
ITG23 1997 09 115 33.5244
ITG23 1997 10 115 28.9357
ITG23 1998 06 115 208.364
ITG23 1998 07 107 1977.74
ITG23 1998 08 93 414.427
ITG23 1998 09 93 252.437
ITG23 1999 06 93 1398.02
ITG23 1999 07 85 4337.2
ITG23 1999 08 85 2169.21
ITG23 1999 09 85 65.8828
ITG23 1999 10 85 73.1362
ITG23 2000 05 4 3.47822
ITG23 2000 06 4 179.432
ITG23 2000 07 4 747.095
ITG23 2000 08 4 2512.29
ITG23 2000 09 4 37.1921
ITG23 2000 10 3 1.52134
ITG23 2001 06 3 22.6634
ITG23 2001 07 3 416.067
ITG23 2001 08 3 21.569
ITG23 2001 09 3 33.9672
ITG23 2001 10 3 258.526
ITG23 2001 11 4 10.172
ITG23 2002 06 4 80.7885
ITG23 2002 07 4 250.657
ITG23 2002 08 4 27.1506
ITG23 2002 10 2 0.0146034
ITG23 2003 03 2 0.288174
ITG23 2003 05 4 10.9872
ITG23 2003 06 4 394.366
ITG23 2003 07 4 516.303
ITG23 2003 08 4 40.7022
ITG23 2003 09 5 6.84605
ITG23 2003 10 4 0.526662
ITG23 2004 06 4 31.9387
ITG23 2004 07 4 1285.05
ITG23 2004 08 4 239.394
ITG23 2004 09 4 23.5389
ITG23 2004 10 4 35.9716
ITG23 2005 05 4 2.74914
ITG23 2005 06 4 177.569
ITG23 2005 07 106 1769.94
ITG23 2005 08 106 533.631
ITG23 2005 09 106 115.29
ITG23 2005 10 106 50.3533
ITG23 2006 02 3 5.25189
ITG23 2006 04 3 1.45809
ITG23 2006 05 3 6.52902
ITG23 2006 06 3 89.0708
ITG23 2006 07 3 21.3772
ITG23 2006 08 3 50.6013
ITG23 2006 09 4 2.82175
ITG24 1989 06 4 53.3066
ITG24 1989 07 4 122.994
ITG24 1989 08 4 301.779
ITG24 1989 09 4 21.429
ITG24 1997 03 2 0.0578866
ITG24 1997 04 3 0.595739
ITG24 1997 05 3 77.9092
ITG24 1997 06 191 590.361
ITG24 1997 07 280 1070.61
ITG24 1997 08 148 250.172
ITG24 1997 09 148 89.8755
ITG24 1997 10 148 26.6876
ITG24 1998 02 2 0.192051
ITG24 1998 05 5 4.92975
ITG24 1998 06 243 1322.82
ITG24 1998 07 360 3160.39
ITG24 1998 08 209 1520.52
ITG24 1998 09 98 255.683
ITG24 1998 10 98 28.262
ITG24 1999 01 2 6.37698
ITG24 1999 03 2 38.5879
ITG24 1999 05 2 33.4283
ITG24 1999 06 237 1760.22
ITG24 1999 07 228 3430.62
ITG24 1999 08 187 1144.26
ITG24 1999 09 187 174.852
ITG24 1999 10 187 133.602
ITG24 2000 03 187 8.58947
ITG24 2000 04 187 82.6031
ITG24 2000 05 187 115.291
ITG24 2000 06 124 582.417
ITG24 2000 07 171 1815.83
ITG24 2000 08 158 1428.62
ITG24 2000 09 158 195.839
ITG24 2000 10 158 7.27468
ITG24 2001 05 158 11.4353
ITG24 2001 06 158 1484.18
ITG24 2001 07 158 1451.29
ITG24 2001 08 158 898.479
ITG24 2001 09 158 135.944
ITG24 2001 10 158 76.893
ITG24 2001 11 5 41.0018
ITG24 2002 03 5 6.90228
ITG24 2002 05 5 7.92399
ITG24 2002 06 5 984.693
ITG24 2002 07 5 1907.22
ITG24 2002 08 5 233.233
ITG24 2002 09 5 17.9579
ITG24 2002 10 5 8.3251
ITG24 2003 03 2 0.741038
ITG24 2003 04 2 0.819152
ITG24 2003 05 2 25.6894
ITG24 2003 06 2 2081.92
ITG24 2003 07 2 1818.81
ITG24 2003 08 2 428.012
ITG24 2003 09 2 118.561
ITG24 2003 10 2 45.3737
ITG24 2004 03 2 0.470654
ITG24 2004 06 2 1190.47
ITG24 2004 07 2 1684.41
ITG24 2004 08 2 1766.53
ITG24 2004 09 2 66.3781
ITG24 2004 10 2 137.95
ITG24 2005 01 2 0.120129
ITG24 2005 03 3 1.06996
ITG24 2005 04 2 31.4148
ITG24 2005 05 2 29.328
ITG24 2005 06 179 677.642
ITG24 2005 07 387 2320.45
ITG24 2005 08 200 389.492
ITG24 2005 09 119 370.955
ITG24 2005 10 85 331.473
ITG24 2005 11 85 28.3491
ITG24 2006 01 2 0.103413
ITG24 2006 04 3 1.261
ITG24 2006 05 3 17.5072
ITG24 2006 06 3 247.706
ITG24 2006 07 3 42.1734
ITG24 2006 08 3 152.766
ITG24 2006 09 3 1.61843
ITG24 2006 10 4 3.96094
PL111 1993 01 5 0.683475
PL111 1993 03 5 7.09243
PL111 1993 04 5 24.1634
PL111 1993 05 81 48.5958
PL111 1993 06 81 20.722
PL111 1993 07 81 1.2624
PL111 1993 08 81 2.24525
PL111 1993 09 4 3.39453
PL111 1993 10 2 0.0088545
PL111 1994 02 3 0.18977
PL111 1994 03 3 1.40984
PL111 1994 04 3 3.37416
PL111 1994 05 3 5.14935
PL111 1994 06 3 96.2629
PL111 1994 07 102 29.3866
PL111 1994 08 102 51.8097
PL111 1994 09 4 0.922423
PL111 1994 10 4 4.10127
PL111 1994 12 2 1.22454
PL111 1995 02 2 0.0155374
PL111 1995 03 5 0.0844134
PL111 1995 04 5 6.14062
PL111 1995 05 5 10.2567
PL111 1995 06 5 1.13175
PL111 1995 07 5 20.3174
PL111 1995 08 5 21.6892
PL111 1995 09 3 0.77048
PL111 1995 10 3 1.32973
PL111 1995 11 2 0.00519111
PL111 1995 12 2 0.0116901
PL111 1996 01 2 0.00777606
PL111 1996 02 2 0.0148366
PL111 1996 04 127 226.83
PL111 1996 05 127 4.12075
PL111 1996 06 127 11.4908
PL111 1996 07 127 0.125953
PL111 1996 08 5 0.394341
PL111 1996 09 2 0.00915246
PL111 1996 10 3 0.0253886
PL111 1996 11 5 0.040429
PL111 1996 12 2 0.016035
PL111 1997 02 3 0.0572196
PL111 1997 03 3 42.6635
PL111 1997 04 3 25.8308
PL111 1997 05 3 10.6939
PL111 1997 06 3 6.11731
PL111 1997 07 3 0.127225
PL111 1997 08 3 4.54494
PL111 1997 09 3 0.144972
PL111 1997 10 3 0.0342756
PL111 1998 01 2 0.0486996
PL111 1998 02 5 0.698029
PL111 1998 03 5 9.26324
PL111 1998 04 5 12.0601
PL111 1998 05 5 9.74888
PL111 1998 06 5 5.91412
PL111 1998 07 5 8.26456
PL111 1998 08 5 1.3918
PL111 1998 09 5 13.2582
PL111 1998 10 3 0.0738954
PL111 1998 12 2 0.206641
PL111 1999 01 2 0.0381813
PL111 1999 03 2 12.2773
PL111 1999 04 2 11.661
PL111 1999 05 2 9.2761
PL111 1999 06 2 0.00921048
PL111 1999 07 2 6.95553
PL111 1999 08 2 15.4668
PL111 1999 09 84 21.4942
PL111 1999 10 84 1.3472
PL111 1999 11 4 0.0871703
PL111 1999 12 3 0.0252294
PL111 2000 01 2 0.0131679
PL111 2000 02 4 5.66701
PL111 2000 03 5 2.80708
PL111 2000 04 5 71.2745
PL111 2000 05 103 31.0984
PL111 2000 06 103 13.1156
PL111 2000 07 5 0.975503
PL111 2000 08 5 0.98102
PL111 2000 09 5 0.32415
PL111 2000 10 5 0.829118
PL111 2000 11 3 0.0110566
PL111 2000 12 2 0.0145972
PL111 2001 02 3 0.116621
PL111 2001 04 3 6.28328
PL111 2001 05 3 15.275
PL111 2001 06 3 0.980312
PL111 2001 07 3 0.444298
PL111 2001 08 3 0.940615
PL111 2001 11 2 0.0144618
PL111 2002 01 2 0.0146529
PL111 2002 02 5 0.646551
PL111 2002 03 5 4.99813
PL111 2002 04 5 44.0302
PL111 2002 05 5 38.3905
PL111 2002 06 5 4.23568
PL111 2002 07 5 15.4709
PL111 2002 08 5 15.3368
PL111 2002 09 5 16.0879
PL111 2002 10 5 3.29658
PL111 2002 11 3 2.1887
PL111 2002 12 2 0.010476
PL111 2003 02 2 10.7948
PL111 2003 03 2 128.867
PL111 2003 04 89 207.912
PL111 2003 05 89 15.4579
PL111 2003 06 139 96.4653
PL111 2003 07 139 5.84838
PL111 2003 08 139 352.979
PL111 2003 09 139 19.1424
PL111 2003 10 139 0.404014
PL111 2003 11 5 0.0540528
PL111 2003 12 2 0.00825309
PL111 2004 03 5 2.51586
PL111 2004 04 5 31.4174
PL111 2004 05 5 1.79475
PL111 2004 06 5 3.75131
PL111 2004 07 5 2.28219
PL111 2004 08 5 20.4912
PL111 2004 09 5 22.9468
PL111 2004 10 5 1.41998
PL111 2004 11 3 0.74241
PL111 2004 12 3 0.0160473
PL111 2005 03 3 0.672833
PL111 2005 04 3 59.2553
PL111 2005 05 3 15.2965
PL111 2005 06 3 12.4149
PL111 2005 07 101 28.0376
PL111 2005 08 101 7.53733
PL111 2005 09 101 27.4038
PL111 2005 10 101 7.28277
PL111 2005 11 101 6.92549
PL111 2006 04 101 22.2467
PL111 2006 05 101 9.94368
PL111 2006 06 101 15.3901
PL111 2006 07 145 48.0831
PL111 2006 08 5 0.303681
PL111 2006 09 5 3.2847
PL111 2006 10 5 0.263338
PL111 2006 11 3 0.0200634
PL111 2006 12 3 0.0208424
PL112 1993 01 3 0.0891246
PL112 1993 03 4 1.63931
PL112 1993 04 4 44.2762
PL112 1993 05 101 75.7449
PL112 1993 06 101 14.5798
PL112 1993 07 101 4.65945
PL112 1993 08 101 27.6461
PL112 1993 10 3 5.25247
PL112 1993 11 2 0.253034
PL112 1994 03 2 1.46737
PL112 1994 04 2 2.22839
PL112 1994 05 2 14.9453
PL112 1994 06 94 87.3753
PL112 1994 07 221 213.64
PL112 1994 08 221 91.9053
PL112 1994 09 3 0.846789
PL112 1994 11 2 0.00806048
PL112 1994 12 2 0.107463
PL112 1995 02 2 0.0410172
PL112 1995 03 5 0.51429
PL112 1995 04 5 14.937
PL112 1995 05 5 16.7673
PL112 1995 06 5 6.95889
PL112 1995 07 5 25.8487
PL112 1995 08 5 32.6142
PL112 1995 10 5 0.696584
PL112 1996 04 164 919.37
PL112 1996 05 164 10.7403
PL112 1996 06 164 55.0446
PL112 1996 07 164 1.2598
PL112 1996 08 164 2.27807
PL112 1996 10 4 1.07163
PL112 1997 02 2 0.128043
PL112 1997 03 2 45.485
PL112 1997 04 2 122.626
PL112 1997 05 2 37.8652
PL112 1997 06 2 9.99414
PL112 1997 07 2 0.404225
PL112 1997 08 2 12.8697
PL112 1997 09 2 5.46057
PL112 1997 11 2 0.0146549
PL112 1998 02 2 1.68488
PL112 1998 03 2 3.91549
PL112 1998 04 2 19.4237
PL112 1998 05 2 44.8416
PL112 1998 06 2 28.1134
PL112 1998 07 2 7.02566
PL112 1998 08 2 23.9101
PL112 1998 09 2 15.7301
PL112 1998 10 3 0.800952
PL112 1998 12 2 0.067385
PL112 1999 01 3 0.366867
PL112 1999 03 3 42.4766
PL112 1999 04 3 86.5403
PL112 1999 05 3 56.6387
PL112 1999 06 3 1.08646
PL112 1999 07 3 58.9778
PL112 1999 08 98 80.8653
PL112 1999 09 136 214.354
PL112 1999 10 136 1.13836
PL112 1999 12 3 0.193636
PL112 2000 01 2 0.0714672
PL112 2000 02 2 0.6681
PL112 2000 03 2 5.85473
PL112 2000 04 2 36.2224
PL112 2000 05 206 144.508
PL112 2000 06 107 78.1128
PL112 2000 07 107 2.10559
PL112 2000 08 107 0.95422
PL112 2000 09 107 0.457348
PL112 2000 10 107 6.49156
PL112 2000 11 3 0.443926
PL112 2001 01 2 0.00992374
PL112 2001 02 2 1.06968
PL112 2001 03 2 5.06128
PL112 2001 04 2 11.7388
PL112 2001 05 2 17.4906
PL112 2001 06 2 6.44774
PL112 2001 07 2 1.47507
PL112 2001 08 2 0.56639
PL112 2001 10 5 0.167641
PL112 2001 11 2 0.119599
PL112 2002 01 2 0.29046
PL112 2002 02 2 0.874268
PL112 2002 03 2 32.1954
PL112 2002 04 2 45.1016
PL112 2002 05 117 90.1667
PL112 2002 06 117 10.8592
PL112 2002 07 117 20.0197
PL112 2002 08 117 64.7709
PL112 2002 09 117 15.2103
PL112 2002 10 4 0.0287473
PL112 2002 11 2 0.0207228
PL112 2003 01 2 0.2254
PL112 2003 02 2 0.127601
PL112 2003 03 2 244.925
PL112 2003 04 110 228.361
PL112 2003 05 110 54.3039
PL112 2003 06 140 39.2387
PL112 2003 07 140 42.053
PL112 2003 08 110 75.5586
PL112 2003 09 110 12.8804
PL112 2004 02 2 0.014518
PL112 2004 04 2 33.9724
PL112 2004 05 2 10.7904
PL112 2004 06 2 18.1858
PL112 2004 07 2 18.4931
PL112 2004 08 2 9.45905
PL112 2004 09 99 46.2954
PL112 2004 10 99 8.24771
PL112 2004 11 2 0.0795026
PL112 2004 12 3 0.269174
PL112 2005 03 3 7.14739
PL112 2005 04 97 192.597
PL112 2005 05 97 52.4992
PL112 2005 06 97 16.3561
PL112 2005 07 122 97.1831
PL112 2005 08 122 18.6888
PL112 2005 09 123 42.2327
PL112 2005 10 123 22.5068
PL112 2005 11 123 15.3629
PL112 2005 12 2 0.00694919
PL112 2006 04 2 61.5224
PL112 2006 05 2 62.759
PL112 2006 06 2 21.376
PL112 2006 07 255 178.108
PL112 2006 08 255 2.91003
PL112 2006 09 255 3.32165
PL112 2006 10 255 1.02359
PL112 2006 11 3 0.0405363
PL112 2006 12 4 0.168345
PL113 1993 04 4 0.13901
PL113 1993 05 4 2.44025
PL113 1993 06 5 0.0549405
PL113 1993 07 3 0.107095
PL113 1993 08 2 0.024932
PL113 1994 02 2 0.0140074
PL113 1994 03 2 0.0496948
PL113 1994 04 4 0.0748557
PL113 1994 05 3 0.788602
PL113 1994 06 5 0.541574
PL113 1994 07 5 1.4032
PL113 1994 08 5 0.175164
PL113 1995 03 2 0.0133833
PL113 1995 04 2 1.03432
PL113 1995 05 2 0.0295988
PL113 1995 07 3 0.0331684
PL113 1995 08 3 0.0758505
PL113 1995 12 2 0.0138746
PL113 1996 04 5 2.66245
PL113 1996 06 5 0.128699
PL113 1996 09 2 0.0121992
PL113 1996 10 2 0.00896931
PL113 1996 11 2 0.00519464
PL113 1997 03 3 1.56433
PL113 1997 04 3 0.195261
PL113 1997 05 3 2.91597
PL113 1997 10 2 0.0149423
PL113 1998 01 2 0.0105067
PL113 1998 04 3 0.0371655
PL113 1998 05 3 0.083046
PL113 1998 07 2 0.055819
PL113 1998 08 2 0.00961778
PL113 1999 03 2 0.0134763
PL113 1999 05 3 0.0921528
PL113 1999 08 2 0.00789557
PL113 1999 09 2 0.106027
PL113 1999 11 2 0.374214
PL113 2000 02 3 0.015863
PL113 2000 04 3 2.55098
PL113 2000 05 3 1.53781
PL113 2000 06 5 0.112532
PL113 2000 08 3 0.0129976
PL113 2000 09 4 0.113389
PL113 2000 10 4 0.029181
PL113 2001 05 3 0.145159
PL113 2001 07 2 0.0110822
PL113 2002 03 2 0.0223888
PL113 2002 05 2 0.821439
PL113 2002 06 2 0.00660788
PL113 2002 08 3 0.161604
PL113 2002 09 5 0.677063
PL113 2003 01 2 0.088246
PL113 2003 02 2 0.0135418
PL113 2003 03 4 1.42766
PL113 2003 04 4 1.43687
PL113 2003 05 4 0.053384
PL113 2003 06 4 0.592464
PL113 2003 08 4 0.655286
PL113 2003 09 3 0.0193661
PL113 2004 03 2 0.0121704
PL113 2004 04 2 0.0123663
PL113 2004 05 4 0.0870272
PL113 2004 06 4 0.0779737
PL113 2004 07 3 0.036549
PL113 2004 09 3 2.06731
PL113 2005 03 2 0.282367
PL113 2005 04 5 0.514745
PL113 2005 05 2 0.0111098
PL113 2005 06 4 0.0404688
PL113 2005 07 4 1.87584
PL113 2005 08 2 0.0116286
PL113 2005 09 2 0.232801
PL113 2005 10 2 0.0441484
PL113 2005 11 3 0.042968
PL113 2006 04 2 0.148393
PL113 2006 05 4 0.0406205
PL113 2006 06 3 1.12577
PL113 2006 07 3 4.93623
PL113 2006 09 2 0.00654051
PL113 2006 10 3 0.0131944
PL113 2006 12 3 0.0109437
PL121 1993 03 3 1.42734
PL121 1993 04 3 26.3084
PL121 1993 05 83 56.2435
PL121 1993 06 83 8.66686
PL121 1993 07 83 3.04184
PL121 1993 08 83 1.17655
PL121 1993 09 2 0.0135083
PL121 1993 12 2 0.0056905
PL121 1994 03 2 0.112656
PL121 1994 04 2 4.96822
PL121 1994 05 2 5.66259
PL121 1994 06 2 18.4741
PL121 1994 07 120 38.9753
PL121 1994 08 120 26.2812
PL121 1994 10 3 1.14454
PL121 1995 02 2 0.0537906
PL121 1995 03 2 3.75586
PL121 1995 04 2 18.8714
PL121 1995 05 2 17.876
PL121 1995 06 2 11.2523
PL121 1995 07 2 16.1041
PL121 1995 08 2 42.9698
PL121 1995 10 4 0.745429
PL121 1996 02 2 0.108167
PL121 1996 03 2 3.70182
PL121 1996 04 2 106.063
PL121 1996 05 2 1.96467
PL121 1996 06 2 17.9698
PL121 1996 07 2 7.07262
PL121 1996 08 2 15.8663
PL121 1996 09 2 0.0298758
PL121 1996 10 4 0.0917144
PL121 1996 11 2 0.0630525
PL121 1996 12 2 0.0193052
PL121 1997 02 4 0.419353
PL121 1997 03 4 9.40479
PL121 1997 04 4 25.961
PL121 1997 05 4 13.5106
PL121 1997 06 4 5.86627
PL121 1997 07 4 4.99028
PL121 1997 08 4 22.3522
PL121 1997 09 4 11.0825
PL121 1997 10 4 0.524049
PL121 1998 01 3 0.0101444
PL121 1998 02 3 0.695101
PL121 1998 03 3 11.1897
PL121 1998 04 3 10.971
PL121 1998 05 3 26.1563
PL121 1998 06 3 16.2887
PL121 1998 07 3 3.16359
PL121 1998 08 3 3.00696
PL121 1998 09 3 2.52904
PL121 1998 10 3 3.38845
PL121 1999 01 5 0.0779972
PL121 1999 02 2 0.0135793
PL121 1999 03 2 17.3097
PL121 1999 04 2 25.1138
PL121 1999 05 2 29.9297
PL121 1999 06 2 0.712585
PL121 1999 07 2 7.67469
PL121 1999 08 2 26.927
PL121 1999 09 2 70.1332
PL121 1999 10 2 2.40949
PL121 1999 11 3 0.0561758
PL121 2000 01 2 0.00847134
PL121 2000 02 2 18.3284
PL121 2000 03 3 1.73994
PL121 2000 04 3 41.3076
PL121 2000 05 82 63.7451
PL121 2000 06 82 21.008
PL121 2000 07 4 0.224275
PL121 2000 08 4 3.22076
PL121 2000 09 4 0.895499
PL121 2000 10 4 15.1205
PL121 2000 11 3 0.0307737
PL121 2001 02 3 0.0242395
PL121 2001 03 3 1.28786
PL121 2001 04 3 24.811
PL121 2001 05 3 7.76962
PL121 2001 06 3 1.13689
PL121 2001 07 5 0.706427
PL121 2001 08 5 1.03034
PL121 2001 10 2 0.0140441
PL121 2002 02 3 0.0233496
PL121 2002 03 5 0.662284
PL121 2002 04 5 28.9299
PL121 2002 05 5 15.7984
PL121 2002 06 5 1.96712
PL121 2002 07 5 8.64313
PL121 2002 08 5 8.46185
PL121 2002 09 5 5.65654
PL121 2002 10 2 0.794178
PL121 2003 02 3 0.270069
PL121 2003 03 3 117.8
PL121 2003 04 3 73.2125
PL121 2003 05 3 22.3178
PL121 2003 06 3 34.4115
PL121 2003 07 3 13.7749
PL121 2003 08 3 21.8298
PL121 2003 09 3 25.8893
PL121 2003 10 2 0.105384
PL121 2003 11 3 0.0236518
PL121 2003 12 2 0.0100277
PL121 2004 03 2 33.7325
PL121 2004 04 2 19.6677
PL121 2004 05 2 7.18393
PL121 2004 06 2 7.48028
PL121 2004 07 2 1.29312
PL121 2004 08 2 13.9044
PL121 2004 09 2 7.39484
PL121 2004 10 2 0.00843346
PL121 2004 12 2 0.00746335
PL121 2005 02 2 0.0126031
PL121 2005 03 2 16.3065
PL121 2005 04 2 38.0176
PL121 2005 05 2 6.84994
PL121 2005 06 2 17.2677
PL121 2005 07 2 11.5587
PL121 2005 08 2 19.8264
PL121 2005 09 2 19.1914
PL121 2005 10 2 1.66491
PL121 2005 11 2 4.58566
PL121 2005 12 2 0.0146282
PL121 2006 04 2 3.5875
PL121 2006 05 2 19.6182
PL121 2006 06 2 5.59074
PL121 2006 07 95 50.7489
PL121 2006 08 4 0.152576
PL121 2006 09 4 0.834298
PL122 1993 04 4 88.2791
PL122 1993 05 144 75.2306
PL122 1993 06 144 28.3606
PL122 1993 07 144 5.24718
PL122 1993 08 144 9.08144
PL122 1993 10 3 1.36901
PL122 1994 03 3 2.26743
PL122 1994 04 3 9.76882
PL122 1994 05 3 17.4663
PL122 1994 06 3 28.135
PL122 1994 07 166 69.8475
PL122 1994 08 166 30.6553
PL122 1995 02 2 0.0197055
PL122 1995 03 3 0.129159
PL122 1995 04 3 19.0985
PL122 1995 05 3 33.699
PL122 1995 06 3 22.5976
PL122 1995 07 3 5.74019
PL122 1995 08 3 16.5772
PL122 1995 10 2 0.0433395
PL122 1995 11 2 0.0186411
PL122 1996 04 91 206.204
PL122 1996 05 91 15.3078
PL122 1996 06 91 9.04391
PL122 1996 07 91 8.28949
PL122 1996 08 91 5.04847
PL122 1996 09 91 0.640796
PL122 1996 10 2 0.43142
PL122 1996 11 2 0.00806332
PL122 1997 02 2 0.0259032
PL122 1997 03 2 48.6098
PL122 1997 04 2 25.3278
PL122 1997 05 2 109.892
PL122 1997 06 2 14.0363
PL122 1997 07 2 0.661528
PL122 1997 08 2 16.4505
PL122 1997 09 2 29.9668
PL122 1998 02 4 1.12049
PL122 1998 03 4 17.3764
PL122 1998 04 4 39.0038
PL122 1998 05 82 62.5873
PL122 1998 06 82 31.7717
PL122 1998 07 82 9.13081
PL122 1998 08 82 1.83845
PL122 1998 09 82 5.87318
PL122 1998 10 82 0.483786
PL122 1998 11 2 0.0103343
