ITE16 1988 04 2 1.10206
ITE16 1988 08 2 65.0443
ITE16 1988 09 2 234.802
ITE16 1988 10 3 36.7234
ITE16 1989 01 3 8.65626
ITE16 1989 02 3 4.03909
ITE16 1989 03 4 14.0621
ITE16 1989 06 4 41.3421
ITE16 1989 07 4 23.8148
ITE16 1989 08 4 64.6066
ITE16 1989 09 4 2.91392
ITE16 1989 10 3 2.83419
ITE16 1989 11 2 0.00734785
ITE16 1989 12 4 1.24531
ITE16 1990 02 4 29.5313
ITE16 1990 03 4 14.2942
ITE16 1990 05 3 0.0150076
ITE16 1990 06 3 6.8471
ITE16 1990 07 3 53.4595
ITE16 1990 08 3 3831.97
ITE16 1990 09 3 2.96796
ITE16 1990 10 2 0.0101853
ITE16 1990 12 2 0.446985
ITE16 1991 02 2 0.00657198
ITE16 1991 03 2 1.05173
ITE16 1991 04 2 0.0136168
ITE16 1991 06 3 0.527653
ITE16 1991 07 3 9.17654
ITE16 1991 08 3 43.8749
ITE16 1991 09 3 48.7045
ITE16 1991 11 2 0.566336
ITE16 1991 12 2 13.856
ITE16 1992 01 2 0.0111267
ITE16 1992 02 2 2.83908
ITE16 1992 03 3 0.0775236
ITE16 1992 05 3 2.71589
ITE16 1992 06 3 0.445823
ITE16 1992 07 3 3.95592
ITE16 1992 08 3 10.9318
ITE16 1992 09 3 127.094
ITE16 1993 01 5 0.48062
ITE16 1993 02 5 7.59016
ITE16 1993 03 4 4.10129
ITE16 1993 05 3 0.356311
ITE16 1993 06 3 13.9062
ITE16 1993 07 3 656.841
ITE16 1993 08 3 16.4926
ITE16 1993 09 3 6.22803
ITE16 1993 10 3 0.196488
ITE16 1993 11 2 0.618891
ITE16 1993 12 2 0.0493859
ITE16 1994 01 2 2.12234
ITE16 1994 02 4 0.208672
ITE16 1994 03 2 0.0282028
ITE16 1994 04 2 0.0407289
ITE16 1994 05 5 0.791887
ITE16 1994 06 5 1.91529
ITE16 1994 07 5 7.23391
ITE16 1994 08 5 200.606
ITE16 1994 09 5 5.54407
ITE16 1994 10 5 7.56787
ITE16 1995 01 5 1.53651
ITE16 1995 02 3 0.0444964
ITE16 1995 03 4 1.67902
ITE16 1995 04 5 5.52697
ITE16 1995 05 2 0.795004
ITE16 1995 06 3 0.0823039
ITE16 1995 07 3 89.6892
ITE16 1995 08 3 2.87191
ITE16 1995 09 5 0.61143
ITE16 1995 10 4 6.19381
ITE16 1995 11 4 1.71492
ITE16 1996 02 2 0.118813
ITE16 1996 03 2 0.00626996
ITE16 1996 06 3 2.51232
ITE16 1996 07 3 99.6544
ITE16 1996 08 3 8.47348
ITE16 1997 01 2 1.17516
ITE16 1997 02 2 2.88303
ITE16 1997 03 2 1.64845
ITE16 1997 04 2 2.25607
ITE16 1997 05 2 0.0113022
ITE16 1997 07 2 3.35491
ITE16 1997 08 2 3.15288
ITE16 1997 09 4 0.922539
ITE16 1997 10 3 1.27069
ITE16 1998 04 2 0.425803
ITE16 1998 07 2 28.4335
ITE16 1998 08 2 371.786
ITE16 1998 09 2 142.834
ITE16 1998 11 2 0.320962
ITE16 1999 01 3 0.838057
ITE16 1999 02 2 4.01184
ITE16 1999 07 2 26.8794
ITE16 1999 08 2 4.02483
ITE16 1999 09 5 5.77171
ITE16 1999 10 2 0.33561
ITE16 2000 02 2 0.00726178
ITE16 2000 06 2 0.091549
ITE16 2000 07 3 0.938989
ITE16 2000 08 3 14.49
ITE16 2000 09 3 24.9873
ITE16 2001 04 2 0.00750046
ITE16 2001 06 2 0.0989461
ITE16 2001 07 2 17.7762
ITE16 2001 08 2 35.1893
ITE16 2001 09 2 331.743
ITE16 2002 03 4 4.98286
ITE16 2002 05 3 1.10254
ITE16 2002 06 3 42.4749
ITE16 2002 07 3 0.0945521
ITE16 2002 08 2 0.107449
ITE16 2003 04 2 0.00196841
ITE16 2003 07 2 4.59828
ITE16 2003 08 2 477.297
ITE16 2003 09 5 4.6413
ITE16 2003 10 2 0.00402792
ITE16 2004 07 2 1.97164
ITE16 2004 08 3 0.739483
ITE16 2004 09 2 0.00865395
ITE16 2005 02 3 0.129001
ITE16 2005 06 4 1.24712
ITE16 2005 07 4 0.00249958
ITE16 2005 08 4 1.13803
ITE16 2006 04 3 1.78781
ITE16 2006 05 3 7.87329
ITE16 2006 06 3 0.172224
ITE16 2006 07 2 0.018988
ITE16 2006 08 3 1.35746
ITE17 1985 02 2 0.944423
ITE17 1985 03 3 46.3913
ITE17 1985 04 3 14.4805
ITE17 1985 06 4 32.5295
ITE17 1985 07 4 102.043
ITE17 1985 08 4 108.312
ITE17 1985 09 4 62.3328
ITE17 1985 10 4 26.9661
ITE17 1986 03 3 13.0125
ITE17 1986 04 3 17.9596
ITE17 1986 05 5 9.01593
ITE17 1986 06 2 2.13651
ITE17 1986 07 3 5.47403
ITE17 1986 08 3 218.028
ITE17 1986 09 3 51.7118
ITE17 1986 10 5 14.6775
ITE17 1987 01 5 6.58026
ITE17 1987 02 3 8.39148
ITE17 1987 03 3 79.9952
ITE17 1987 04 3 15.9209
ITE17 1987 05 3 4.33949
ITE17 1987 06 2 2.7068
ITE17 1987 07 2 20.0826
ITE17 1987 08 2 39.5928
ITE17 1987 09 2 430.528
ITE17 1987 10 3 6.19485
ITE17 1988 03 3 7.2838
ITE17 1988 04 2 0.0362964
ITE17 1988 07 4 8.02093
ITE17 1988 08 4 51.1108
ITE17 1988 09 4 12.2005
ITE17 1988 10 5 19.0468
ITE17 1988 12 2 6.56155
ITE17 1989 01 3 7.03748
ITE17 1989 02 3 4.96255
ITE17 1989 03 3 80.3826
ITE17 1989 04 4 4.52951
ITE17 1989 05 4 25.8743
ITE17 1989 06 4 18.3322
ITE17 1989 07 4 290.264
ITE17 1989 08 4 39.2119
ITE17 1989 10 4 3.8297
ITE17 1989 12 4 3.27545
ITE17 1990 02 4 8.69853
ITE17 1990 03 4 25.1867
ITE17 1990 05 4 2.86787
ITE17 1990 06 4 16.358
ITE17 1990 07 4 327.708
ITE17 1990 08 4 668.896
ITE17 1990 09 4 10.9335
ITE17 1990 12 2 0.343737
ITE17 1991 01 4 5.64199
ITE17 1991 02 2 0.108497
ITE17 1991 03 3 0.299601
ITE17 1991 04 3 38.7974
ITE17 1991 05 3 0.965174
ITE17 1991 06 3 5.413
ITE17 1991 07 3 170.723
ITE17 1991 08 3 48.2512
ITE17 1991 09 3 30.1068
ITE17 1992 01 2 0.61733
ITE17 1992 02 2 17.0949
ITE17 1992 03 5 16.2484
ITE17 1992 05 3 0.598088
ITE17 1992 06 2 0.387383
ITE17 1992 07 3 3.39615
ITE17 1992 08 3 17.3501
ITE17 1992 09 3 16.6999
ITE17 1993 01 5 3.00034
ITE17 1993 02 5 21.5615
ITE17 1993 03 5 26.4778
ITE17 1993 04 3 4.44402
ITE17 1993 05 3 0.422272
ITE17 1993 06 3 10.2026
ITE17 1993 07 3 39.5457
ITE17 1993 08 3 443.424
ITE17 1993 09 4 1.27523
ITE17 1994 02 2 0.130109
ITE17 1994 03 5 7.85497
ITE17 1994 04 2 0.348656
ITE17 1994 05 2 0.0595891
ITE17 1994 06 2 4.84583
ITE17 1994 07 2 21.984
ITE17 1994 08 2 80.3104
ITE17 1994 09 2 11.4602
ITE17 1994 10 2 1.58391
ITE17 1994 11 2 1.93944
ITE17 1995 01 5 7.81729
ITE17 1995 04 2 0.0859992
ITE17 1995 05 2 1.11206
ITE17 1995 06 2 0.0109996
ITE17 1995 07 2 139.892
ITE17 1995 08 2 21.1068
ITE17 1995 09 3 0.757901
ITE17 1995 10 2 0.03518
ITE17 1995 11 2 0.0731632
ITE17 1996 02 2 0.0262864
ITE17 1996 03 2 7.65923
ITE17 1996 04 3 0.780854
ITE17 1996 05 2 0.865488
ITE17 1996 07 2 149.001
ITE17 1996 08 2 6.14475
ITE17 1996 09 3 7.10299
ITE17 1996 10 2 0.289462
ITE17 1997 02 2 0.401979
ITE17 1997 03 2 15.9025
ITE17 1997 04 2 15.163
ITE17 1997 05 2 0.093148
ITE17 1997 06 4 3.2754
ITE17 1997 07 4 11.4645
ITE17 1997 08 4 63.3487
ITE17 1997 09 5 8.52722
ITE17 1997 10 2 0.417372
ITE17 1998 03 5 32.9983
ITE17 1998 05 2 1.68007
ITE17 1998 06 4 2.20631
ITE17 1998 07 4 26.9696
ITE17 1998 08 4 128.721
ITE17 1998 09 4 6.86075
ITE17 1999 02 3 11.7897
ITE17 1999 03 4 29.6379
ITE17 1999 05 3 3.14008
ITE17 1999 06 4 6.94532
ITE17 1999 07 4 20.1607
ITE17 1999 08 5 64.9845
ITE17 1999 09 5 35.9757
ITE17 2000 03 4 4.63247
ITE17 2000 06 4 7.59013
ITE17 2000 07 4 9.42107
ITE17 2000 08 4 6.966
ITE17 2000 09 5 32.9898
ITE17 2001 05 2 1.49305
ITE17 2001 06 3 0.766544
ITE17 2001 07 3 24.7778
ITE17 2001 08 3 159.3
ITE17 2001 09 3 3.65407
ITE17 2001 10 2 3.6366
ITE17 2002 03 2 17.644
ITE17 2002 04 3 1.08995
ITE17 2002 06 5 1.11971
ITE17 2002 07 5 9.69827
ITE17 2002 08 4 0.089973
ITE17 2003 02 4 16.8992
ITE17 2003 03 4 5.60819
ITE17 2003 04 3 1.42502
ITE17 2003 05 2 1.53087
ITE17 2003 06 2 8.20186
ITE17 2003 07 2 35.5217
ITE17 2003 08 2 18.0863
ITE17 2003 09 2 7.23044
ITE17 2004 06 2 15.9835
ITE17 2004 07 2 18.1784
ITE17 2004 08 2 8.01634
ITE17 2004 09 2 22.314
ITE17 2005 02 2 3.35273
ITE17 2005 03 4 0.328813
ITE17 2005 04 4 1.72643
ITE17 2005 05 4 1.38608
ITE17 2005 06 4 3.50906
ITE17 2005 07 4 14.9197
ITE17 2005 08 4 36.5033
ITE17 2005 09 3 2.0532
ITE17 2005 10 2 0.0072306
ITE17 2006 02 2 0.130954
ITE17 2006 03 2 6.8699
ITE17 2006 04 2 3.17484
ITE17 2006 05 3 0.1849
ITE17 2006 06 3 6.22108
ITE17 2006 07 3 20.9194
ITE17 2006 08 3 29.1913
ITE17 2006 09 5 5.28275
ITE17 2006 10 3 0.160531
ITE18 1985 02 2 0.444774
ITE18 1985 03 4 2.54603
ITE18 1985 04 4 14.52
ITE18 1985 05 2 0.54315
ITE18 1985 06 3 5.02405
ITE18 1985 07 3 267.19
ITE18 1985 08 3 1043.13
ITE18 1985 09 3 470.269
ITE18 1985 10 3 261.208
ITE18 1985 12 2 0.708507
ITE18 1986 03 2 8.51205
ITE18 1986 04 2 19.7687
ITE18 1986 05 4 9.62891
ITE18 1986 06 2 0.699405
ITE18 1986 07 5 25.0806
ITE18 1986 08 5 81.1488
ITE18 1986 09 5 13.857
ITE18 1986 10 5 7.26879
ITE18 1987 01 4 7.83875
ITE18 1987 02 3 34.5283
ITE18 1987 03 3 214.212
ITE18 1987 04 3 34.9322
ITE18 1987 05 5 10.2272
ITE18 1987 06 2 2.11196
ITE18 1987 07 3 0.859137
ITE18 1987 08 3 110.788
ITE18 1987 09 3 27.4715
ITE18 1987 10 3 0.277266
ITE18 1988 03 2 8.21244
ITE18 1988 04 4 9.46531
ITE18 1988 07 4 8.54721
ITE18 1988 08 4 344.04
ITE18 1988 09 4 31.3653
ITE18 1988 10 4 9.9256
ITE18 1988 11 3 4.1481
ITE18 1988 12 4 56.214
ITE18 1989 01 4 139.478
ITE18 1989 02 4 112.384
ITE18 1989 03 4 94.7688
ITE18 1989 04 3 3.30946
ITE18 1989 05 3 15.7356
ITE18 1989 07 3 2.76143
ITE18 1989 08 5 0.945944
ITE18 1989 09 5 0.537533
ITE18 1989 10 3 0.410938
ITE18 1990 01 2 0.0602847
ITE18 1990 02 5 2.95067
ITE18 1990 03 5 21.1514
ITE18 1990 04 3 0.247123
ITE18 1990 05 4 1.00321
ITE18 1990 06 3 0.604863
ITE18 1990 07 3 413.425
ITE18 1990 08 3 352.729
ITE18 1990 09 3 55.3032
ITE18 1991 01 3 7.60009
ITE18 1991 02 3 6.22236
ITE18 1991 03 3 7.07283
ITE18 1991 04 5 9.43653
ITE18 1991 06 2 0.0563845
ITE18 1991 07 2 10.1745
ITE18 1991 08 2 17.9413
ITE18 1991 09 2 58.9937
ITE18 1991 12 2 1.44817
ITE18 1992 01 3 51.227
ITE18 1992 02 3 14.7076
ITE18 1992 03 3 131.09
ITE18 1992 04 3 24.9488
ITE18 1992 05 5 1.41788
ITE18 1992 07 5 2.23692
ITE18 1992 08 5 38.0443
ITE18 1992 09 5 13.2036
ITE18 1993 02 5 22.9677
ITE18 1993 03 5 39.1923
ITE18 1993 04 4 6.5645
ITE18 1993 06 3 0.836115
ITE18 1993 07 3 55.7443
ITE18 1993 08 3 374.411
ITE18 1993 09 3 9.69006
ITE18 1994 03 4 16.6464
ITE18 1994 04 2 0.482565
ITE18 1994 05 3 22.8564
ITE18 1994 06 3 3.03348
ITE18 1994 07 3 4.17286
ITE18 1994 08 3 61.2787
ITE18 1994 09 3 9.40522
ITE18 1995 01 2 0.687165
ITE18 1995 02 2 0.128231
ITE18 1995 03 2 0.0449009
ITE18 1995 04 2 5.00799
ITE18 1995 06 2 0.014577
ITE18 1995 07 2 5.3621
ITE18 1995 08 2 24.2667
ITE18 1995 09 3 2.61455
ITE18 1995 10 5 3.80105
ITE18 1995 11 2 0.0355107
ITE18 1996 02 3 2.3574
ITE18 1996 03 3 16.7677
ITE18 1996 04 3 7.05172
ITE18 1996 07 3 5.11319
ITE18 1996 08 3 3.92995
ITE18 1996 09 3 0.963662
ITE18 1997 03 2 4.38816
ITE18 1997 04 2 16.9671
ITE18 1997 05 4 0.218714
ITE18 1997 06 3 0.0369372
ITE18 1997 07 2 0.139347
ITE18 1997 08 2 35.3967
ITE18 1997 09 2 42.4618
ITE18 1997 10 2 31.5275
ITE18 1998 02 5 5.34013
ITE18 1998 03 5 10.2689
ITE18 1998 04 4 2.64258
ITE18 1998 05 2 0.202394
ITE18 1998 06 2 1.61291
ITE18 1998 07 2 10.5187
ITE18 1998 08 2 53.3042
ITE18 1998 09 2 15.9958
ITE18 1999 03 3 0.742945
ITE18 1999 04 3 1.66284
ITE18 1999 06 3 2.43267
ITE18 1999 07 2 0.297214
ITE18 1999 08 2 19.8806
ITE18 1999 09 2 7.44878
ITE18 2000 01 2 0.627479
ITE18 2000 02 4 8.92144
ITE18 2000 03 4 6.37513
ITE18 2000 05 5 0.298032
ITE18 2000 06 2 0.214426
ITE18 2000 07 2 6.80587
ITE18 2000 08 2 54.3014
ITE18 2000 09 2 4.69436
ITE18 2000 12 2 0.240742
ITE18 2001 04 2 1.13827
ITE18 2001 05 2 0.212736
ITE18 2001 06 4 7.82991
ITE18 2001 07 4 2.85356
ITE18 2001 08 4 45.0752
ITE18 2001 09 5 4.71834
ITE18 2002 01 2 0.024406
ITE18 2002 03 2 48.744
ITE18 2002 04 2 5.21356
ITE18 2002 06 3 0.0260432
ITE18 2002 08 2 0.00268551
ITE18 2003 02 2 0.69661
ITE18 2003 03 2 7.70051
ITE18 2003 04 2 0.13342
ITE18 2003 05 3 1.28676
ITE18 2003 06 3 20.3332
ITE18 2003 07 3 12.7436
ITE18 2003 08 3 121.697
ITE18 2003 09 3 10.9071
ITE18 2003 10 2 0.753349
ITE18 2004 03 2 1.27686
ITE18 2004 06 2 0.0147592
ITE18 2004 07 2 14.3634
ITE18 2004 08 2 15.6387
ITE18 2004 09 2 9.92336
ITE18 2005 02 3 0.465973
ITE18 2005 03 5 2.2699
ITE18 2005 04 4 1.44971
ITE18 2005 05 5 2.5329
ITE18 2005 06 5 5.77784
ITE18 2005 07 5 25.7234
ITE18 2005 08 5 0.9582
ITE18 2006 02 2 0.221806
ITE18 2006 04 2 24.9865
ITE18 2006 06 2 0.201085
ITE18 2006 07 2 18.9371
ITE18 2006 08 2 1.02975
ITE18 2006 09 2 6.45436
ITE18 2006 12 2 7.92801
ITE19 1985 02 2 1.18957
ITE19 1985 03 2 16.7998
ITE19 1985 04 2 44.4717
ITE19 1985 05 4 36.633
ITE19 1985 07 4 179.468
ITE19 1985 08 4 149.06
ITE19 1985 09 4 131.812
ITE19 1985 10 4 86.722
ITE19 1986 03 4 2.21934
ITE19 1986 04 4 2.60408
ITE19 1986 05 5 4.59877
ITE19 1986 07 3 12.964
ITE19 1986 08 3 101.253
ITE19 1986 09 5 16.3869
ITE19 1986 10 2 0.167815
ITE19 1987 01 2 1.05979
ITE19 1987 03 2 104.45
ITE19 1987 04 2 28.7212
ITE19 1987 05 2 1.32599
ITE19 1987 06 2 1.23512
ITE19 1987 07 2 84.2552
ITE19 1987 08 2 38.1988
ITE19 1987 09 2 21.0576
ITE19 1987 10 4 7.01372
ITE19 1988 03 2 2.00909
ITE19 1988 07 2 2.19704
ITE19 1988 08 2 390.932
ITE19 1988 09 2 98.0709
ITE19 1988 10 5 105.556
ITE19 1988 12 2 1.2841
ITE19 1989 01 2 4.82112
ITE19 1989 02 2 34.9689
ITE19 1989 03 2 10.6698
ITE19 1989 04 2 1.72111
ITE19 1989 05 4 4.56708
ITE19 1989 06 2 0.297382
ITE19 1989 07 4 34.6493
ITE19 1989 08 3 0.255234
ITE19 1989 09 4 1.3971
ITE19 1990 01 2 2.09198
ITE19 1990 02 2 4.85635
ITE19 1990 03 2 14.6212
ITE19 1990 04 3 0.626178
ITE19 1990 05 2 0.029623
ITE19 1990 06 2 8.40044
ITE19 1990 07 2 148.446
ITE19 1990 08 2 95.1867
ITE19 1990 09 2 6.42853
ITE19 1991 01 2 1.25124
ITE19 1991 03 4 11.3612
ITE19 1991 04 3 1.43607
ITE19 1991 05 2 2.11179
ITE19 1991 07 2 25.8096
ITE19 1991 08 2 17.2791
ITE19 1991 09 2 142.472
ITE19 1991 12 3 5.2613
ITE19 1992 02 3 14.4638
ITE19 1992 03 3 6.42691
ITE19 1992 04 3 7.62779
ITE19 1992 05 4 0.793913
ITE19 1992 07 3 0.298602
ITE19 1992 08 3 4.29124
ITE19 1992 09 3 35.8671
ITE19 1993 02 3 6.54649
ITE19 1993 03 3 18.686
ITE19 1993 04 3 1.73393
ITE19 1993 05 3 1.45427
ITE19 1993 06 5 4.5822
ITE19 1993 07 5 15.5291
ITE19 1993 08 5 563.954
ITE19 1993 09 4 6.27246
ITE19 1993 12 2 2.07778
ITE19 1994 02 2 0.898037
ITE19 1994 03 2 5.3368
ITE19 1994 04 2 0.459526
ITE19 1994 05 2 0.206605
ITE19 1994 06 2 0.214414
ITE19 1994 07 2 79.5913
ITE19 1994 08 2 338.14
ITE19 1994 09 2 0.4551
ITE19 1994 10 2 0.189846
ITE19 1995 01 4 1.47925
ITE19 1995 03 5 6.10087
ITE19 1995 04 5 1.17728
ITE19 1995 05 3 1.92438
ITE19 1995 07 3 2.22126
ITE19 1995 08 3 34.132
ITE19 1995 10 2 8.11758
ITE19 1995 12 2 11.9057
ITE19 1996 03 2 3.12771
ITE19 1996 04 2 2.28376
ITE19 1996 06 3 2.91983
ITE19 1996 07 3 6.76837
ITE19 1996 08 5 2.89053
ITE19 1997 02 2 0.665209
ITE19 1997 03 2 4.70412
ITE19 1997 05 2 0.0146314
ITE19 1997 07 2 0.933116
ITE19 1997 08 3 1.5521
ITE19 1997 09 3 1.91296
ITE19 1997 10 2 1.6807
ITE19 1998 02 2 0.65193
ITE19 1998 03 4 4.06967
ITE19 1998 04 2 1.30666
ITE19 1998 07 5 7.43807
ITE19 1998 08 5 189.698
ITE19 1998 09 4 4.96727
ITE19 1998 10 2 0.472415
ITE19 1999 06 3 1.51381
ITE19 1999 07 3 60.0316
ITE19 1999 08 3 59.5498
ITE19 1999 09 3 1.73099
ITE19 2000 05 2 0.020036
ITE19 2000 06 2 1.95198
ITE19 2000 07 2 4.97644
ITE19 2000 08 2 38.8729
ITE19 2000 09 4 1.15639
ITE19 2001 05 2 0.889317
ITE19 2001 06 2 5.38228
ITE19 2001 07 2 7.6107
ITE19 2001 08 2 101.336
ITE19 2001 09 3 4.73486
ITE19 2002 03 3 7.03554
ITE19 2002 04 3 0.0601425
ITE19 2002 06 2 0.00330484
ITE19 2002 07 2 13.5874
ITE19 2002 08 2 1.30079
ITE19 2003 03 5 8.88478
ITE19 2003 04 2 0.330189
ITE19 2003 05 2 0.774703
ITE19 2003 06 4 0.109598
ITE19 2003 07 4 27.5147
ITE19 2003 08 4 195.834
ITE19 2003 09 4 5.47188
ITE19 2003 10 2 1.83947
ITE19 2004 07 2 6.7315
ITE19 2004 08 5 2.58531
ITE19 2004 09 3 0.734001
ITE19 2004 10 2 1.62819
ITE19 2005 07 2 4.2628
ITE19 2005 08 2 4.66675
ITE19 2006 04 3 3.8588
ITE19 2006 06 3 6.53546
ITE19 2006 07 3 53.9186
ITE19 2006 08 3 28.1917
ITE19 2006 09 5 0.964552
ITE19 2006 10 3 0.949287
ITE19 2006 11 2 0.0158559
ITE19 2006 12 2 0.659612
ITE1A 1985 03 2 1.36372
ITE1A 1985 04 2 6.08645
ITE1A 1985 06 5 4.98517
ITE1A 1985 07 5 153.57
ITE1A 1985 08 5 618.709
ITE1A 1985 09 5 157.229
ITE1A 1985 10 5 117.751
ITE1A 1985 12 2 0.754468
ITE1A 1986 03 3 4.13855
ITE1A 1986 04 4 9.73592
ITE1A 1986 05 2 1.44856
ITE1A 1986 06 2 1.32251
ITE1A 1986 07 2 4.25684
ITE1A 1986 08 2 111.201
ITE1A 1986 09 2 109.117
ITE1A 1986 10 4 5.99321
ITE1A 1987 03 4 14.5853
ITE1A 1987 04 5 13.7863
ITE1A 1987 05 5 16.16
ITE1A 1987 06 3 2.77895
ITE1A 1987 07 3 43.7151
ITE1A 1987 08 3 31.5363
ITE1A 1987 09 3 105.207
ITE1A 1987 10 4 16.5436
ITE1A 1988 01 2 0.828431
ITE1A 1988 02 3 14.6206
ITE1A 1988 03 3 6.62103
ITE1A 1988 04 2 6.21999
ITE1A 1988 05 3 2.38183
ITE1A 1988 07 5 5.78794
ITE1A 1988 08 5 68.2678
ITE1A 1988 09 5 64.4537
ITE1A 1988 10 5 7.83396
ITE1A 1988 11 2 2.35318
ITE1A 1988 12 3 5.09384
ITE1A 1989 01 3 34.7115
ITE1A 1989 02 3 49.6324
ITE1A 1989 03 3 64.5699
ITE1A 1989 04 3 75.8744
ITE1A 1989 05 2 0.222352
ITE1A 1989 06 2 19.5635
ITE1A 1989 07 2 23.4231
ITE1A 1989 08 2 67.1738
ITE1A 1989 09 2 0.205512
ITE1A 1989 10 3 3.3667
ITE1A 1989 11 2 0.230474
ITE1A 1989 12 2 0.279448
ITE1A 1990 01 2 1.46167
ITE1A 1990 02 2 20.8577
ITE1A 1990 03 5 7.82473
ITE1A 1990 06 5 45.3029
ITE1A 1990 07 5 530.208
ITE1A 1990 08 5 664.476
ITE1A 1990 09 5 13.482
ITE1A 1991 01 4 3.4579
ITE1A 1991 02 3 20.6993
ITE1A 1991 03 3 2.85279
ITE1A 1991 04 5 6.15724
ITE1A 1991 05 2 0.00930812
ITE1A 1991 06 5 20.0462
ITE1A 1991 07 5 232.708
ITE1A 1991 08 5 144.847
ITE1A 1991 09 5 45.2987
ITE1A 1991 10 2 0.186609
ITE1A 1991 11 2 3.9171
ITE1A 1991 12 2 1.54065
ITE1A 1992 02 2 8.14537
ITE1A 1992 03 2 13.3833
ITE1A 1992 04 4 15.1358
ITE1A 1992 05 3 6.9124
ITE1A 1992 06 4 10.9307
ITE1A 1992 07 4 26.9789
ITE1A 1992 08 4 146.415
ITE1A 1992 09 4 149.444
ITE1A 1993 01 4 3.13451
ITE1A 1993 02 4 29.2116
ITE1A 1993 03 4 4.00574
ITE1A 1993 05 3 0.164736
ITE1A 1993 06 3 92.3998
ITE1A 1993 07 3 196.819
ITE1A 1993 08 3 737.265
ITE1A 1993 09 3 20.6663
ITE1A 1993 10 2 0.064931
ITE1A 1993 12 2 0.0310865
ITE1A 1994 01 2 0.559855
ITE1A 1994 02 2 1.04572
ITE1A 1994 03 5 4.94195
ITE1A 1994 04 3 7.98926
ITE1A 1994 05 4 3.83891
ITE1A 1994 06 3 3.78554
ITE1A 1994 07 3 174.313
ITE1A 1994 08 3 139.161
ITE1A 1994 09 3 18.6455
ITE1A 1994 10 3 8.97428
ITE1A 1995 01 3 6.37873
ITE1A 1995 02 2 0.405988
ITE1A 1995 03 2 27.8977
ITE1A 1995 04 2 41.5259
ITE1A 1995 05 4 5.1468
ITE1A 1995 06 4 0.214119
ITE1A 1995 07 4 348.818
ITE1A 1995 08 4 63.7141
ITE1A 1995 09 5 5.10237
ITE1A 1995 10 4 1.71311
ITE1A 1995 11 4 2.85239
ITE1A 1995 12 2 0.0126007
ITE1A 1996 01 2 0.0108383
ITE1A 1996 02 2 3.36975
ITE1A 1996 03 2 10.5098
ITE1A 1996 04 2 3.40903
ITE1A 1996 05 3 0.01406
ITE1A 1996 06 3 107.472
ITE1A 1996 07 3 204.87
ITE1A 1996 08 3 26.0546
ITE1A 1996 09 3 0.319542
ITE1A 1996 10 2 0.0811917
ITE1A 1996 12 3 1.37637
ITE1A 1997 01 2 0.27043
ITE1A 1997 03 2 15.6011
ITE1A 1997 04 5 2.23378
ITE1A 1997 05 5 5.56223
ITE1A 1997 07 5 13.2043
ITE1A 1997 08 5 8.41121
ITE1A 1997 09 5 1.23827
ITE1A 1997 10 3 4.55644
ITE1A 1997 11 2 1.17721
ITE1A 1998 02 3 0.94382
ITE1A 1998 03 5 14.6581
ITE1A 1998 04 2 1.43641
ITE1A 1998 05 2 0.052764
ITE1A 1998 06 2 0.22235
ITE1A 1998 07 2 20.5396
ITE1A 1998 08 2 17.8012
ITE1A 1998 09 4 4.08552
ITE1A 1999 01 2 1.19683
ITE1A 1999 02 3 1.48195
ITE1A 1999 03 3 7.01946
ITE1A 1999 04 2 0.398517
ITE1A 1999 06 2 17.813
ITE1A 1999 07 2 80.8107
ITE1A 1999 08 2 92.2173
ITE1A 1999 09 2 6.5026
ITE1A 2000 01 2 0.251898
ITE1A 2000 02 2 0.323855
ITE1A 2000 03 3 5.13293
ITE1A 2000 06 3 18.5307
ITE1A 2000 07 3 13.7556
ITE1A 2000 08 3 18.7862
ITE1A 2000 09 5 33.0586
ITE1A 2001 03 4 4.16981
ITE1A 2001 06 3 1.23075
ITE1A 2001 07 3 59.4264
ITE1A 2001 08 3 713.402
ITE1A 2001 09 3 7.05532
ITE1A 2001 10 2 0.984185
ITE1A 2001 11 2 0.42016
ITE1A 2001 12 4 1.4315
ITE1A 2002 03 4 28.4049
ITE1A 2002 04 3 2.89946
ITE1A 2002 06 3 17.5799
ITE1A 2002 07 3 38.3549
ITE1A 2002 08 2 0.192367
ITE1A 2002 09 2 0.0908977
ITE1A 2002 11 2 5.34816
ITE1A 2003 01 2 0.160364
ITE1A 2003 02 3 1.08916
ITE1A 2003 03 3 2.81978
ITE1A 2003 04 3 5.8483
ITE1A 2003 05 3 1.44108
ITE1A 2003 06 5 12.3002
ITE1A 2003 07 5 47.831
ITE1A 2003 08 5 130.692
ITE1A 2003 09 5 14.8578
ITE1A 2003 10 2 0.68708
ITE1A 2004 02 2 0.0054557
ITE1A 2004 06 2 0.902656
ITE1A 2004 07 2 427.843
ITE1A 2004 08 2 16.3845
ITE1A 2004 09 2 22.0377
ITE1A 2005 01 3 0.712552
ITE1A 2005 02 2 1.11425
ITE1A 2005 03 2 2.30656
ITE1A 2005 05 4 1.82568
ITE1A 2005 06 3 7.63121
ITE1A 2005 07 3 47.8383
ITE1A 2005 08 3 36.1435
ITE1A 2005 09 3 12.435
ITE1A 2005 10 2 2.22628
ITE1A 2006 02 2 0.644799
ITE1A 2006 03 2 0.170235
ITE1A 2006 06 2 11.7604
ITE1A 2006 07 2 26.7625
ITE1A 2006 08 3 5.56605
ITE1A 2006 09 3 21.7545
ITE1A 2006 10 2 11.563
ITE1A 2006 12 2 0.00131835
ITE21 1985 02 4 9.01289
ITE21 1985 03 4 4.01424
ITE21 1985 04 5 17.1685
ITE21 1985 06 5 1.4315
ITE21 1985 07 5 544.666
ITE21 1985 08 5 815.812
ITE21 1985 09 5 925.118
ITE21 1985 10 5 658.85
ITE21 1985 12 2 0.41326
ITE21 1986 01 3 1.55543
ITE21 1986 03 5 9.42613
ITE21 1986 04 5 53.9527
ITE21 1986 05 3 1.59401
ITE21 1986 07 5 7.94538
ITE21 1986 08 5 23.2801
ITE21 1986 09 5 20.8084
ITE21 1986 10 5 19.6399
ITE21 1987 01 5 6.88553
ITE21 1987 02 2 2.29335
ITE21 1987 03 2 306.509
ITE21 1987 04 2 149.934
ITE21 1987 05 4 66.4651
ITE21 1987 06 2 2.80527
ITE21 1987 07 2 51.6187
ITE21 1987 08 2 277.792
ITE21 1987 09 2 28.3183
ITE21 1987 10 4 4.62062
ITE21 1988 03 4 35.0985
ITE21 1988 04 3 6.1691
ITE21 1988 05 3 7.45555
ITE21 1988 07 3 8.0986
ITE21 1988 08 3 495.595
ITE21 1988 09 3 87.0068
ITE21 1988 10 3 17.2384
ITE21 1988 12 5 51.2533
ITE21 1989 01 5 43.0318
ITE21 1989 02 5 227.151
ITE21 1989 03 5 175.705
ITE21 1989 04 4 32.472
ITE21 1989 05 3 4.17714
ITE21 1989 07 2 1.26653
ITE21 1989 08 4 8.86834
ITE21 1989 11 2 1.48599
ITE21 1989 12 4 4.62303
ITE21 1990 01 5 11.7539
ITE21 1990 02 5 46.0636
ITE21 1990 03 5 29.2159
ITE21 1990 04 2 0.265272
ITE21 1990 05 2 0.392058
ITE21 1990 06 5 24.568
ITE21 1990 07 5 625.115
ITE21 1990 08 5 195.122
ITE21 1990 09 5 96.1669
ITE21 1990 10 2 7.64547
ITE21 1991 01 3 1.64958
ITE21 1991 02 3 16.8294
ITE21 1991 03 3 208.078
ITE21 1991 04 4 2.47865
ITE21 1991 05 4 5.58962
ITE21 1991 06 3 2.62672
ITE21 1991 07 3 5.46021
ITE21 1991 08 3 78.1266
ITE21 1991 09 3 215.661
ITE21 1992 02 3 81.5927
ITE21 1992 03 3 94.0254
ITE21 1992 04 4 1.40344
ITE21 1992 05 4 11.5938
ITE21 1992 06 2 0.0614149
ITE21 1992 07 2 0.282494
ITE21 1992 08 2 205.953
ITE21 1992 09 2 65.4274
ITE21 1993 02 2 17.9114
ITE21 1993 03 2 39.224
ITE21 1993 04 2 7.7593
ITE21 1993 05 4 5.72977
ITE21 1993 06 4 10.2788
ITE21 1993 07 4 199.165
ITE21 1993 08 4 1451.18
ITE21 1993 09 4 4.26726
ITE21 1994 02 2 2.03985
ITE21 1994 03 2 17.4861
ITE21 1994 04 2 1.86883
ITE21 1994 05 3 0.513008
ITE21 1994 06 5 14.8151
ITE21 1994 07 5 71.0351
ITE21 1994 08 5 226.609
ITE21 1994 09 5 11.5665
ITE21 1995 02 2 2.45041
ITE21 1995 03 4 7.20499
ITE21 1995 04 4 6.80819
ITE21 1995 05 2 4.22416
ITE21 1995 06 2 0.265436
ITE21 1995 07 2 27.6226
ITE21 1995 08 2 13.6943
ITE21 1995 09 3 1.36272
ITE21 1995 10 2 1.32878
ITE21 1995 11 2 3.55118
ITE21 1995 12 2 1.97078
ITE21 1996 01 2 4.01724
ITE21 1996 02 2 0.893731
ITE21 1996 03 2 30.4016
ITE21 1996 04 2 32.6242
ITE21 1996 05 3 2.52911
ITE21 1996 06 3 1.00339
ITE21 1996 07 3 3.01062
ITE21 1996 08 3 3.1689
ITE21 1996 09 2 0.428586
ITE21 1997 01 2 0.119353
ITE21 1997 02 2 34.2963
ITE21 1997 03 2 90.1827
ITE21 1997 04 2 7.14486
ITE21 1997 05 3 1.72538
ITE21 1997 07 4 4.21439
ITE21 1997 08 4 69.7356
ITE21 1997 09 4 20.9141
ITE21 1997 10 3 7.63806
ITE21 1998 02 3 21.0958
ITE21 1998 03 3 39.7961
ITE21 1998 04 3 35.3413
ITE21 1998 07 3 99.1831
ITE21 1998 08 3 282.537
ITE21 1998 09 3 66.6122
ITE21 1999 01 5 3.47666
ITE21 1999 03 5 3.03186
ITE21 1999 04 5 9.0417
ITE21 1999 05 2 0.187239
ITE21 1999 06 2 0.441352
ITE21 1999 07 2 0.125951
ITE21 1999 08 2 103.016
ITE21 1999 09 2 5.36315
ITE21 1999 10 2 0.349107
ITE21 2000 02 5 20.7699
ITE21 2000 03 5 9.88789
ITE21 2000 04 2 1.32812
ITE21 2000 06 5 15.5346
ITE21 2000 07 5 45.3794
ITE21 2000 08 5 154.369
ITE21 2000 09 5 2.83547
ITE21 2001 02 2 2.56975
ITE21 2001 03 2 0.586336
ITE21 2001 04 2 1.23714
ITE21 2001 06 3 1.11205
ITE21 2001 07 3 168.005
ITE21 2001 08 3 445.44
ITE21 2001 09 3 35.1695
ITE21 2001 12 2 0.0830249
ITE21 2002 02 4 1.14224
ITE21 2002 03 4 83.0962
ITE21 2002 04 5 5.58245
ITE21 2002 06 5 28.6889
ITE21 2002 07 5 83.67
ITE21 2003 02 5 4.96212
ITE21 2003 03 5 27.363
ITE21 2003 04 4 0.758133
ITE21 2003 05 2 2.11554
ITE21 2003 06 2 1.22931
ITE21 2003 07 2 130.4
ITE21 2003 08 2 178.041
ITE21 2003 09 2 12.0725
ITE21 2003 12 2 0.423323
ITE21 2004 04 2 2.45666
ITE21 2004 06 3 1.01128
ITE21 2004 07 3 15.9447
ITE21 2004 08 3 19.2648
ITE21 2004 09 3 48.7427
ITE21 2004 10 2 0.315161
ITE21 2005 03 4 4.08464
ITE21 2005 04 4 8.07688
ITE21 2005 06 2 0.32634
ITE21 2005 07 2 297.881
ITE21 2005 08 2 12.1218
ITE21 2005 09 4 3.15053
ITE21 2006 02 5 7.83
ITE21 2006 04 2 3.66792
ITE21 2006 05 3 6.37925
ITE21 2006 06 5 6.06085
ITE21 2006 07 5 90.5611
ITE21 2006 08 4 27.3629
ITE21 2006 09 4 7.38116
ITE22 1985 05 3 16.3239
ITE22 1985 07 3 90.03
ITE22 1985 08 3 144.068
ITE22 1985 09 3 342.669
