GR255 1995 03 2 0.599739
GR255 1995 04 2 4.41952
GR255 1995 05 5 5.60565
GR255 1995 06 5 74.1283
GR255 1995 07 5 1312.37
GR255 1995 08 5 67.1929
GR255 1995 09 5 20.8183
GR255 1995 10 5 303.476
GR255 1995 12 2 0.566826
GR255 1996 01 3 0.379414
GR255 1996 02 2 0.115315
GR255 1996 04 2 3.2185
GR255 1996 05 2 4.43897
GR255 1996 06 3 0.851
GR255 1996 07 3 40.9506
GR255 1996 08 3 50.2394
GR255 1996 09 3 31.7817
GR255 1996 10 2 1.03647
GR255 1996 11 2 1.25396
GR255 1997 01 2 0.29954
GR255 1997 02 3 1.06001
GR255 1997 03 3 14.6526
GR255 1997 04 2 0.157356
GR255 1997 05 4 0.84116
GR255 1997 06 4 2.38733
GR255 1997 07 4 226.783
GR255 1997 08 4 6.8985
GR255 1997 09 4 7.49509
GR255 1997 10 4 43.2352
GR255 1998 02 4 10.6234
GR255 1998 03 5 9.60983
GR255 1998 04 5 48.3646
GR255 1998 05 3 2.54256
GR255 1999 03 4 1.95853
GR255 1999 04 4 4.74369
GR255 1999 05 3 14.9434
GR255 1999 06 4 0.790246
GR255 1999 07 3 1.59851
GR255 1999 08 4 86.2281
GR255 1999 09 2 0.271782
GR255 1999 10 3 2.85196
GR255 1999 11 3 1.43316
GR255 2000 01 5 1.20575
GR255 2000 02 3 0.847566
GR255 2000 03 3 10.2127
GR255 2000 04 3 9.27098
GR255 2000 05 2 0.118687
GR255 2000 06 2 57.4144
GR255 2000 07 2 1212.22
GR255 2000 08 3 36.2589
GR255 2000 09 3 16.7582
GR255 2000 10 2 0.503732
GR255 2000 11 3 1.48302
GR255 2000 12 3 0.242475
GR255 2001 02 3 1.11497
GR255 2001 03 3 6.0345
GR255 2001 04 4 1.87826
GR255 2001 06 2 0.275886
GR255 2001 07 3 1.15206
GR255 2001 08 5 7.71447
GR255 2001 10 3 9.14914
GR255 2001 11 3 0.438113
GR255 2001 12 2 0.588641
GR255 2002 01 5 10.2093
GR255 2002 02 5 2.18883
GR255 2002 03 5 2.85819
GR255 2002 04 3 0.844151
GR255 2002 05 2 0.103613
GR255 2002 06 5 7.57443
GR255 2002 07 2 1.62203
GR255 2002 08 4 0.674244
GR255 2002 09 2 2.72363
GR255 2002 10 3 0.441014
GR255 2003 01 2 1.39146
GR255 2003 02 4 23.838
GR255 2003 03 4 11.2862
GR255 2003 04 3 0.27248
GR255 2003 05 2 0.0851422
GR255 2003 06 3 0.579267
GR255 2003 07 5 22.7333
GR255 2003 08 5 18.4758
GR255 2003 09 5 3.44535
GR255 2003 10 5 4.12752
GR255 2003 11 5 3.60978
GR255 2003 12 2 2.6197
GR255 2004 01 2 0.0596634
GR255 2004 02 5 5.16636
GR255 2004 03 4 1.80491
GR255 2004 04 3 0.862644
GR255 2004 05 3 5.36825
GR255 2004 06 4 0.205352
GR255 2004 07 4 38.7641
GR255 2004 08 4 12.3581
GR255 2004 09 5 1.50383
GR255 2004 10 5 111.018
GR255 2004 11 5 25.1132
GR255 2004 12 2 1.17571
GR300 1983 01 2 0.850146
GR300 1983 02 2 2.92985
GR300 1983 03 2 2.41856
GR300 1983 04 3 0.265812
GR300 1983 05 3 13.0563
GR300 1983 06 3 6.26417
GR300 1983 07 3 653.42
GR300 1983 08 3 319.566
GR300 1983 09 3 23.0123
GR300 1983 10 3 11.7178
GR300 1984 01 2 1.53998
GR300 1984 03 2 4.40563
GR300 1984 04 2 0.221608
GR300 1984 05 4 6.35723
GR300 1984 06 4 63.3433
GR300 1984 07 4 449.945
GR300 1984 08 4 3899.17
GR300 1984 09 4 68.7739
GR300 1984 10 4 23.64
GR300 1984 12 2 1.56836
GR300 1985 02 2 0.192163
GR300 1985 04 2 0.130103
GR300 1985 06 5 6.58717
GR300 1985 07 5 9198.19
GR300 1985 08 5 21402.5
GR300 1985 09 5 249.229
GR300 1985 10 5 27.2337
GR300 1986 02 2 1.72072
GR300 1986 03 2 0.260238
GR300 1986 04 4 3.73524
GR300 1986 05 4 35.8135
GR300 1986 06 4 141.002
GR300 1986 07 4 13.8982
GR300 1986 08 4 1245.44
GR300 1986 09 4 473.362
GR300 1986 10 4 309.91
GR300 1986 11 2 0.281904
GR300 1986 12 3 3.89473
GR300 1987 01 2 4.49524
GR300 1987 04 2 8.74247
GR300 1987 05 4 1.95177
GR300 1987 06 4 52.8211
GR300 1987 07 4 818.164
GR300 1987 08 4 851.158
GR300 1987 09 4 273.173
GR300 1987 10 5 132.494
GR300 1987 11 2 2.21957
GR300 1987 12 2 0.253074
GR300 1988 02 4 0.342363
GR300 1988 04 3 2.51717
GR300 1988 05 5 2.71016
GR300 1988 06 5 52.5741
GR300 1988 07 5 2543.63
GR300 1988 08 5 217.868
GR300 1988 09 5 453.185
GR300 1988 10 5 64.2114
GR300 1988 11 5 59.6664
GR300 1988 12 3 10.5198
GR300 1989 01 3 15.5164
GR300 1989 02 3 60.5049
GR300 1989 04 5 6.18543
GR300 1989 05 4 1.3165
GR300 1989 06 5 5.71862
GR300 1989 07 5 1371.6
GR300 1989 08 5 147.758
GR300 1989 09 5 5.91381
GR300 1989 11 2 27.9593
GR300 1990 02 5 11.3198
GR300 1990 03 5 1073.49
GR300 1990 04 3 7.62258
GR300 1990 05 4 44.0764
GR300 1990 06 4 509.923
GR300 1990 07 4 219.07
GR300 1990 08 4 527.413
GR300 1990 09 3 0.171161
GR300 1990 10 3 59.8715
GR300 1990 11 3 37.298
GR300 1991 01 2 3.36168
GR300 1991 02 3 0.819776
GR300 1991 03 2 1.18543
GR300 1991 05 2 0.856848
GR300 1991 06 5 11.7728
GR300 1991 07 5 115.648
GR300 1991 08 5 153.074
GR300 1991 09 5 400.604
GR300 1991 10 3 11.4572
GR300 1991 11 2 0.519468
GR300 1991 12 4 857.256
GR300 1992 01 5 7.97678
GR300 1992 02 5 21.1085
GR300 1992 03 5 41.8471
GR300 1992 04 5 7.61116
GR300 1992 05 5 2.43065
GR300 1992 06 5 4407.69
GR300 1992 07 5 800.938
GR300 1992 08 5 2416.06
GR300 1992 09 5 4711.2
GR300 1992 10 5 516.464
GR300 1992 11 5 15.1103
GR300 1992 12 5 13.8269
GR300 1993 01 5 3.8424
GR300 1993 02 5 4.90153
GR300 1993 03 5 8.12064
GR300 1993 04 5 6.00645
GR300 1993 05 5 2.66563
GR300 1993 06 5 1112.89
GR300 1993 07 5 245.44
GR300 1993 08 5 1095.1
GR300 1993 09 5 46.4826
GR300 1993 10 5 2.89016
GR300 1993 11 2 0.152396
GR300 1993 12 2 17.1189
GR300 1994 02 3 2.3526
GR300 1994 03 3 0.352329
GR300 1994 04 2 0.106161
GR300 1994 05 2 3.3425
GR300 1994 06 2 321.466
GR300 1994 07 2 1236.07
GR300 1994 08 2 222.98
GR300 1994 09 2 219.579
GR300 1994 10 5 0.822844
GR300 1994 11 2 0.14237
GR300 1995 03 3 0.202224
GR300 1995 04 4 0.196971
GR300 1995 05 4 3.76095
GR300 1995 06 4 20.952
GR300 1995 07 4 321.328
GR300 1995 08 4 61.3524
GR300 1995 09 4 449.024
GR300 1995 10 4 55.8715
GR300 1996 03 2 47.7366
GR300 1996 04 4 0.73329
GR300 1996 05 3 0.247402
GR300 1996 06 3 230.434
GR300 1996 07 3 505.393
GR300 1996 08 3 15.2637
GR300 1996 09 3 63.1642
GR300 1996 10 2 2.58555
GR300 1996 11 2 0.753757
GR300 1997 01 2 0.476455
GR300 1997 03 3 0.400228
GR300 1997 04 2 0.105059
GR300 1997 05 2 8.63313
GR300 1997 06 2 43.7663
GR300 1997 07 2 134.411
GR300 1997 08 2 60.7607
GR300 1997 09 2 9.67215
GR300 1997 10 2 0.179536
GR300 1997 11 2 17.3922
GR300 1998 02 2 1.29767
GR300 1998 03 3 4.25271
GR300 1998 04 3 1.99204
GR300 1998 05 2 2.97416
GR300 2000 05 3 0.293616
GR300 2000 07 5 0.635775
GR300 2000 08 4 851.058
GR300 2000 10 2 4.30525
GR300 2001 02 2 0.196681
GR300 2001 03 3 1.70915
GR300 2001 04 2 0.135227
GR300 2001 05 4 0.29153
GR300 2001 06 3 4726.99
GR300 2001 07 3 99.8628
GR300 2001 08 5 166.72
GR300 2001 09 2 2.95147
GR300 2001 10 2 0.6425
GR300 2002 03 2 0.0619144
GR300 2002 06 3 4.72996
GR300 2002 09 2 0.29176
GR300 2003 05 2 0.112979
GR300 2003 06 2 1.95223
GR300 2003 07 2 20.7849
GR300 2003 08 2 39.0638
GR300 2003 10 3 5.64514
GR300 2003 11 2 0.748362
GR300 2004 03 2 0.113115
GR300 2004 04 2 0.161117
GR300 2004 05 3 0.27344
GR300 2004 06 4 0.878442
GR300 2004 07 4 369.282
GR300 2004 08 4 9.0098
GR300 2004 09 5 11.4662
GR300 2004 10 4 8.43422
GR411 1983 01 2 0.55512
GR411 1983 03 2 0.899475
GR411 1983 04 2 1.22185
GR411 1983 06 3 25.8537
GR411 1983 07 3 146.818
GR411 1983 08 4 126.319
GR411 1983 10 2 1.64261
GR411 1984 05 2 37.9148
GR411 1984 07 4 41.6336
GR411 1984 08 2 128.322
GR411 1984 09 4 3.94106
GR411 1984 11 2 1.37972
GR411 1985 07 3 17.723
GR411 1985 08 2 0.7173
GR411 1985 10 3 1.3282
GR411 1985 11 2 5.11168
GR411 1986 08 2 8.28935
GR411 1986 09 3 46.1056
GR411 1986 11 2 0.287979
GR411 1986 12 2 0.756608
GR411 1987 03 2 0.377154
GR411 1987 06 4 37.1916
GR411 1987 07 3 0.589055
GR411 1987 08 4 5.91866
GR411 1987 10 2 1.32347
GR411 1988 06 4 131.128
GR411 1988 07 2 292.852
GR411 1988 08 2 0.218447
GR411 1988 09 2 0.218181
GR411 1989 02 2 2.7317
GR411 1989 03 2 4.62963
GR411 1989 04 2 1.07551
GR411 1989 06 3 0.15106
GR411 1989 10 2 4.31907
GR411 1989 11 2 0.100557
GR411 1990 02 3 9.25913
GR411 1990 03 2 0.0985864
GR411 1990 04 2 0.734635
GR411 1990 05 3 0.952072
GR411 1990 06 4 3.85673
GR411 1990 07 3 95.3393
GR411 1990 08 2 116.234
GR411 1990 09 2 0.437734
GR411 1990 10 4 0.301912
GR411 1991 03 2 0.204186
GR411 1991 07 2 0.719395
GR411 1991 08 2 0.167381
GR411 1991 09 2 0.398496
GR411 1991 10 2 0.604634
GR411 1991 11 2 2.07837
GR411 1992 04 2 2.58509
GR411 1992 05 3 415.246
GR411 1992 06 3 0.635141
GR411 1992 07 4 2.19738
GR411 1992 08 2 3.36189
GR411 1992 09 4 5.86395
GR411 1992 10 2 3.70079
GR411 1992 11 2 2.77372
GR411 1993 02 3 10.2195
GR411 1993 03 2 0.118813
GR411 1993 04 2 0.134578
GR411 1993 06 2 10.9999
GR411 1993 07 5 0.918822
GR411 1993 08 5 81.5494
GR411 1993 09 3 1.45003
GR411 1993 10 2 169.073
GR411 1994 04 3 2.3119
GR411 1994 05 2 2.01344
GR411 1994 06 2 35.1728
GR411 1994 07 2 1558.65
GR411 1994 08 2 3793.96
GR411 1994 09 2 18.415
GR411 1994 10 3 174.221
GR411 1995 05 2 1.8336
GR411 1995 06 4 82.4762
GR411 1995 07 2 17.7927
GR411 1995 10 2 7.91533
GR411 1996 04 2 3.15708
GR411 1996 05 2 0.0983361
GR411 1996 06 2 24.9449
GR411 1996 07 4 109.161
GR411 1996 08 4 90.7202
GR411 1996 09 4 184.004
GR411 1996 10 3 0.472544
GR411 1996 11 2 10.6021
GR411 1997 02 2 0.223668
GR411 1997 03 2 0.114592
GR411 1997 05 2 0.139643
GR411 1997 06 4 33.7314
GR411 1997 07 3 4.4221
GR411 1997 08 2 0.479105
GR411 1997 09 3 1.48196
GR411 1997 11 5 2.84823
GR411 1998 04 3 4.24987
GR411 1999 05 2 4.34622
GR411 1999 09 2 70.8973
GR411 2000 03 2 0.431421
GR411 2000 05 2 0.0943638
GR411 2000 06 2 0.0825595
GR411 2000 08 3 0.262292
GR411 2000 11 2 0.128073
GR411 2001 02 2 0.970819
GR411 2001 03 3 0.307908
GR411 2001 06 2 0.128437
GR411 2001 07 2 0.18934
GR411 2001 08 2 0.107204
GR411 2001 09 3 0.645132
GR411 2001 10 3 0.715388
GR411 2002 08 3 15.0321
GR411 2003 03 3 1.0079
GR411 2003 06 2 24.0267
GR411 2003 08 3 8.36339
GR411 2004 03 3 0.61875
GR411 2004 04 4 0.975065
GR412 1983 03 2 2.35238
GR412 1983 04 2 0.43471
GR412 1983 07 2 0.148556
GR412 1983 08 2 1962.64
GR412 1983 09 2 0.676723
GR412 1983 10 4 24.976
GR412 1984 05 2 0.179145
GR412 1984 06 2 1.08438
GR412 1984 08 2 40.5033
GR412 1984 09 2 0.571684
GR412 1984 10 2 13.1177
GR412 1985 05 2 0.21528
GR412 1985 06 3 5.83805
GR412 1985 07 4 16.5937
GR412 1985 08 5 489.555
GR412 1985 09 5 1462.04
GR412 1986 06 3 0.483565
GR412 1986 07 3 1231.62
GR412 1986 09 3 8.25281
GR412 1986 10 2 253.494
GR412 1986 11 3 1.55453
GR412 1987 08 4 992.857
GR412 1987 09 2 2.76123
GR412 1988 01 3 1.48507
GR412 1988 02 2 0.289079
GR412 1988 05 4 2.72631
GR412 1988 06 3 0.810989
GR412 1988 07 5 91.5465
GR412 1988 08 3 295.661
GR412 1988 09 3 3.19294
GR412 1988 10 3 10.778
GR412 1988 11 2 1.01435
GR412 1989 01 3 8.56963
GR412 1989 05 3 16.5435
GR412 1989 06 3 0.205698
GR412 1989 07 5 93.3101
GR412 1989 08 2 1.96515
GR412 1989 09 2 193.867
GR412 1989 10 2 0.667284
GR412 1990 05 2 9.93036
GR412 1990 06 3 458.112
GR412 1990 07 4 1866.2
GR412 1991 04 5 10.3386
GR412 1991 06 2 0.107904
GR412 1991 08 2 242.031
GR412 1991 09 3 43.8291
GR412 1991 10 4 116.465
GR412 1991 11 2 2.90174
GR412 1992 01 3 0.883631
GR412 1992 04 5 67.486
GR412 1992 05 2 7.70811
GR412 1992 06 2 42.1643
GR412 1992 07 4 1.04914
GR412 1992 08 2 11.3718
GR412 1992 09 2 26.7362
GR412 1992 10 5 6.51873
GR412 1993 01 2 3.00462
GR412 1993 02 2 10.3649
GR412 1993 03 2 8.47027
GR412 1993 04 2 0.155775
GR412 1993 06 2 3.49476
GR412 1993 07 2 2128.96
GR412 1993 08 4 590.711
GR412 1993 09 3 3.80995
GR412 1994 06 3 1.948
GR412 1994 07 2 81.2185
GR412 1994 08 2 1318.05
GR412 1994 09 4 16.9025
GR412 1995 05 3 18.1283
GR412 1995 06 2 0.12898
GR412 1995 07 2 15.5896
GR412 1995 08 2 16.1421
GR412 1995 09 4 63.1948
GR412 1995 10 5 2.84169
GR412 1995 11 3 34.4968
GR412 1996 03 3 0.356889
GR412 1996 04 5 3.02469
GR412 1996 06 3 2.77574
GR412 1996 07 3 225.974
GR412 1996 08 3 717.621
GR412 1996 09 3 39.2689
GR412 1997 03 2 1.10723
GR412 1997 06 3 0.988452
GR412 1997 07 3 4.86708
GR412 1997 08 5 124.523
GR412 1997 09 4 467.698
GR412 1998 03 3 2.69802
GR413 1983 07 2 8.70574
GR413 1983 08 2 12.5259
GR413 1983 09 5 337.691
GR413 1983 10 2 4.62182
GR413 1984 06 2 0.437813
GR413 1984 07 2 11.2576
GR413 1984 08 2 0.423216
GR413 1984 09 2 333.189
GR413 1985 05 2 116.736
GR413 1985 06 4 357.961
GR413 1985 07 5 752.545
GR413 1985 08 2 11.9057
GR413 1985 09 2 22.5101
GR413 1986 03 2 5.23884
GR413 1986 07 2 55.3114
GR413 1986 09 2 15.822
GR413 1986 10 4 480.702
GR413 1987 04 2 26.9547
GR413 1987 05 2 2.9678
GR413 1987 06 4 37.2422
GR413 1987 07 4 1.14512
GR413 1987 08 4 6867.19
GR413 1987 09 3 2.15852
GR413 1987 10 5 25.2382
GR413 1988 06 3 178.302
GR413 1988 07 4 9215.02
GR413 1988 08 3 1093
GR413 1988 09 5 105.986
GR413 1988 10 5 421.69
GR413 1989 05 2 144.598
GR413 1989 06 2 1.27613
GR413 1989 07 2 103.999
GR413 1989 08 2 70.983
GR413 1989 10 2 2.51838
GR413 1990 07 5 852.241
GR413 1990 08 3 177.861
GR413 1990 09 3 125.519
GR413 1990 10 3 388.074
GR413 1990 11 3 72.5104
GR413 1991 08 5 23.5501
GR413 1991 09 3 1.36574
GR413 1991 10 4 27.0367
GR413 1991 11 3 16.4189
GR413 1992 03 2 10.2541
GR413 1992 04 2 42.1876
GR413 1992 06 2 9.95162
GR413 1992 07 3 508.304
GR413 1992 09 2 720.298
GR413 1993 05 2 0.118954
GR413 1993 07 4 738.988
GR413 1993 08 2 0.188638
GR413 1993 09 2 41.5522
GR413 1993 10 2 14.2938
GR413 1993 11 5 3.12492
GR413 1994 03 4 11.7686
GR413 1994 04 4 2.01039
GR413 1994 05 2 0.544743
GR413 1994 06 5 8.10427
GR413 1994 07 5 61.9683
GR413 1994 08 5 322.086
GR413 1994 09 3 4.19885
GR413 1994 10 4 8.00216
GR413 1994 11 2 8.12588
GR413 1995 01 2 0.108801
GR413 1995 05 2 5.60515
GR413 1995 07 2 96.2787
GR413 1995 08 2 20.8714
GR413 1995 09 2 3.42665
GR413 1995 10 2 265.568
GR413 1995 11 2 0.738018
GR413 1996 03 2 0.121021
GR413 1996 04 2 0.129389
GR413 1996 05 2 1.41734
GR413 1996 06 2 0.937873
GR413 1996 07 2 2749.61
GR413 1996 08 2 42.382
GR413 1996 09 2 134.726
GR413 1996 10 2 83.4272
GR413 1997 03 2 8.35313
GR413 1997 04 2 6.65942
GR413 1997 05 2 0.0878358
GR413 1997 06 4 3.28231
GR413 1997 07 4 6.4542
GR413 1997 08 4 94.3637
GR413 1997 09 4 146.536
GR413 1997 10 4 20.5545
GR413 1997 11 2 122.269
GR413 1998 03 2 4.09844
GR413 1998 04 3 15.9122
GR413 2000 01 3 2.9799
GR413 2000 03 3 6.97269
GR413 2000 04 3 1.78332
GR413 2000 06 2 6.46483
GR413 2000 07 4 3141.2
GR413 2000 08 3 60.9904
GR413 2000 09 2 5.85122
GR413 2000 10 3 2.48402
GR413 2000 11 2 1.67205
GR413 2001 02 3 2.15209
GR413 2001 06 2 0.133015
GR413 2001 07 2 1.16533
GR413 2001 08 2 9.12869
GR413 2001 09 4 56.8317
GR413 2001 10 4 3.74938
GR413 2001 11 5 33.249
GR413 2002 03 2 1.87809
GR413 2002 05 4 0.885339
GR413 2002 06 2 0.485061
GR413 2002 07 3 114.438
GR413 2002 09 4 13.2257
GR413 2002 10 2 0.145635
GR413 2003 01 2 0.114589
GR413 2003 03 3 1.10346
GR413 2003 06 2 1.74927
GR413 2003 07 4 0.499839
GR413 2003 08 4 6.9652
GR413 2003 09 4 1.21369
GR413 2003 10 3 1.26563
GR413 2003 11 5 88.517
GR413 2003 12 2 0.123865
GR413 2004 02 3 31.5844
GR413 2004 03 3 2.00553
GR413 2004 04 3 0.491704
GR413 2004 07 3 1.41257
GR413 2004 08 3 1.38455
GR413 2004 09 3 16.3101
GR413 2004 10 3 1.60915
GR413 2004 11 5 5.23892
GR413 2004 12 5 4.5759
GR421 1983 05 4 1.51767
GR421 1983 06 4 4.09344
GR421 1983 07 4 3706.02
GR421 1983 08 5 126.475
GR421 1983 09 3 6.10416
GR421 1983 10 3 80.0658
GR421 1984 06 2 0.119054
GR421 1984 07 5 4.73489
GR421 1984 08 2 0.62684
GR421 1984 09 2 0.352343
GR421 1984 10 5 234.032
GR421 1984 12 2 0.4706
GR421 1985 02 2 0.233628
GR421 1985 04 2 9.64328
GR421 1985 05 2 0.157909
GR421 1985 06 4 71.0935
GR421 1985 07 4 631.218
GR421 1985 08 5 128.434
GR421 1985 09 2 2.16388
GR421 1985 10 5 231.583
GR421 1985 11 2 0.711277
GR421 1985 12 2 12.4366
GR421 1986 01 3 0.630588
GR421 1986 04 2 0.333102
GR421 1986 06 5 34.4529
GR421 1986 07 5 86.4339
GR421 1986 08 3 0.137971
GR421 1986 09 2 3.08298
GR421 1986 10 4 2.3306
GR421 1987 01 3 4.03808
GR421 1987 02 2 0.241101
GR421 1987 03 2 0.123258
GR421 1987 04 4 3.54869
GR421 1987 05 2 2.58362
GR421 1987 07 3 126.205
GR421 1987 08 5 16822.6
GR421 1987 09 4 493.173
GR421 1987 10 3 12.4149
GR421 1987 11 2 192.461
GR421 1987 12 2 0.221102
GR421 1988 04 4 0.870275
GR421 1988 06 3 47.8523
GR421 1988 07 3 390.529
GR421 1988 08 4 1070.9
GR421 1988 09 4 3523.41
GR421 1988 10 4 49.1993
GR421 1988 11 2 0.873201
GR421 1989 01 3 4.7881
GR421 1989 02 2 3.2544
GR421 1989 03 2 0.412078
GR421 1989 04 4 2.84152
GR421 1989 05 3 4.40087
GR421 1989 06 3 1079.82
GR421 1989 07 3 106.895
GR421 1989 08 3 58.8494
GR421 1989 09 3 354.331
GR421 1989 10 5 27.2479
GR421 1989 11 2 40.0252
GR421 1990 02 2 0.166891
GR421 1990 03 2 30.0802
GR421 1990 05 2 137.172
GR421 1990 06 3 3816.72
GR421 1990 07 4 4.31693
GR421 1990 08 4 430.49
GR421 1990 09 4 265.321
GR421 1990 10 2 0.0845774
GR421 1990 11 2 26.2892
GR421 1991 02 2 0.0848529
GR421 1991 04 3 0.44967
GR421 1991 05 3 1.78252
GR421 1991 06 3 2.52461
GR421 1991 07 4 14.856
GR421 1991 08 3 1043.08
GR421 1991 09 3 150.589
GR421 1991 10 3 3.65876
GR421 1992 01 2 2.15548
GR421 1992 02 3 1.00753
GR421 1992 03 2 1.13076
GR421 1992 05 3 0.501775
GR421 1992 06 3 1.1267
GR421 1992 07 3 12.1862
GR421 1992 08 2 0.116781
GR421 1992 09 2 10452.8
GR421 1992 10 3 0.483945
GR421 1992 11 2 7.06027
GR421 1992 12 3 1.12756
GR421 1993 01 2 8.15832
GR421 1993 02 4 1.36054
GR421 1993 05 5 43.4131
GR421 1993 06 4 7.1552
GR421 1993 07 4 28.3493
GR421 1993 08 4 42.1785
GR421 1993 09 4 55.363
GR421 1993 10 4 22.6556
GR421 1993 11 4 2.36974
GR421 1994 01 2 0.485808
GR421 1994 04 3 0.214864
GR421 1994 05 5 96.4814
GR421 1994 06 5 28.1322
GR421 1994 07 5 277.923
GR421 1994 08 5 77.6967
GR421 1994 09 5 1.05643
GR421 1994 10 5 21.3917
GR421 1995 02 3 0.318026
GR421 1995 03 2 0.147645
GR421 1995 04 3 0.384639
GR421 1995 05 5 5.60227
GR421 1995 06 5 57.3722
GR421 1995 07 5 410.455
GR421 1995 08 5 9.70672
GR421 1995 09 5 31.633
GR421 1995 10 5 17.9561
GR421 1995 11 5 23.2123
GR421 1996 04 4 1.01885
GR421 1996 05 3 2.05662
GR421 1996 06 3 18.0232
GR421 1996 07 3 921.624
GR421 1996 08 3 41.3858
GR421 1996 09 3 1.64862
GR421 1996 10 3 4.69501
GR421 1996 11 2 0.446379
GR421 1997 01 2 0.108847
GR421 1997 03 5 12.1555
GR421 1997 04 2 0.208279
GR421 1997 06 2 1.69494
GR421 1997 07 2 6.65415
GR421 1997 08 2 494.945
GR421 1997 09 5 36.3396
GR421 1997 10 5 0.306302
GR421 1998 02 2 0.20051
GR421 1998 08 2 4.86389
GR421 1998 09 2 1.61998
GR421 1998 10 2 0.72208
GR421 1998 11 3 2.65397
GR421 1999 03 2 0.455936
GR421 1999 04 2 0.149076
GR421 1999 05 2 2.45421
GR421 1999 06 2 0.126847
GR421 1999 07 3 0.41456
GR421 1999 11 3 108.49
GR421 2000 03 4 1.69982
GR421 2000 06 2 29.4192
GR421 2000 07 4 85.5915
GR421 2000 09 3 132.846
GR421 2000 10 2 0.855845
GR421 2001 02 2 0.112619
GR421 2002 01 2 0.309297
GR421 2002 03 3 0.64752
GR421 2002 07 2 8.8392
GR421 2003 01 2 0.0968847
GR421 2003 07 2 0.947936
GR421 2003 08 2 2.70033
GR421 2003 09 2 0.821786
GR421 2003 10 2 2.6177
GR421 2004 03 2 0.49352
GR421 2004 04 2 0.0882413
GR421 2004 06 2 435.127
GR421 2004 08 4 30.9659
GR421 2004 09 2 336.78
GR421 2004 10 2 113.662
GR421 2004 11 2 0.160385
GR422 1983 06 2 8.94512
GR422 1983 07 3 19.6468
GR422 1983 08 4 47.8169
GR422 1983 09 4 23.1555
GR422 1983 10 4 73.5985
GR422 1983 11 2 0.469644
GR422 1984 06 3 494.971
GR422 1984 07 3 28.7269
GR422 1984 08 2 0.376965
GR422 1984 09 2 3.8826
GR422 1984 10 3 33.63
GR422 1985 05 2 0.227323
GR422 1985 06 2 0.759096
GR422 1985 07 2 394.435
GR422 1985 08 2 12.1244
GR422 1985 09 4 36.7675
GR422 1985 10 3 2.85295
GR422 1986 02 2 4.17544
GR422 1986 05 3 3.81988
GR422 1986 07 4 23.5826
GR422 1986 08 3 67.8879
GR422 1986 09 3 28.779
GR422 1986 10 2 5.07875
GR422 1986 12 2 7.41986
GR422 1987 06 2 65.516
GR422 1987 07 3 117.265
GR422 1987 08 3 18.9304
GR422 1987 09 5 16.5092
GR422 1987 10 2 7.86734
GR422 1988 07 4 204.511
GR422 1988 09 2 6.57887
GR422 1988 10 4 106.097
GR422 1989 06 3 647.498
GR422 1989 07 2 0.399344
GR422 1989 09 3 12.1946
GR422 1989 10 2 2.04978
GR422 1990 05 2 15.3554
GR422 1990 07 3 331.282
GR422 1990 09 2 10.4182
GR422 1991 07 2 20.7478
GR422 1991 09 3 15.4641
GR422 1991 10 2 33.4401
GR422 1992 10 2 86.1455
GR422 1993 06 2 7.69262
GR422 1993 07 2 138.385
GR422 1993 08 2 58.1187
GR422 1993 09 5 6.64264
GR422 1993 10 2 2.81138
GR422 1994 05 2 6.31287
GR422 1994 06 4 144.698
GR422 1994 07 5 562.022
GR422 1994 08 4 680.51
GR422 1994 09 2 5.4948
GR422 1995 05 2 76.8598
GR422 1995 06 2 13.024
GR422 1995 07 2 37.2473
GR422 1995 08 2 6.7877
GR422 1995 09 2 47.188
GR422 1995 10 2 317.038
GR422 1995 12 3 6.35001
GR422 1996 06 3 34.7782
GR422 1996 07 4 76.7935
GR422 1996 08 2 4.26207
GR422 1996 09 2 27.3994
GR422 1996 10 2 22.5
GR422 1996 11 2 3.44808
GR422 1997 06 2 1.90291
GR422 1997 07 3 973.176
GR422 1997 08 3 6.77177
GR422 1997 09 3 37.4258
GR422 1997 10 4 35.7943
GR431 1983 02 2 0.754904
GR431 1983 05 2 0.252954
GR431 1983 06 3 51.3828
GR431 1983 07 2 4.37437
GR431 1983 08 4 48.9266
GR431 1983 09 4 57.3352
GR431 1983 10 4 22.8653
GR431 1984 07 4 81.5827
GR431 1984 08 4 477.295
GR431 1984 09 4 76.5328
GR431 1984 10 5 424.323
GR431 1985 08 3 87.637
GR431 1985 09 3 376.164
GR431 1985 10 2 30.6276
GR431 1986 07 4 121.817
GR431 1986 08 5 80.952
GR431 1986 09 3 50.3223
GR431 1987 03 2 6.99275
GR431 1987 04 2 1.1702
GR431 1987 06 5 93.0533
GR431 1987 07 2 4.13519
GR431 1987 08 2 413.243
GR431 1987 09 5 125.352
GR431 1987 10 5 596.142
GR431 1988 06 5 1227.19
GR431 1988 07 4 68.4175
GR431 1988 08 4 95.4804
GR431 1988 09 4 391.331
GR431 1988 10 5 149.607
GR431 1989 06 3 14.1226
GR431 1989 07 3 27.2824
GR431 1989 08 5 396.581
GR431 1989 09 5 30.4862
GR431 1989 10 5 66.8251
GR431 1990 01 2 0.236672
GR431 1990 02 2 0.128988
GR431 1990 04 3 9.51698
GR431 1990 05 2 0.145372
GR431 1990 06 4 173.39
GR431 1990 07 4 3.49712
GR431 1990 08 4 127.545
GR431 1990 09 4 95.5236
GR431 1990 10 4 219.268
GR431 1990 11 3 7.16977
GR431 1991 05 2 0.20135
GR431 1991 06 2 44.6508
GR431 1991 07 4 152.131
GR431 1991 08 2 3.0183
GR431 1991 09 2 69.0437
GR431 1991 10 3 33.9824
GR431 1992 06 3 37.1456
GR431 1992 07 3 55.7097
GR431 1992 08 2 28.3634
GR431 1992 09 5 84.5948
GR431 1992 10 5 158.468
GR431 1992 11 4 4.81034
GR431 1993 04 2 14.2225
GR431 1993 06 2 72.8914
GR431 1993 07 2 61.3624
GR431 1993 08 2 48.6858
GR431 1993 09 2 36.1107
GR431 1993 10 2 7.97384
GR431 1994 05 2 1.91558
GR431 1994 06 2 446.645
GR431 1994 07 2 229.482
GR431 1994 08 2 832.395
GR431 1994 09 2 30.2987
GR431 1994 10 2 0.781921
GR431 1995 04 2 0.203088
GR431 1995 05 5 10.5708
GR431 1995 06 3 41.3762
GR431 1995 07 3 212.824
GR431 1995 08 3 16.326
GR431 1995 09 3 100.172
GR431 1995 10 3 59.026
GR431 1996 05 2 3.87349
GR431 1996 06 2 55.7315
GR431 1996 07 2 273.127
GR431 1996 08 2 9.89063
GR431 1996 09 2 92.4485
GR431 1996 10 2 16.1027
GR431 1997 06 4 0.274386
GR431 1997 07 4 95.9875
GR431 1997 08 4 20.3272
GR431 1997 09 4 202.48
GR431 1997 10 4 30.3761
GR431 1998 05 2 4.2514
GR431 1999 06 2 0.795846
GR431 1999 07 2 8.41102
GR431 1999 08 2 7.7976
GR431 1999 10 2 5.15875
GR431 1999 11 2 4.64321
GR431 2000 01 2 0.988512
GR431 2000 02 2 1.24287
GR431 2000 03 5 0.68359
GR431 2000 04 3 0.88272
GR431 2000 05 2 1.42392
GR431 2000 06 2 1.10728
GR431 2000 07 3 10.6439
GR431 2000 08 4 2.43274
GR431 2000 09 4 6.78318
GR431 2000 10 4 5.63825
GR431 2000 12 2 6.49284
GR431 2001 01 2 0.54414
GR431 2001 03 2 0.110212
GR431 2001 05 2 0.214546
GR431 2001 07 5 25.8535
GR431 2001 08 2 4.39066
GR431 2001 09 3 2.89219
GR431 2001 10 2 5.44888
GR431 2001 11 4 6.36266
GR431 2002 07 4 5.40788
GR431 2002 08 3 1.28248
GR431 2002 09 3 2.10425
GR431 2002 10 2 1.77375
GR431 2003 06 3 1.5361
GR431 2003 07 5 79.3747
GR431 2003 08 5 13.8426
GR431 2003 09 2 4.31644
GR431 2003 10 2 36.8775
GR431 2003 11 2 0.2706
GR431 2004 04 2 0.273042
GR431 2004 07 2 1.04978
GR431 2004 08 3 16.2122
GR431 2004 09 3 6.98594
GR431 2004 10 3 11.7869
GR431 2004 11 3 10.2913
GR432 1983 05 2 1.92071
GR432 1983 06 2 137.907
GR432 1983 08 4 1522.36
GR432 1983 09 3 45.8641
GR432 1983 11 2 3.85056
GR432 1984 06 2 57.9265
GR432 1984 07 2 1211.32
GR432 1984 08 3 35.694
GR432 1984 09 3 990.458
GR432 1984 10 3 79.1737
GR432 1985 07 5 29.7302
GR432 1985 09 3 61.5717
GR432 1985 10 3 202.18
GR432 1985 11 5 198.958
GR432 1985 12 2 4.18005
GR432 1986 01 2 28.5577
GR432 1986 03 2 3.86555
GR432 1986 05 2 6.90505
GR432 1986 07 5 262.161
GR432 1986 08 5 243.371
GR432 1986 09 3 240.805
GR432 1987 03 2 21.8634
GR432 1987 07 2 101.748
GR432 1987 08 2 2247.55
GR432 1987 09 5 228.151
GR432 1987 10 5 281.26
GR432 1987 11 2 8.59616
GR432 1988 05 2 1.00632
GR432 1988 06 2 1020.77
GR432 1988 07 2 935.165
GR432 1988 08 2 84.4806
