FR102 1995 06 3 6.3059
FR102 1995 08 2 0.993552
FR102 1996 03 2 0.768375
FR102 1996 04 2 9.45739
FR102 1996 05 3 2.01674
FR102 1996 06 3 7.76921
FR102 1996 07 4 11.2785
FR102 1996 08 3 3.98416
FR102 1996 09 3 0.462909
FR102 1997 03 2 0.184135
FR102 1997 04 2 7.81326
FR102 1997 05 2 0.712085
FR102 1997 06 2 0.241888
FR102 1997 07 2 0.109486
FR102 1997 08 5 1.40399
FR102 1998 03 3 17.1821
FR102 1998 06 3 1.17105
FR102 1999 06 2 1.17485
FR102 2001 05 2 0.188095
FR102 2001 06 4 2.2003
FR102 2002 03 2 0.151863
FR102 2002 06 2 0.0979934
FR102 2002 07 5 1.62724
FR102 2002 09 2 0.0516206
FR102 2003 02 2 0.125762
FR102 2003 03 2 0.617302
FR102 2003 04 2 73.1666
FR102 2003 07 2 0.0352314
FR102 2003 08 2 0.611902
FR102 2004 03 2 0.52592
FR102 2004 07 3 1.94345
FR102 2004 08 2 0.430912
FR102 2005 03 2 0.73272
FR102 2005 05 2 0.61501
FR103 1993 03 2 0.593835
FR103 1996 03 2 0.175313
FR103 1996 04 2 29.7719
FR103 1996 07 4 0.937188
FR103 1996 08 3 0.53523
FR103 1996 09 2 0.159842
FR103 1997 04 2 14.6408
FR103 1999 03 2 0.237784
FR103 1999 07 2 0.411451
FR103 2003 04 4 2.96301
FR104 1993 03 3 2.97572
FR104 1993 04 2 0.147307
FR104 1993 05 2 0.11248
FR104 1994 04 2 1.42503
FR104 1994 06 2 0.126014
FR104 1994 07 3 0.787842
FR104 1994 08 2 0.187335
FR104 1995 03 2 0.145911
FR104 1995 07 2 1.7221
FR104 1995 08 2 9.50593
FR104 1996 04 2 35.0541
FR104 1996 05 3 3.20384
FR104 1996 06 4 3.35756
FR104 1996 07 4 17.213
FR104 1996 08 4 6.0282
FR104 1996 09 3 0.196681
FR104 1997 04 3 13.7838
FR104 1997 05 2 0.129117
FR104 1997 08 2 0.132214
FR104 1999 07 2 3.42566
FR104 1999 08 3 2.3999
FR104 2000 08 3 0.231012
FR104 2001 07 2 0.404199
FR104 2002 04 3 1.19461
FR104 2003 03 2 0.092262
FR104 2004 07 2 0.543976
FR104 2004 08 2 0.391005
FR104 2006 07 2 60.0073
FR105 1996 04 4 0.537544
FR105 1997 04 3 0.523152
FR105 1998 03 3 0.159218
FR105 1998 05 2 0.0900807
FR105 2003 07 2 0.149567
FR106 2002 08 2 8.39796
FR107 1993 03 3 9.94103
FR107 1996 03 3 1.17586
FR107 1996 04 3 14.193
FR107 1997 03 2 0.304568
FR107 1997 04 4 1.82974
FR107 1998 03 2 0.0578005
FR107 1998 05 2 1.78923
FR107 2000 06 2 0.0873932
FR107 2003 04 2 4.00562
FR107 2004 04 2 3.56267
FR108 1996 03 2 0.100512
FR108 1996 04 4 2.09117
FR108 1996 05 5 5.79192
FR108 1996 07 5 3.90501
FR108 1996 08 3 0.68936
FR108 1997 03 3 1.37947
FR108 1997 04 4 0.872216
FR211 1993 03 5 17.3766
FR211 1993 04 5 20.1013
FR211 1993 05 2 8.50503
FR211 1993 07 3 0.188191
FR211 1993 08 2 0.134746
FR211 1994 06 2 0.189808
FR211 1994 07 2 9.91352
FR211 1994 08 2 0.789563
FR211 1994 09 2 0.374886
FR211 1995 04 2 0.433783
FR211 1996 03 2 12.2665
FR211 1996 04 2 94.9417
FR211 1996 05 5 0.66384
FR211 1996 06 5 3.97973
FR211 1996 07 4 3.49893
FR211 1996 08 2 3.92745
FR211 1997 03 2 0.0545628
FR211 1997 04 2 4.07607
FR211 1997 05 3 1.18651
FR211 1997 06 3 1.29802
FR211 1998 05 3 0.15246
FR211 1999 05 3 0.434202
FR211 1999 07 2 0.195054
FR211 1999 08 3 0.295292
FR211 1999 09 3 0.340272
FR211 2001 07 2 0.0640853
FR211 2002 03 5 3.41984
FR211 2002 04 5 1.35904
FR211 2003 02 3 13.8968
FR211 2003 03 5 10.0711
FR211 2003 04 5 30.5663
FR211 2003 05 2 2.82958
FR211 2003 06 2 0.0821801
FR211 2003 07 2 0.147686
FR211 2003 10 2 0.942312
FR211 2004 03 3 6.74756
FR211 2004 09 3 0.255348
FR211 2005 06 3 1.98177
FR211 2005 10 2 0.0835045
FR212 1995 06 2 0.125823
FR212 1996 04 3 19.6174
FR212 1997 03 2 1.47402
FR212 1997 04 4 1.38619
FR212 1998 02 2 0.702546
FR212 1998 06 2 0.58329
FR212 1998 08 2 41.9036
FR212 1998 09 2 0.874281
FR212 1999 05 2 0.231638
FR212 1999 06 2 0.290132
FR212 2003 04 2 34.4484
FR212 2003 07 2 1.20711
FR212 2003 08 2 461.675
FR212 2003 09 2 1.91604
FR212 2004 03 2 1.30259
FR212 2004 04 2 3.12429
FR212 2004 05 3 4.75676
FR212 2004 09 2 0.69431
FR213 1993 03 2 3.31053
FR213 1993 04 2 0.215204
FR213 1993 07 2 6.62676
FR213 1995 05 2 4.25164
FR213 1996 04 2 5.34937
FR213 1998 02 2 0.164244
FR213 2004 04 2 7.30809
FR213 2004 07 2 0.332934
FR213 2004 08 2 0.583072
FR213 2005 06 2 4.26225
FR214 1993 09 2 0.0557833
FR214 1994 07 3 2.8615
FR214 1994 08 4 0.951689
FR214 1996 04 4 1.89708
FR214 1996 08 2 0.0810105
FR214 2002 04 2 0.349379
FR214 2003 04 3 6.48225
FR214 2003 07 4 12.4396
FR221 1993 03 2 0.342118
FR221 1994 07 2 0.579132
FR221 1995 08 3 0.311212
FR221 1996 04 2 8.40109
FR221 1996 08 3 6.04032
FR221 1997 04 2 0.284074
FR222 1993 03 2 1.17511
FR222 1994 07 3 4.29142
FR222 1994 08 2 1.58421
FR222 1995 04 3 10.4925
FR222 1995 05 2 0.416298
FR222 1996 03 3 6.00217
FR222 1996 04 4 1.39772
FR222 1996 07 3 0.911376
FR222 1996 08 2 0.783769
FR222 1997 03 2 0.116706
FR222 1997 04 3 12.4053
FR222 1998 03 2 3.17751
FR222 2002 04 2 0.101471
FR222 2002 05 2 0.48559
FR222 2003 04 2 4.062
FR223 1996 07 2 0.496181
FR223 1996 08 2 4.08838
FR231 1993 03 2 0.126349
FR231 1993 09 2 0.140849
FR231 1994 06 2 0.651043
FR231 1997 03 4 36.1492
FR231 1997 04 4 81.1886
FR231 1997 07 3 2.70318
FR231 1997 09 2 0.126125
FR231 2001 05 2 0.797033
FR231 2003 05 2 0.120227
FR232 1995 06 2 0.017377
FR232 1996 04 2 14.7815
FR232 1996 05 3 0.242814
FR232 1996 06 5 25.6825
FR232 1996 07 5 16.7682
FR232 1996 08 5 13.721
FR232 1996 09 5 9.9677
FR232 1997 03 2 0.306663
FR232 1997 04 2 65.6406
FR232 1997 05 2 4.95371
FR232 1997 06 2 0.0108341
FR232 1997 07 4 0.324492
FR232 1997 09 2 0.145036
FR232 1998 08 2 0.171127
FR232 2003 03 2 1.49676
FR232 2003 04 3 16.8095
FR232 2005 08 2 0.0550698
FR241 1993 03 3 0.193522
FR241 1994 07 2 0.0966293
FR241 1995 06 3 4.3245
FR241 1995 07 4 0.965432
FR241 1995 08 4 55.8535
FR241 1996 03 4 11.7143
FR241 1996 04 4 2.94138
FR241 1996 07 2 0.795977
FR241 1996 08 2 0.0664203
FR241 1996 09 2 0.477328
FR241 1997 04 2 88.8289
FR241 1997 08 2 0.215404
FR241 1998 03 2 1.24857
FR241 1998 07 3 0.203634
FR241 1998 08 5 6.64978
FR241 1999 09 2 3.86308
FR241 2003 04 4 1.93682
FR241 2003 08 5 36.7356
FR241 2003 09 2 2.65236
FR241 2006 08 2 10.0141
FR242 1994 05 2 0.0518148
FR242 1994 06 2 0.0547952
FR242 1994 07 2 0.420029
FR242 1994 09 2 0.125245
FR242 1995 07 3 0.228022
FR242 1995 08 3 1.50636
FR242 1995 10 2 0.0502611
FR242 1995 11 4 0.685104
FR242 1996 03 4 5.25443
FR242 1996 04 4 21.126
FR242 1996 05 4 1.39789
FR242 1996 06 4 4.48186
FR242 1996 07 4 23.8008
FR242 1996 08 4 7.5912
FR242 1996 09 4 2.95086
FR242 1997 02 2 0.0546246
FR242 1997 03 2 1.0591
FR242 1997 04 2 36.8269
FR242 1997 05 4 4.36512
FR242 1997 07 4 0.72798
FR242 1997 08 2 0.0882858
FR242 1997 09 5 0.640794
FR242 1997 10 4 1.36836
FR242 1998 05 3 0.123295
FR242 1998 06 4 0.19435
FR242 1998 07 3 0.27002
FR242 1998 08 3 1.22222
FR242 1998 09 2 0.0654051
FR242 1999 03 4 0.28903
FR242 1999 04 4 0.465501
FR242 1999 05 4 0.33717
FR242 1999 07 4 2.63878
FR242 1999 08 4 5.37739
FR242 1999 09 4 2.78732
FR242 2000 03 3 0.256868
FR242 2000 04 2 0.132633
FR242 2000 05 2 0.0909737
FR242 2000 06 4 0.354702
FR242 2000 07 2 0.0649245
FR242 2000 08 3 0.2159
FR242 2000 09 3 0.201488
FR242 2001 04 3 0.367996
FR242 2001 05 4 1.39445
FR242 2001 06 4 3.47911
FR242 2001 07 4 11.4785
FR242 2001 08 2 0.101095
FR242 2001 09 2 0.107885
FR242 2002 03 2 2.45966
FR242 2002 04 2 13.597
FR242 2002 05 2 0.50518
FR242 2002 07 2 2.93417
FR242 2002 08 4 2.0068
FR242 2002 09 4 0.237759
FR242 2002 10 2 0.128725
FR242 2003 03 2 14.0877
FR242 2003 04 2 7.36551
FR242 2003 05 4 4.0632
FR242 2003 06 3 0.328195
FR242 2003 07 5 2.58097
FR242 2003 08 5 0.201013
FR242 2003 09 5 0.433196
FR242 2003 10 2 0.0909175
FR242 2004 03 4 1.84749
FR242 2004 04 2 0.0857914
FR242 2004 06 3 0.996454
FR242 2004 07 5 1.24592
FR242 2004 08 5 1.99675
FR242 2004 09 2 0.0638487
FR242 2004 10 2 0.114273
FR242 2005 04 2 0.229068
FR242 2005 07 4 0.314869
FR242 2005 08 4 1.46815
FR242 2005 09 4 0.418119
FR242 2005 10 3 0.232906
FR243 1993 03 3 5.97804
FR243 1996 06 3 8.70474
FR243 1996 07 3 20.9391
FR243 1996 08 3 58.2161
FR243 1996 09 3 14.8611
FR243 1997 03 3 9.85931
FR243 1997 04 3 35.8526
FR243 1997 05 2 0.186385
FR243 1997 08 2 0.0577238
FR243 1997 09 4 3.36034
FR243 1997 10 2 1.58427
FR243 1998 02 2 0.883316
FR243 1998 05 2 0.199959
FR243 1998 06 2 8.14817
FR243 1998 07 3 0.897953
FR243 1998 08 5 6.69174
FR243 1998 09 2 2.0561
FR243 1999 03 2 1.66832
FR243 1999 06 3 3.79548
FR243 1999 07 2 0.889063
FR243 1999 08 4 6.57167
FR243 1999 09 3 2.87656
FR243 2000 03 3 0.367678
FR243 2000 06 4 13.9714
FR243 2000 07 2 0.122347
FR243 2000 08 2 8.54823
FR243 2000 09 5 47.3594
FR243 2001 06 5 73.0925
FR243 2001 07 5 66.9736
FR243 2001 08 5 6.07864
FR243 2001 09 2 5.22088
FR244 1993 03 2 13.9578
FR244 1993 04 2 1.55667
FR244 1993 05 2 3.87608
FR244 1993 06 2 5.3234
FR244 1993 08 3 1.99495
FR244 1994 03 2 0.68668
FR244 1994 04 2 1.46454
FR244 1994 06 2 0.682425
FR244 1994 07 2 1.62141
FR244 1994 08 2 2.97288
FR244 1995 04 2 0.0778965
FR244 1995 08 2 61.7179
FR244 1995 10 2 1.1166
FR244 1996 03 3 2.24595
FR244 1996 04 3 8.37614
FR244 1996 06 2 4.43292
FR244 1996 07 3 4.38232
FR244 1996 09 4 9.52793
FR244 1996 10 3 12.6327
FR244 1996 11 2 0.0725087
FR244 1997 03 2 29.2834
FR244 1997 04 5 19.9188
FR244 1997 07 2 0.497181
FR244 1997 08 2 2.29823
FR244 1998 02 2 9.65637
FR244 1998 03 4 9.32793
FR244 1998 05 4 9.82267
FR244 1998 07 2 2.99896
FR244 1998 08 3 56.2458
FR244 1999 03 2 1.33534
FR244 1999 08 3 4.91624
FR244 1999 09 3 3.57439
FR244 2001 06 2 1.77621
FR244 2001 09 2 1.09094
FR244 2002 03 2 4.23408
FR244 2002 04 5 30.0533
FR244 2003 07 2 0.0514027
FR244 2003 09 2 6.74499
FR244 2004 06 4 50.4207
FR244 2005 06 4 17.3139
FR244 2005 08 4 25.426
FR244 2005 10 2 1.09709
FR244 2006 07 2 0.774676
FR244 2006 08 2 0.22856
FR244 2006 09 3 5.14076
FR245 1993 03 2 25.8044
FR245 1993 08 2 0.236384
FR245 1995 04 2 1.00925
FR245 1996 02 2 0.137535
FR245 1996 03 2 4.75372
FR245 1996 04 2 8.99549
FR245 1996 05 2 10.1921
FR245 1996 06 2 15.1096
FR245 1996 07 2 12.4161
FR245 1996 08 2 27.0923
FR245 1996 09 2 17.5435
FR245 1997 03 2 12.6764
FR245 1997 04 2 9.85686
FR245 1997 05 4 11.5568
FR245 1997 06 5 2.92152
FR245 1997 08 2 5.41224
FR245 1997 09 2 5.22475
FR245 1997 10 3 0.170034
FR245 1998 03 3 14.3397
FR245 1998 05 2 0.109775
FR245 1998 06 2 11.0541
FR245 1999 04 5 5.44273
FR245 1999 06 3 0.257905
FR245 1999 07 3 16.86
FR245 1999 08 3 2.79032
FR245 1999 09 3 10.6695
FR245 2003 03 3 12.1535
FR245 2003 04 3 1.17672
FR245 2003 05 3 2.40439
FR245 2003 06 3 0.130531
FR245 2003 08 3 9.53172
FR245 2003 09 3 1.83656
FR245 2004 03 2 24.3414
FR245 2004 04 2 1.65059
FR245 2004 05 3 2.11136
FR245 2004 07 2 0.6443
FR245 2005 03 2 1.65677
FR245 2005 06 2 0.39888
FR245 2005 08 3 3.66724
FR246 1993 03 4 6.29258
FR246 1993 04 3 61.1884
FR246 1993 05 2 3.66123
FR246 1993 06 2 0.0793343
FR246 1993 07 3 0.100952
FR246 1993 08 2 0.429453
FR246 1994 04 2 0.171678
FR246 1994 07 2 5.7252
FR246 1994 08 3 1.96077
FR246 1995 04 2 0.709448
FR246 1995 07 2 14.7807
FR246 1995 08 5 1.78938
FR246 1995 10 2 0.0718444
FR246 1996 03 2 5.76318
FR246 1996 04 2 38.3418
FR246 1996 06 2 5.76937
FR246 1996 07 2 31.7749
FR246 1996 08 2 3.78612
FR246 1996 09 3 18.1659
FR246 1997 04 3 6.18291
FR246 1997 07 2 0.0958797
FR246 1997 08 2 9.74624
FR246 1997 09 3 3.01379
FR246 1998 03 2 80.2944
FR246 1998 06 2 0.7939
FR246 1998 08 2 21.9616
FR246 1999 04 2 0.543235
FR246 1999 06 2 0.0961822
FR246 2000 03 2 29.7518
FR246 2002 04 3 114.945
FR246 2003 04 3 33.7297
FR246 2006 06 2 0.31495
FR246 2006 07 2 3.85517
FR246 2006 08 3 4.5522
FR246 2006 09 3 1.50023
FR252 1993 03 2 0.376548
FR252 1995 03 4 0.571725
FR252 1995 04 4 13.853
FR252 1995 05 4 1.48576
FR252 1995 06 2 0.27379
FR252 1995 07 4 1.55364
FR252 1995 08 4 26.5455
FR252 1996 07 4 21.8222
FR252 1996 08 4 20.6715
FR252 1997 03 3 4.99618
FR252 1997 04 4 4.30024
FR252 1997 08 2 14.0853
FR252 1998 05 4 18.2206
FR252 1998 06 2 16.7829
FR252 1998 07 4 3.63249
FR252 1998 08 3 6.66325
FR252 2000 08 2 96.9102
FR252 2006 04 3 12.2656
FR252 2006 06 2 41.3766
FR252 2006 07 2 51.9679
FR252 2006 08 4 12.276
FR253 1993 03 2 0.188934
FR253 1995 06 2 0.63498
FR253 1995 08 2 0.825645
FR253 1996 05 2 0.0614243
FR253 1996 06 2 0.121875
FR253 1996 07 3 0.314505
FR253 1996 08 2 5.7712
FR253 1997 03 2 5.92813
FR253 1997 04 3 8.15405
FR253 1998 03 2 2.25256
FR253 1998 05 3 1.98747
FR253 1998 07 3 4.98536
FR253 1998 08 3 50.6792
FR253 1998 09 4 0.799176
FR261 1993 03 5 1.80948
FR261 1993 04 2 0.126711
FR261 1993 05 2 0.147656
FR261 1993 08 4 22.2398
FR261 1993 09 2 4.283
FR261 1995 02 2 0.12892
FR261 1996 03 3 1.83753
FR261 1996 04 3 19.285
FR261 1996 06 2 0.0269162
FR261 1996 07 2 1.07013
FR261 1996 08 3 45.3988
FR261 1997 03 5 2.25962
FR261 1997 04 5 9.11965
FR261 1997 06 2 0.187122
FR261 1997 08 2 0.0578845
FR261 1997 10 2 2.74948
FR261 1998 02 2 0.153368
FR261 1998 03 3 5.52867
FR261 1998 05 2 0.359278
FR261 1998 07 2 16.4798
FR261 1998 08 2 13.7241
FR261 2002 03 2 0.0370694
FR261 2002 04 2 1.49132
FR261 2003 02 4 3.18393
FR261 2003 03 4 30.7841
FR261 2003 04 4 8.27851
FR261 2003 06 3 11.8142
FR261 2003 07 3 66.0055
FR261 2003 08 3 134.497
FR261 2003 09 3 3.86094
FR261 2004 06 2 0.634257
FR261 2004 07 2 0.650147
FR261 2004 08 3 1.66112
FR261 2004 09 2 0.1866
FR261 2005 05 2 0.209122
FR261 2005 06 2 0.312222
FR261 2005 07 5 20.9035
FR261 2005 08 5 19.9414
FR261 2005 09 5 26.8664
FR262 1996 04 5 98.2702
FR262 1996 05 2 139.342
FR262 1997 02 2 1.83141
FR262 1997 04 2 48.8928
FR262 2003 03 2 5.57224
FR262 2003 04 2 12.2913
FR262 2003 08 2 0.943519
FR262 2004 04 2 0.411367
FR262 2006 07 2 1.2851
FR263 1993 09 2 0.202542
FR263 1994 03 4 6.121
FR263 1994 08 2 0.122734
FR263 1995 04 2 0.0552987
FR263 1995 07 3 0.733952
FR263 1995 08 2 13.8598
FR263 1996 03 3 3.73732
FR263 1996 04 3 15.0165
FR263 1996 08 2 5.11718
FR263 1996 09 2 0.52151
FR263 1997 03 2 0.06693
FR263 1997 04 3 5.06475
FR263 1997 10 2 3.59318
FR263 1999 03 2 11.9491
FR263 2000 03 2 4.31487
FR263 2003 02 2 1.45004
FR263 2003 03 4 32.8269
FR263 2003 04 5 16.1556
FR263 2003 07 5 27.2558
FR263 2003 08 5 21.3573
FR263 2003 09 2 4.22475
FR263 2004 03 2 1.04151
FR263 2004 04 2 2.23935
FR263 2004 06 2 4.68548
FR263 2005 07 3 4.53344
FR263 2005 08 2 99.5248
FR263 2005 09 3 3.70263
FR263 2006 08 2 0.904694
FR264 1993 04 2 0.0844098
FR264 1993 07 3 0.752676
FR264 1993 08 2 0.104111
FR264 1993 09 2 0.5215
FR264 1996 03 3 7.26152
FR264 1997 04 3 28.2949
FR264 1997 08 3 4.34777
FR264 1998 03 3 1.30854
FR264 1998 07 2 0.0161305
FR264 1999 08 2 0.0570356
FR264 1999 09 2 0.779479
FR264 2000 06 2 0.185958
FR264 2003 06 2 2.02443
FR264 2003 07 3 2.21373
FR264 2003 08 5 43.3618
FR264 2003 09 3 4.31732
FR264 2004 07 4 4.38564
FR264 2006 07 2 1.19104
FR301 1993 06 2 1.34119
FR301 1995 06 2 4.08084
FR301 1996 02 2 0.0793287
FR301 1996 04 2 20.4015
FR301 1997 04 2 4.44822
FR301 1998 03 2 1.2327
FR411 1993 04 2 0.263588
FR411 1993 08 2 0.2741
FR411 1996 04 2 0.336705
FR411 1997 04 5 2.43782
FR411 1998 02 3 4.74365
FR411 1998 03 2 1.49251
FR411 1998 08 2 0.113869
FR411 1999 03 2 0.90041
FR411 2000 04 2 1.16772
FR411 2000 06 3 2.6314
FR412 1993 03 5 4.43961
FR412 1993 04 3 1.75548
FR412 1996 04 4 5.62332
FR412 1997 04 4 8.79827
FR412 1997 09 2 0.435228
FR412 1998 02 2 2.13401
FR413 1993 03 2 18.0324
FR413 1993 04 5 7.94351
FR413 1994 04 3 2.19132
FR413 1994 05 2 0.412927
FR413 1994 07 2 0.113291
FR413 1994 08 2 0.130221
FR413 1994 09 2 0.139114
FR413 1995 03 2 2.66845
FR413 1995 05 2 1.75264
FR413 1996 03 2 0.0639349
FR413 1996 04 2 7.86576
FR413 1997 03 2 0.856502
FR413 1997 04 4 2.39306
FR413 1997 05 2 6.86745
FR413 1997 08 2 2.23881
FR413 1998 01 3 2.71753
FR413 1998 02 3 28.5732
FR413 1998 03 5 3.04107
FR413 1998 05 4 0.501264
FR413 1998 07 2 0.901544
FR413 2000 06 2 0.0797812
FR414 1993 03 3 0.433139
FR414 1993 04 3 3.77408
FR414 1993 05 2 0.147069
FR414 1993 07 4 1.03073
FR414 1993 08 2 0.149303
FR414 1994 04 2 0.310809
FR414 1994 05 3 0.558152
FR414 1995 03 2 0.345879
FR414 1995 04 2 0.537088
FR414 1995 05 4 1.51739
FR414 1995 07 3 0.278076
FR414 1995 08 4 2.33717
FR414 1996 02 2 0.130466
FR414 1996 03 5 0.29378
FR414 1996 04 5 1.05133
FR414 1996 07 2 0.0821982
FR414 1997 03 2 2.89652
FR414 1997 04 2 17.1137
FR414 1997 06 2 0.0154968
FR414 1997 08 2 1.1727
FR414 1997 10 2 1.56848
FR414 1998 02 2 0.350205
FR414 1998 03 2 0.73032
FR414 1998 05 3 0.713251
FR414 1999 04 2 0.360959
FR414 2000 06 5 22.2557
FR414 2000 07 2 0.148179
FR414 2000 08 2 0.405687
FR414 2003 03 3 7.01738
FR414 2005 06 2 8.9424
FR414 2005 09 2 0.495488
FR421 1993 02 2 0.861861
FR421 1993 03 2 3.90174
FR421 1993 04 2 14.0208
FR421 1993 06 3 1.31671
FR421 1993 07 5 1.92108
FR421 1993 08 3 0.482772
FR421 1994 03 2 0.211458
FR421 1994 06 3 0.519024
FR421 1995 03 2 0.420039
FR421 1995 06 3 1.9764
FR421 1995 08 2 0.148701
FR421 1996 02 2 0.553916
FR421 1996 03 2 34.9038
FR421 1996 04 2 57.83
FR421 1996 05 5 9.52897
FR421 1996 06 5 2.48026
FR421 1996 07 5 2.20042
FR421 1996 09 5 3.3233
FR421 1996 10 2 0.493508
FR421 1997 03 5 5.8828
FR421 1997 04 5 42.8908
FR421 1997 05 5 7.97762
FR421 1997 08 5 16.3176
FR421 1997 09 4 0.372143
FR421 1997 10 4 3.58495
FR421 1998 02 4 9.3635
FR421 1998 03 4 5.27087
FR421 1998 05 3 0.523444
FR421 1998 08 3 7.58297
FR421 1998 09 2 0.976222
FR421 2002 03 2 0.00603155
FR421 2002 04 3 1.36046
FR421 2003 02 2 5.05292
FR421 2003 03 3 3.44751
FR421 2003 04 3 8.42575
FR421 2003 05 2 0.207788
FR421 2003 07 5 5.41667
FR421 2003 08 3 0.610845
FR421 2003 09 4 1.00536
FR421 2004 03 2 3.46501
FR421 2004 04 2 5.76749
FR421 2004 05 5 109.279
FR421 2004 07 2 0.102301
FR421 2004 08 2 0.0300057
FR421 2004 09 2 0.0702385
FR421 2005 04 2 3.96318
FR421 2005 07 2 0.00723293
FR422 1993 03 3 1.98603
FR422 1993 04 2 2.48383
FR422 1993 08 2 0.355797
FR422 1994 06 2 0.197287
FR422 1994 07 3 6.47576
FR422 1994 08 2 0.759385
FR422 1995 04 2 0.998718
FR422 1995 05 2 2.08107
FR422 1995 08 2 0.335352
FR422 1996 02 2 1.0603
FR422 1996 03 2 18.7758
FR422 1996 04 2 37.8251
FR422 1996 05 2 12.9048
FR422 1996 07 5 10.8538
FR422 1996 09 3 0.525612
FR422 1997 03 2 0.52638
FR422 1997 04 2 6.42872
FR422 1998 05 2 0.116914
FR422 1998 08 2 0.585725
FR422 2002 02 3 1.77869
FR422 2002 04 3 2.44336
FR422 2003 03 3 0.85148
FR422 2003 04 5 9.4801
FR422 2003 06 3 0.315739
FR422 2003 07 2 3.10384
FR422 2003 08 2 7.4938
FR422 2003 09 2 0.0618517
FR422 2003 11 2 1.25827
FR422 2004 04 2 0.878226
FR422 2004 06 2 0.26306
FR422 2005 06 2 4.13976
FR422 2006 06 2 0.0515881
FR422 2006 07 5 8.72436
FR431 1993 03 4 2.11758
FR431 1993 04 2 0.254285
FR431 1994 07 2 0.095197
FR431 1996 04 2 1.53921
FR431 1997 04 5 6.00523
FR431 2002 03 4 2.01557
FR431 2002 04 3 3.31193
FR431 2004 03 2 3.43425
FR432 1993 03 2 6.11991
FR432 1993 04 2 35.1665
FR432 1994 03 2 1.05566
FR432 1996 04 2 11.8988
FR432 1997 04 2 2.25889
FR432 1998 02 2 6.51888
FR432 1998 03 2 0.0759064
FR432 2004 05 2 2.07289
FR432 2004 06 2 0.0189417
FR432 2004 07 2 0.0085154
FR433 1993 03 2 22.032
FR433 1993 04 2 6.1491
FR433 1993 05 2 0.285452
FR433 1994 04 2 0.511718
FR433 1994 06 2 1.25787
FR433 1995 03 3 0.352609
FR433 1995 04 3 5.41965
FR433 1995 05 2 0.178422
FR433 1995 06 2 0.0992221
FR433 1996 03 2 5.85738
FR433 1996 04 2 23.5222
FR433 1997 02 2 3.65258
FR433 1997 03 3 7.64547
FR433 1997 04 4 11.1656
FR433 1998 02 2 0.101983
FR433 1998 03 5 0.597809
FR433 2002 03 3 6.37415
FR433 2002 04 3 10.1606
FR434 1993 03 3 3.80875
FR434 1993 04 2 1.04434
FR434 1996 02 3 0.430273
FR434 1996 03 3 13.2138
FR434 1996 04 3 12.352
FR434 1997 04 2 7.16235
FR434 1997 05 2 0.312586
FR434 1998 03 2 1.8758
FR434 1998 05 2 0.141913
FR511 1993 02 2 2.23534
FR511 1993 03 2 3.76764
FR511 1993 04 2 0.134044
FR511 1994 08 3 17.2023
FR511 1995 06 5 3.75042
FR511 1995 07 5 141.857
FR511 1995 08 5 153.946
FR511 1995 09 5 32.8696
FR511 1996 02 2 0.0530162
FR511 1996 03 2 1.37546
FR511 1996 04 2 0.475192
FR511 1996 05 2 0.0910504
FR511 1996 06 5 3.56387
FR511 1996 07 5 43.0865
FR511 1996 08 5 90.3161
FR511 1996 09 5 57.8498
FR511 1997 03 2 1.15019
FR511 1997 04 2 1.10425
FR511 1997 05 4 1.28706
FR511 1997 07 3 2.80954
FR511 1997 08 2 1.71348
FR511 1997 09 5 36.37
FR511 1998 07 4 10.7806
FR511 1998 08 4 14.0628
FR511 2003 03 2 0.493638
FR511 2003 04 4 1.03318
FR511 2003 06 4 0.511879
FR511 2003 08 3 0.6606
FR511 2003 09 2 1.02365
FR512 1993 03 3 30.6057
FR512 1993 07 2 1.05731
FR512 1993 08 2 4.4855
FR512 1994 03 2 4.11064
FR512 1994 04 3 6.8666
FR512 1994 05 3 3.56337
FR512 1994 06 2 0.0539332
FR512 1994 07 2 11.7018
FR512 1994 08 2 0.0813316
FR512 1995 03 3 5.69169
FR512 1995 05 2 1.3334
FR512 1995 06 2 0.671974
FR512 1995 07 5 16.352
FR512 1995 08 4 5.10637
FR512 1996 03 4 17.8273
FR512 1996 04 4 22.7573
FR512 1996 05 2 0.120975
FR512 1996 06 5 3.43147
FR512 1996 07 5 8.99758
FR512 1996 08 5 13.3694
FR512 1996 09 5 1.58233
FR512 1997 03 5 2.7214
FR512 1997 04 5 125.198
FR512 1997 05 3 2.12704
FR512 1997 06 4 2.54314
FR512 1997 07 4 0.421908
FR512 1997 08 4 12.8568
FR512 1997 09 3 0.157815
FR512 1997 10 2 0.496945
FR512 1998 02 2 1.71852
FR512 1998 03 3 3.23445
FR512 1998 06 2 4.07883
FR512 1998 07 2 4.39413
FR512 1998 08 3 15.9142
FR512 2002 06 2 0.855727
FR512 2002 07 2 0.0611602
FR513 1996 06 2 0.145205
FR513 1996 07 5 12.2421
FR513 1996 08 5 9.63999
FR513 1996 09 4 0.985775
FR513 2003 09 2 1.86496
FR514 1993 03 2 9.44143
FR514 1993 04 3 0.980336
FR514 1993 05 3 2.71462
FR514 1993 06 2 1.57772
FR514 1993 08 2 4.96299
FR514 1993 09 3 0.67511
FR514 1994 04 2 0.0727749
FR514 1994 07 4 5.92856
FR514 1995 06 4 8.70831
FR514 1995 07 4 7.58978
FR514 1995 08 4 85.4064
FR514 1995 09 2 0.0758522
FR514 1996 02 4 2.7195
FR514 1996 03 4 4.08012
FR514 1996 04 4 5.95927
FR514 1996 05 5 1.27584
FR514 1996 06 5 13.7138
FR514 1996 07 5 43.6059
FR514 1996 08 5 23.1562
FR514 1996 09 5 25.8289
FR514 1997 02 3 0.279002
FR514 1997 03 3 7.99232
FR514 1997 04 3 41.8197
FR514 1997 05 3 21.0926
FR514 1997 06 2 0.069375
FR514 1997 07 2 6.29381
FR514 1997 08 2 3.14372
FR514 1997 09 5 3.2458
FR514 1998 01 2 0.0651748
FR514 1998 02 2 5.55863
FR514 1998 03 2 6.03418
FR514 1998 05 2 13.3965
FR514 1998 06 2 9.4036
FR514 1998 07 2 12.0006
FR514 2002 03 2 5.23061
FR514 2002 04 2 8.23213
FR514 2002 05 4 0.624475
FR514 2002 06 4 6.12584
FR514 2002 07 4 9.98781
FR514 2002 08 4 0.323811
FR514 2002 09 2 0.152609
FR514 2003 02 2 2.13753
FR514 2003 03 2 45.7733
FR514 2003 04 2 13.3361
FR514 2003 05 2 0.11696
FR514 2003 06 2 2.42661
FR514 2003 07 5 0.312905
FR514 2003 08 5 3.44296
FR514 2003 09 3 4.03214
FR514 2006 04 2 0.00628653
FR514 2006 08 5 1.67715
FR514 2006 09 5 8.86097
FR515 1993 03 4 3.50592
FR515 1993 04 2 0.184403
FR515 1993 07 4 0.798053
FR515 1993 08 5 0.385284
FR515 1995 08 4 0.337887
FR515 2006 07 2 0.24758
FR521 1993 07 2 0.118994
FR521 1993 08 2 0.588497
FR521 1993 09 2 11.626
FR521 1994 03 3 1.72723
FR521 1994 06 4 4.25761
FR521 1994 07 4 8.08203
FR521 1994 08 3 1.02233
FR521 1994 10 3 26.4326
FR521 1995 04 3 1.14709
FR521 1995 05 2 0.982648
FR521 1995 06 3 0.499723
FR521 1995 07 5 0.848496
FR521 1995 08 5 17.7269
FR521 1996 03 2 0.988824
FR521 1996 04 3 10.1844
FR521 1996 05 3 3.58539
FR521 1996 06 3 5.2764
FR521 1996 07 3 52.3985
FR521 1996 08 3 18.4651
FR521 1996 09 4 5.13684
FR521 1997 03 4 8.35212
FR521 1997 04 4 30.4954
FR521 1997 05 3 0.47591
FR521 1997 08 3 1.95141
FR521 1997 09 3 5.28019
FR521 1997 10 2 2.24592
FR521 1997 11 2 0.32497
FR521 1998 02 4 4.11828
FR521 1998 05 5 0.811479
FR521 1998 07 3 0.661262
FR521 1998 08 3 1.56769
FR521 1998 09 3 2.46619
FR521 1999 06 2 2.736
FR521 1999 07 3 1.67928
FR521 1999 08 2 0.102699
FR521 1999 09 4 2.79643
FR521 2002 04 4 5.77809
FR521 2002 08 4 4.07145
FR521 2002 09 4 2.70894
FR521 2003 03 5 8.09358
FR521 2003 04 5 21.0705
FR521 2003 05 2 1.52286
FR521 2003 06 4 2.85708
FR521 2003 07 4 8.45727
FR521 2003 08 4 35.0808
FR521 2003 09 4 17.9396
FR521 2004 02 3 19.0934
FR521 2004 05 2 0.315277
FR521 2004 06 4 3.01532
FR521 2004 07 4 6.09705
FR521 2005 08 2 0.588013
FR521 2005 09 3 1.1854
FR522 1993 02 3 6.54871
FR522 1993 03 3 75.8976
FR522 1993 05 5 85.522
FR522 1993 06 2 0.405275
FR522 1993 07 2 5.84181
FR522 1993 08 2 39.7663
FR522 1993 09 2 4.28572
FR522 1994 04 2 0.349785
FR522 1994 05 2 11.4921
FR522 1994 06 4 8.60876
FR522 1994 07 4 2.00176
FR522 1994 10 4 4.47192
FR522 1995 03 4 4.51171
FR522 1995 04 5 3.28229
FR522 1995 05 5 11.1766
FR522 1995 06 5 3.89159
FR522 1995 07 5 5.12346
FR522 1995 08 5 12.9996
FR522 1995 09 5 8.7048
FR522 1996 03 5 72.4128
FR522 1996 04 5 18.824
FR522 1996 05 5 52.9603
FR522 1996 06 3 539.293
FR522 1996 07 3 17.9562
FR522 1996 08 3 21.5237
FR522 1996 09 3 28.0433
FR522 1996 10 2 1.00761
FR522 1997 03 2 11.5392
FR522 1997 04 2 111.231
