PT115 1995 11 336 0.760791
PT115 1995 12 3 2.6944
PT115 1996 02 3 5.75372
PT115 1996 03 3 17.6517
PT115 1996 04 3 18.8543
PT115 1996 05 3 14.2098
PT115 1996 06 511 683.776
PT115 1996 07 1422 1946.43
PT115 1996 08 1453 1414.93
PT115 1996 09 894 1543.67
PT115 1996 10 894 55.8484
PT115 1996 11 5 1.58747
PT115 1997 01 3 2.80877
PT115 1997 02 3 4.70645
PT115 1997 03 383 523.221
PT115 1997 04 392 153.166
PT115 1997 05 392 5.32476
PT115 1997 06 2 0.0224616
PT115 1997 07 427 401.474
PT115 1997 08 577 313.471
PT115 1997 09 720 291.703
PT115 1997 10 187 115.805
PT115 1998 01 187 5.87524
PT115 1998 02 187 29.6684
PT115 1998 03 330 336.952
PT115 1998 04 3 0.026734
PT115 1998 05 3 12.5298
PT115 1998 06 136 60.2177
PT115 1998 07 1092 669.924
PT115 1998 08 3211 12494
PT115 1998 09 303 259.232
PT115 1998 10 303 2.39592
PT115 1998 12 2 0.0933221
PT115 1999 01 2 4.87561
PT115 1999 02 82 37.8917
PT115 1999 03 126 104.492
PT115 1999 04 115 49.0384
PT115 1999 05 115 6.34303
PT115 1999 06 84 182.42
PT115 1999 07 1381 596.64
PT115 1999 08 753 354.677
PT115 1999 09 388 269.144
PT115 1999 10 388 5.67562
PT115 2000 01 388 16.5492
PT115 2000 02 388 31.9552
PT115 2000 03 403 1211.88
PT115 2000 04 403 2.51772
PT115 2000 05 403 13.7281
PT115 2000 06 257 661.523
PT115 2000 07 550 440.509
PT115 2000 08 1711 5497.42
PT115 2000 09 1557 5109.48
PT115 2000 10 1557 41.3017
PT115 2001 02 1557 20.107
PT115 2001 04 118 77.6816
PT115 2001 05 118 15.0903
PT115 2001 06 571 697.759
PT115 2001 07 443 318.666
PT115 2001 08 831 989.146
PT115 2001 09 1249 1098.66
PT115 2001 11 1249 71.9262
PT115 2001 12 1249 90.7564
PT115 2002 01 3 1.30706
PT115 2002 02 3 25.7085
PT115 2002 03 127 164.762
PT115 2002 04 249 228.969
PT115 2002 05 97 65.3626
PT115 2002 06 229 167.687
PT115 2002 07 1111 2320.63
PT115 2002 08 1530 3302.15
PT115 2002 09 372 306.923
PT115 2003 01 372 2.33951
PT115 2003 02 372 0.829298
PT115 2003 03 152 155.442
PT115 2003 04 142 267.76
PT115 2003 05 315 310.519
PT115 2003 06 680 3398.28
PT115 2003 07 698 245.695
PT115 2003 08 1889 2491.18
PT115 2003 09 635 530.724
PT115 2003 10 635 6.84038
PT115 2004 01 2 0.00145226
PT115 2004 02 2 15.5215
PT115 2004 03 137 136.873
PT115 2004 04 211 222.438
PT115 2004 05 211 28.761
PT115 2004 06 395 388.052
PT115 2004 07 1308 9633.65
PT115 2004 08 364 189.44
PT115 2004 09 313 481.616
PT115 2004 10 313 277.4
PT115 2004 11 313 49.4301
PT115 2004 12 313 7.25632
PT115 2005 01 313 47.3099
PT115 2005 02 328 221.274
PT115 2005 03 433 1128.95
PT115 2005 04 433 177.101
PT115 2005 05 89 20.3038
PT115 2005 06 571 905.511
PT115 2005 07 1265 11731.7
PT115 2005 08 1553 23184.5
PT115 2005 09 405 557.006
PT115 2005 10 277 2364.94
PT115 2005 11 277 9.79624
PT115 2005 12 277 6.09863
PT115 2006 01 277 8.52231
PT115 2006 02 98 44.3277
PT115 2006 03 98 7.51815
PT115 2006 04 98 70.5917
PT115 2006 05 162 433.346
PT115 2006 06 332 707.254
PT115 2006 07 521 281.459
PT115 2006 08 999 3167.18
PT115 2006 09 295 298.772
PT115 2006 10 295 0.910018
PT115 2006 11 295 0.826995
PT115 2006 12 295 4.26801
PT115 2007 01 295 2.09626
PT115 2007 02 295 0.509339
PT115 2007 03 88 29.8563
PT115 2007 04 88 27.342
PT115 2007 05 88 13.8324
PT115 2007 06 88 8.55921
PT115 2007 07 88 24.7333
PT115 2007 08 315 149.324
PT115 2007 09 558 446.839
PT115 2007 10 310 253.429
PT115 2007 11 626 1371.75
PT115 2007 12 626 16.6443
PT116 1980 07 4 1017.31
PT116 1980 08 4 187.347
PT116 1980 09 4 2410.17
PT116 1980 10 2 5.63186
PT116 1981 01 2 13.598
PT116 1981 02 2 8.34129
PT116 1981 04 2 0.594233
PT116 1981 06 2 586.753
PT116 1981 07 2 864.534
PT116 1981 08 2 2099.84
PT116 1981 09 2 172.596
PT116 1981 10 2 2.04335
PT116 1981 11 2 2.23599
PT116 1981 12 2 6.7143
PT116 1982 06 3 0.22317
PT116 1982 07 3 18.7987
PT116 1982 08 3 2405.81
PT116 1982 09 3 55.8822
PT116 1983 02 2 13.2286
PT116 1983 06 2 85.1725
PT116 1983 07 3 2.01343
PT116 1983 08 3 45.3672
PT116 1983 09 3 164.797
PT116 1983 10 5 14.4362
PT116 1984 02 3 2.04838
PT116 1984 03 3 2.14327
PT116 1984 06 2 0.072746
PT116 1984 07 2 56.432
PT116 1984 08 2 447.436
PT116 1984 09 2 445.807
PT116 1984 10 2 1.04093
PT116 1985 01 2 15.8278
PT116 1985 04 3 5.50338
PT116 1985 05 2 0.147863
PT116 1985 06 3 8.12284
PT116 1985 07 3 62.76
PT116 1985 08 3 1110.44
PT116 1985 09 3 1988.18
PT116 1985 10 2 10.2301
PT116 1986 03 2 0.174976
PT116 1986 04 2 4.42094
PT116 1986 05 2 4.21434
PT116 1986 06 4 4.90203
PT116 1986 07 4 3514.62
PT116 1986 08 4 54.3522
PT116 1986 09 2 2.90254
PT116 1987 05 3 5.4414
PT116 1987 07 3 67.8852
PT116 1987 08 3 1464.9
PT116 1987 09 3 109.359
PT116 1988 07 3 2.62416
PT116 1988 08 3 97.0998
PT116 1988 09 3 48.025
PT116 1989 06 3 25.1884
PT116 1989 07 153 220.629
PT116 1989 08 153 232.235
PT116 1989 09 131 73.2493
PT116 1989 10 137 42.8897
PT116 1990 06 137 9.15272
PT116 1990 07 160 627.702
PT116 1990 08 206 1172.89
PT116 1990 09 206 17.1478
PT116 1990 10 5 5.6716
PT116 1991 06 5 42.9171
PT116 1991 07 101 1152.98
PT116 1991 08 186 914.274
PT116 1991 09 186 22.6319
PT116 1992 01 186 3.1253
PT116 1992 02 186 11.734
PT116 1992 03 186 333.505
PT116 1992 04 186 11.4037
PT116 1992 05 86 175.487
PT116 1992 06 86 6.55517
PT116 1992 07 144 69.7404
PT116 1992 08 165 166.116
PT116 1992 09 165 5.27288
PT116 1992 10 2 0.00648909
PT116 1993 01 4 0.113828
PT116 1993 02 4 20.8467
PT116 1993 03 4 2.04198
PT116 1993 04 4 0.45634
PT116 1993 06 4 6.42025
PT116 1993 07 132 68.1025
PT116 1993 08 152 66.3479
PT116 1993 09 152 23.4509
PT116 1994 01 4 0.615158
PT116 1994 02 3 0.67832
PT116 1994 03 3 13.5619
PT116 1994 04 3 22.519
PT116 1994 05 3 10.9019
PT116 1994 06 3 18.3359
PT116 1994 07 92 38.0153
PT116 1994 08 92 6.35884
PT116 1994 09 92 4.3899
PT116 1995 01 3 7.56901
PT116 1995 02 4 0.0806453
PT116 1995 03 4 134.488
PT116 1995 04 160 119.592
PT116 1995 05 160 2.92959
PT116 1995 06 105 100.881
PT116 1995 07 113 27.9275
PT116 1995 08 289 1602.85
PT116 1995 09 289 11.428
PT116 1995 10 289 42.1152
PT116 1996 02 5 0.28733
PT116 1996 03 5 2.49841
PT116 1996 04 5 39.0866
PT116 1996 05 5 2.89871
PT116 1996 06 93 28.876
PT116 1996 07 179 155.541
PT116 1996 08 136 874.743
PT116 1996 09 143 119.565
PT116 1996 10 143 1.77002
PT116 1997 03 2 237.435
PT116 1997 04 2 5.04178
PT116 1997 06 2 3.95914
PT116 1997 07 104 87.4831
PT116 1997 08 123 35.4039
PT116 1997 09 115 50.3265
PT116 1997 10 115 23.4562
PT116 1998 01 2 0.0323817
PT116 1998 02 2 4.40073
PT116 1998 03 89 53.7006
PT116 1998 05 89 3.94502
PT116 1998 06 89 6.65102
PT116 1998 07 112 85.5477
PT116 1998 08 376 935.428
PT116 1998 09 376 6.80079
PT116 1998 10 376 0.615473
PT116 1999 01 376 2.35502
PT116 1999 02 376 15.651
PT116 1999 03 376 84.0402
PT116 1999 04 376 97.1215
PT116 1999 05 376 1.98798
PT116 1999 06 376 119.662
PT116 1999 07 294 161.624
PT116 1999 08 141 35.6867
PT116 1999 09 85 22.4283
PT116 1999 10 85 1.51833
PT116 2000 01 85 15.7909
PT116 2000 02 85 1.63353
PT116 2000 03 207 497.956
PT116 2000 04 207 1.34735
PT116 2000 05 207 7.68774
PT116 2000 06 166 221.255
PT116 2000 07 95 41.472
PT116 2000 08 247 468.939
PT116 2000 09 169 134.98
PT116 2000 10 169 6.07513
PT116 2001 02 169 45.2503
PT116 2001 04 169 20.5468
PT116 2001 05 169 34.3849
PT116 2001 06 134 74.5897
PT116 2001 07 134 36.1378
PT116 2001 08 171 463.161
PT116 2001 09 233 375.943
PT116 2001 10 4 8.59981
PT116 2001 11 86 70.7208
PT116 2001 12 128 180.902
PT116 2002 01 2 0.00730657
PT116 2002 02 2 7.50553
PT116 2002 03 2 61.2212
PT116 2002 04 113 81.0041
PT116 2002 05 113 37.3141
PT116 2002 06 113 177.547
PT116 2002 07 183 441.405
PT116 2002 08 260 317.383
PT116 2002 09 260 48.5188
PT116 2003 01 4 2.2182
PT116 2003 02 2 0.0421482
PT116 2003 03 2 80.0155
PT116 2003 04 2 41.018
PT116 2003 05 88 51.8274
PT116 2003 06 85 14.9355
PT116 2003 07 85 50.0296
PT116 2003 08 196 274.664
PT116 2003 09 196 53.8896
PT116 2003 10 196 2.7584
PT116 2003 11 2 0.126444
PT116 2003 12 2 0.0240548
PT116 2004 01 2 0.056548
PT116 2004 02 2 41.5201
PT116 2004 03 2 51.402
PT116 2004 04 2 177.24
PT116 2004 05 2 17.1109
PT116 2004 06 158 145.835
PT116 2004 07 337 207.498
PT116 2004 08 337 15.481
PT116 2004 09 337 23.2867
PT116 2004 10 337 3.89801
PT116 2004 11 337 32.6214
PT116 2004 12 4 4.65353
PT116 2005 01 4 6.86185
PT116 2005 02 110 116.436
PT116 2005 03 153 457.221
PT116 2005 04 153 60.1876
PT116 2005 05 153 14.8254
PT116 2005 06 261 255.275
PT116 2005 07 547 403.71
PT116 2005 08 592 14959.3
PT116 2005 09 208 55.9267
PT116 2005 10 198 122.642
PT116 2005 11 3 0.0808938
PT116 2005 12 3 9.20455
PT116 2006 01 2 0.00170419
PT116 2006 02 2 2.11414
PT116 2006 03 2 0.380853
PT116 2006 04 2 6.21366
PT116 2006 05 2 53.8541
PT116 2006 06 2 29.0389
PT116 2006 07 82 13.0524
PT116 2006 08 194 542.378
PT116 2006 09 194 26.6312
PT116 2007 01 2 0.00551825
PT116 2007 03 2 1.32119
PT116 2007 04 2 0.536146
PT116 2007 05 2 1.95842
PT116 2007 06 2 2.65449
PT116 2007 07 2 86.9494
PT116 2007 08 2 14.8629
PT116 2007 09 2 19.8079
PT116 2007 10 2 2.22907
PT116 2007 11 2 54.2924
PT116 2007 12 2 2.12378
PT117 1980 04 2 0.0785617
PT117 1980 07 2 237.12
PT117 1980 08 2 169.362
PT117 1980 09 2 772.613
PT117 1980 10 3 7.96768
PT117 1981 01 2 12.1881
PT117 1981 02 5 44.5883
PT117 1981 04 2 0.995043
PT117 1981 05 3 4.04993
PT117 1981 06 3 27.9699
PT117 1981 07 3 258.313
PT117 1981 08 3 1016.22
PT117 1981 09 3 224.8
PT117 1981 10 3 7.28155
PT117 1981 11 3 4.76816
PT117 1981 12 2 0.378826
PT117 1982 01 2 6.39645
PT117 1982 03 3 27.1367
PT117 1982 05 3 48.4398
PT117 1982 06 3 37.0095
PT117 1982 07 3 853.218
PT117 1982 08 3 974.771
PT117 1982 09 3 635.88
PT117 1983 01 3 31.9667
PT117 1983 02 3 14.4722
PT117 1983 03 3 47.1268
PT117 1983 04 2 0.815165
PT117 1983 05 2 0.281441
PT117 1983 06 2 7.453
PT117 1983 07 2 333.761
PT117 1983 08 2 616.357
PT117 1983 09 144 665.394
PT117 1983 10 144 68.2509
PT117 1984 01 2 0.0571819
PT117 1984 02 2 6.73129
PT117 1984 03 2 29.9612
PT117 1984 04 4 2.07756
PT117 1984 07 4 207.582
PT117 1984 08 150 1380.27
PT117 1984 09 219 3553.1
PT117 1984 10 4 2.08302
PT117 1985 01 3 1.26022
PT117 1985 03 3 0.773877
PT117 1985 06 5 14.6376
PT117 1985 07 5 349.276
PT117 1985 08 260 2559.4
PT117 1985 09 145 1726.43
PT117 1985 10 145 513.724
PT117 1986 06 145 881.739
PT117 1986 07 111 3613.72
PT117 1986 08 99 3218.7
PT117 1986 09 99 698.099
PT117 1986 10 4 5.82516
PT117 1987 06 4 225.326
PT117 1987 07 85 886.154
PT117 1987 08 133 1698.21
PT117 1987 09 94 1180.5
PT117 1988 06 3 2.3775
PT117 1988 07 3 69.4456
PT117 1988 08 127 747.665
PT117 1988 09 277 1586.85
PT117 1988 10 277 291.338
PT117 1989 05 4 12.942
PT117 1989 06 4 71.7522
PT117 1989 07 208 2831.47
PT117 1989 08 289 1964.06
PT117 1989 09 274 3043.54
PT117 1989 10 119 385.01
PT117 1990 06 119 157.641
PT117 1990 07 127 589.89
PT117 1990 08 158 7136.84
PT117 1990 09 107 632.528
PT117 1990 10 4 4.76243
PT117 1991 04 4 3.19221
PT117 1991 05 4 4.19904
PT117 1991 06 4 197.854
PT117 1991 07 94 2388.09
PT117 1991 08 376 3173.13
PT117 1991 09 108 394.863
PT117 1991 10 108 11.0234
PT117 1992 02 2 0.00613953
PT117 1992 05 3 0.043785
PT117 1992 06 3 8.33043
PT117 1992 07 161 471.728
PT117 1992 08 332 1422.69
PT117 1992 09 136 151.325
PT117 1992 10 136 9.87481
PT117 1993 02 136 4.00291
PT117 1993 03 136 30.7098
PT117 1993 04 136 27.4704
PT117 1993 05 2 16.6641
PT117 1993 06 2 1.1014
PT117 1993 07 99 155.158
PT117 1993 08 272 831.179
PT117 1993 09 92 244.929
PT117 1994 01 2 0.0909087
PT117 1994 02 2 0.0490454
PT117 1994 03 2 35.5022
PT117 1994 04 2 19.5909
PT117 1994 05 2 11.6853
PT117 1994 06 2 36.0556
PT117 1994 07 213 1063.02
PT117 1994 08 515 3022.08
PT117 1994 09 328 1778.92
PT117 1994 10 119 118.435
PT117 1994 11 2 0.0674505
PT117 1994 12 2 0.00589551
PT117 1995 01 2 7.57485
PT117 1995 02 3 3.16514
PT117 1995 03 3 101.657
PT117 1995 04 110 261.966
PT117 1995 05 110 9.08447
PT117 1995 06 119 179.911
PT117 1995 07 230 419.287
PT117 1995 08 723 5278.55
PT117 1995 09 215 943.814
PT117 1995 10 286 949.401
PT117 1995 11 5 1.31975
PT117 1996 02 5 10.3135
PT117 1996 03 5 2.99082
PT117 1996 04 5 6.18055
PT117 1996 05 5 4.68135
PT117 1996 06 89 836.455
PT117 1996 07 431 2012.12
PT117 1996 08 632 10598.6
PT117 1996 09 385 1650.65
PT117 1996 10 385 104.736
PT117 1996 11 3 1.61688
PT117 1997 02 3 12.4511
PT117 1997 03 192 267.023
PT117 1997 04 117 167.766
PT117 1997 05 117 35.6052
PT117 1997 06 117 3.89757
PT117 1997 07 134 225.026
PT117 1997 08 304 445.587
PT117 1997 09 443 727.131
PT117 1997 10 214 301.152
PT117 1997 11 2 3.88419
PT117 1998 02 2 24.0937
PT117 1998 03 119 69.5762
PT117 1998 04 2 0.453092
PT117 1998 05 2 13.227
PT117 1998 06 2 50.688
PT117 1998 07 328 1202.93
PT117 1998 08 1039 8960.99
PT117 1998 09 425 3211.69
PT117 1998 10 86 95.5696
PT117 1998 11 86 12.8018
PT117 1998 12 86 12.9906
PT117 1999 01 86 4.8528
PT117 1999 02 109 57.9367
PT117 1999 03 109 22.5521
PT117 1999 04 109 162.51
PT117 1999 05 3 2.59557
PT117 1999 06 3 1155.72
PT117 1999 07 396 4149.13
PT117 1999 08 358 1329.36
PT117 1999 09 178 175.375
PT117 1999 10 178 48.4257
PT117 1999 11 178 5.90293
PT117 1999 12 178 1.52994
PT117 2000 01 178 5.356
PT117 2000 02 178 14.0421
PT117 2000 03 245 382.697
PT117 2000 04 245 3.81906
PT117 2000 05 245 2.98433
PT117 2000 06 119 353.083
PT117 2000 07 230 1570.94
PT117 2000 08 712 13197
PT117 2000 09 626 5215.98
PT117 2000 10 158 1224.43
PT117 2001 02 158 14.5109
PT117 2001 03 2 0.01011
PT117 2001 04 2 59.8111
PT117 2001 05 2 20.4071
PT117 2001 06 151 962.16
PT117 2001 07 187 1057.18
PT117 2001 08 464 7226.27
PT117 2001 09 468 2929.71
PT117 2001 10 468 46.6398
PT117 2001 11 468 80.6052
PT117 2001 12 84 53.9385
PT117 2002 01 3 0.0610986
PT117 2002 02 3 20.9303
PT117 2002 03 3 72.7603
PT117 2002 04 3 54.8222
PT117 2002 05 3 23.5076
PT117 2002 06 115 549.032
PT117 2002 07 272 4799.19
PT117 2002 08 354 7448.2
PT117 2002 09 100 1489.4
PT117 2003 01 5 0.553647
PT117 2003 02 5 9.39972
PT117 2003 03 5 63.5712
PT117 2003 04 5 26.2323
PT117 2003 05 5 106.841
PT117 2003 06 5 305.349
PT117 2003 07 156 2188.68
PT117 2003 08 322 11662.3
PT117 2003 09 215 1360.84
PT117 2003 10 215 7.70161
PT117 2003 11 3 0.331206
PT117 2004 01 3 1.85396
PT117 2004 02 3 48.883
PT117 2004 03 3 99.9217
PT117 2004 04 3 87.224
PT117 2004 05 3 20.8652
PT117 2004 06 125 259.491
PT117 2004 07 298 9372.18
PT117 2004 08 153 649.46
PT117 2004 09 272 1621.28
PT117 2004 10 144 261.164
PT117 2004 11 144 12.091
PT117 2004 12 144 8.27102
PT117 2005 01 144 29.7727
PT117 2005 02 136 180.727
PT117 2005 03 181 217.619
PT117 2005 04 181 31.5534
PT117 2005 05 181 46.681
PT117 2005 06 132 1223.37
PT117 2005 07 249 7766.63
PT117 2005 08 341 11266.4
PT117 2005 09 168 735.23
PT117 2005 10 99 149.995
PT117 2005 11 3 0.0468956
PT117 2005 12 3 0.00666171
PT117 2006 01 3 0.0661106
PT117 2006 02 3 10.44
PT117 2006 03 3 5.16054
PT117 2006 04 3 18.4205
PT117 2006 05 103 190.915
PT117 2006 06 103 180.174
PT117 2006 07 132 753.552
PT117 2006 08 190 1157.49
PT117 2006 09 136 271.279
PT117 2006 10 136 1.20495
PT117 2006 12 5 1.31643
PT117 2007 01 5 0.17715
PT117 2007 02 3 0.27587
PT117 2007 03 3 163.307
PT117 2007 04 3 23.079
PT117 2007 05 3 5.01652
PT117 2007 06 3 3.6663
PT117 2007 07 3 138.406
PT117 2007 08 128 213.059
PT117 2007 09 153 261.311
PT117 2007 10 187 123.566
PT117 2007 11 246 503.781
PT117 2007 12 246 19.1591
PT118 1980 04 246 58.7416
PT118 1980 06 4 48.5705
PT118 1980 07 4 457.003
PT118 1980 08 4 2915.09
PT118 1980 09 4 1238.88
PT118 1980 10 4 2.45482
PT118 1980 12 3 3.83463
PT118 1981 01 3 405.699
PT118 1981 02 3 397.393
PT118 1981 03 3 4.00752
PT118 1981 04 2 11.6503
PT118 1981 05 2 2.76437
PT118 1981 06 2 678.885
PT118 1981 07 2 1287.45
PT118 1981 08 92 2946.34
PT118 1981 09 92 1619.76
PT118 1981 10 5 65.8112
PT118 1981 11 2 1.7259
PT118 1981 12 2 4.3212
PT118 1982 02 2 1.80704
PT118 1982 03 2 17.8084
PT118 1982 04 2 17.0129
PT118 1982 05 2 1.10454
PT118 1982 06 2 30.3164
PT118 1982 07 2 1036.62
PT118 1982 08 141 3372.3
PT118 1982 09 112 2070.22
PT118 1982 10 2 1.48543
PT118 1983 01 2 12.1859
PT118 1983 02 3 5.98197
PT118 1983 03 4 3.17563
PT118 1983 04 2 1.28676
PT118 1983 05 2 3.23828
PT118 1983 06 2 0.74353
PT118 1983 07 4 2.31011
PT118 1983 08 4 73.0685
PT118 1983 09 4 265.763
PT118 1983 10 4 78.7805
PT118 1984 02 4 167.063
PT118 1984 03 4 41.7939
PT118 1984 04 3 7.5264
PT118 1984 06 2 0.685165
PT118 1984 07 2 81.1232
PT118 1984 08 2 595.439
PT118 1984 09 2 1099.92
PT118 1985 02 3 3.8918
PT118 1985 03 3 14.3805
PT118 1985 05 4 6.50462
PT118 1985 06 2 0.136315
PT118 1985 07 2 314.424
PT118 1985 08 119 2868.46
PT118 1985 09 113 3771.83
PT118 1986 03 3 1.53928
PT118 1986 04 3 36.7075
PT118 1986 05 3 24.8141
PT118 1986 06 3 1647.35
PT118 1986 07 3 1414.71
PT118 1986 08 3 3168.28
PT118 1986 09 3 142.371
PT118 1987 04 2 2.32357
PT118 1987 06 2 276.046
PT118 1987 07 2 287.47
PT118 1987 08 102 2149.56
PT118 1987 09 84 3406.61
PT118 1988 07 84 5.98771
PT118 1988 08 84 279.342
PT118 1988 09 102 720.032
PT118 1989 06 102 49.1463
PT118 1989 07 89 224.82
PT118 1989 08 208 1231.57
PT118 1989 09 223 1915.54
PT118 1989 10 223 248.17
PT118 1990 06 223 12.0752
PT118 1990 07 223 2508.89
PT118 1990 08 132 11689.1
PT118 1990 09 86 749.032
PT118 1991 04 3 2.03509
PT118 1991 05 3 2.15772
PT118 1991 06 3 55.6258
PT118 1991 07 3 500.309
PT118 1991 08 258 8175.9
PT118 1991 09 180 513.507
PT118 1991 10 180 34.0457
PT118 1992 05 180 5.77497
PT118 1992 06 180 29.3807
PT118 1992 07 98 474.951
PT118 1992 08 150 1099.08
PT118 1992 09 162 378.507
PT118 1992 10 162 35.3623
PT118 1993 01 3 1.60447
PT118 1993 02 3 13.6672
PT118 1993 03 3 38.3307
PT118 1993 04 3 26.7758
PT118 1993 06 3 1.07448
PT118 1993 07 3 385.547
PT118 1993 08 135 1788.68
PT118 1993 09 135 486.313
PT118 1994 03 135 38.5261
PT118 1994 04 135 128.002
PT118 1994 05 135 9.82394
PT118 1994 06 135 18.1146
PT118 1994 07 127 318.259
PT118 1994 08 424 4406.24
PT118 1994 09 303 3708.65
PT118 1994 10 303 82.9344
PT118 1994 11 2 1.97774
PT118 1994 12 2 0.10476
PT118 1995 01 3 1.6594
PT118 1995 02 4 0.380327
PT118 1995 03 4 270.258
PT118 1995 04 135 1713.84
PT118 1995 05 135 33.9348
PT118 1995 06 135 142.917
PT118 1995 07 91 465.837
PT118 1995 08 545 9630.46
PT118 1995 09 221 1418.6
PT118 1995 10 219 842.823
PT118 1995 11 219 3.15258
PT118 1996 02 4 2.29912
PT118 1996 03 4 7.15999
PT118 1996 04 4 63.6606
PT118 1996 05 3 3.55065
PT118 1996 06 3 45.7169
PT118 1996 07 301 3765.24
PT118 1996 08 524 6423.45
PT118 1996 09 424 7058.45
PT118 1996 10 424 139.861
PT118 1996 11 424 7.00832
PT118 1997 02 424 12.1774
PT118 1997 03 243 536.457
PT118 1997 04 119 246.893
PT118 1997 05 119 19.9181
PT118 1997 06 119 17.4554
PT118 1997 07 119 70.4834
PT118 1997 08 168 819.016
PT118 1997 09 408 606.758
PT118 1997 10 214 340.04
PT118 1998 02 214 29.986
PT118 1998 03 178 564.931
PT118 1998 04 3 4.13035
PT118 1998 05 3 12.5236
PT118 1998 06 3 21.3654
PT118 1998 07 251 576.767
PT118 1998 08 955 28466.4
PT118 1998 09 430 2146.63
PT118 1998 10 430 176.072
PT118 1998 11 430 70.4258
PT118 1998 12 430 7.77382
PT118 1999 01 4 33.5835
PT118 1999 02 86 270.119
PT118 1999 03 89 633.206
PT118 1999 04 89 254.08
PT118 1999 05 89 15.2557
PT118 1999 06 89 327.637
PT118 1999 07 247 745.952
PT118 1999 08 373 4632.71
PT118 1999 09 149 240.383
PT118 1999 10 149 53.1362
PT118 1999 11 149 19.2469
PT118 1999 12 149 2.77339
PT118 2000 01 149 20.3664
PT118 2000 02 149 94.4412
PT118 2000 03 243 1905.8
PT118 2000 04 243 21.1297
PT118 2000 05 243 7.02955
PT118 2000 06 98 202.526
PT118 2000 07 102 955.059
PT118 2000 08 655 7377.15
PT118 2000 09 755 18567.5
PT118 2000 10 156 620.839
PT118 2001 01 4 0.998578
PT118 2001 02 4 244.235
PT118 2001 04 4 56.1055
PT118 2001 05 4 22.1715
PT118 2001 06 123 2280.68
PT118 2001 07 189 4847.23
PT118 2001 08 472 3043.86
PT118 2001 09 543 6924.58
PT118 2001 10 543 24.7115
PT118 2001 11 543 82.1445
PT118 2001 12 543 330.34
PT118 2002 01 4 1.32184
PT118 2002 02 4 180.837
PT118 2002 03 4 249.521
PT118 2002 04 4 393.557
PT118 2002 05 4 177.716
PT118 2002 06 4 488.327
PT118 2002 07 242 4905.12
PT118 2002 08 448 14574.7
PT118 2002 09 133 490.512
PT118 2003 01 133 2.28473
PT118 2003 02 133 8.91523
PT118 2003 03 133 88.0038
PT118 2003 04 133 118.265
PT118 2003 05 133 73.3299
PT118 2003 06 133 220.325
PT118 2003 07 119 373.579
PT118 2003 08 400 4080.46
PT118 2003 09 213 596.386
PT118 2003 10 5 1.75895
PT118 2004 01 5 2.21429
PT118 2004 02 5 49.7911
PT118 2004 03 5 94.2344
PT118 2004 04 90 520.192
PT118 2004 05 90 62.8736
PT118 2004 06 93 688.327
PT118 2004 07 257 15081.2
PT118 2004 08 177 595.959
PT118 2004 09 175 3278.06
PT118 2004 10 97 237.143
PT118 2004 11 97 10.3214
PT118 2004 12 97 5.58307
PT118 2005 01 97 48.9444
PT118 2005 02 158 866.652
PT118 2005 03 213 1376.3
PT118 2005 04 213 30.9042
PT118 2005 05 213 24.015
PT118 2005 06 82 438.728
PT118 2005 07 196 2294.28
PT118 2005 08 477 25593.6
PT118 2005 09 255 1682.47
PT118 2005 10 142 2488.04
PT118 2005 11 3 0.186735
PT118 2005 12 3 4.33547
PT118 2006 01 3 2.59776
PT118 2006 02 3 38.904
PT118 2006 03 3 17.1593
PT118 2006 04 3 24.2347
PT118 2006 05 3 53.133
PT118 2006 06 3 28.9801
PT118 2006 07 104 1109.11
PT118 2006 08 252 1682.84
PT118 2006 09 213 2724.13
PT118 2006 10 213 3.939
PT118 2006 11 2 0.0130537
PT118 2006 12 2 0.876284
PT118 2007 01 4 15.8589
PT118 2007 02 2 0.00509497
PT118 2007 03 2 173.856
PT118 2007 04 2 63.5328
PT118 2007 05 2 18.2064
PT118 2007 06 2 5.54257
PT118 2007 07 2 29.3327
PT118 2007 08 126 199.749
PT118 2007 09 194 816.386
PT118 2007 10 142 287.953
PT118 2007 11 412 1025.59
PT118 2007 12 412 98.3797
PT150 1980 07 412 96.1246
PT150 1980 08 412 604.713
PT150 1980 09 412 1113.56
PT150 1980 10 5 235.688
PT150 1981 01 5 64.8779
PT150 1981 02 3 3.98873
PT150 1981 03 4 2.78965
PT150 1981 05 2 0.583888
PT150 1981 06 2 678.629
PT150 1981 07 2 717.168
PT150 1981 08 2 36.7594
PT150 1981 09 2 59.5705
PT150 1981 10 2 679.128
PT150 1981 11 2 32.0004
PT150 1981 12 4 15.0219
PT150 1982 06 4 42.6173
PT150 1982 07 4 3357.72
PT150 1982 08 4 130.191
PT150 1982 09 4 88.1415
PT150 1983 05 2 3.82041
PT150 1983 07 2 30.9643
PT150 1983 08 2 334.389
PT150 1983 09 2 12002.2
PT150 1983 10 4 40.9248
PT150 1984 07 3 117.862
PT150 1984 08 3 12.315
PT150 1984 10 3 12.1776
PT150 1985 03 2 1.32666
PT150 1985 04 2 3.50664
PT150 1985 05 3 6.28613
PT150 1985 06 3 142.67
PT150 1985 07 3 3177.53
PT150 1985 08 3 1055.35
PT150 1985 09 3 1000.24
PT150 1985 10 3 653.343
PT150 1985 11 5 11.6957
PT150 1986 03 3 1.71956
PT150 1986 04 2 0.624243
PT150 1986 05 2 28.8668
PT150 1986 06 2 143.899
PT150 1986 07 2 386.902
PT150 1986 08 2 516.868
PT150 1986 09 2 156.823
PT150 1986 10 2 5.79695
PT150 1987 05 4 9.06356
PT150 1987 06 4 67.7875
PT150 1987 07 4 86.198
PT150 1987 08 4 157.909
PT150 1987 09 4 53.8159
PT150 1988 06 2 0.77502
PT150 1988 07 2 185.82
PT150 1988 08 2 299.142
PT150 1988 09 2 161.645
PT150 1988 10 2 34.2974
PT150 1989 06 2 20.6408
PT150 1989 07 2 12.9219
PT150 1989 08 2 44.5113
PT150 1989 09 2 18.155
PT150 1989 10 2 61.9331
PT150 1990 07 2 185.879
PT150 1990 08 87 283.071
PT150 1990 09 87 45.5878
PT150 1990 10 87 77.22
PT150 1991 06 155 3770.67
PT150 1991 07 183 740.776
PT150 1991 08 140 562.888
PT150 1991 09 144 103.474
PT150 1991 10 144 279.26
PT150 1992 03 2 1.09292
PT150 1992 05 2 364.155
PT150 1992 06 144 828.238
PT150 1992 07 200 253.814
PT150 1992 08 136 117.019
PT150 1992 09 124 513.519
PT150 1992 10 124 365.516
PT150 1993 01 124 11.827
PT150 1993 02 124 6.74528
PT150 1993 03 124 23.5504
PT150 1993 04 124 9.72084
PT150 1993 05 124 0.0323153
PT150 1993 06 124 4.51017
PT150 1993 07 122 4334.29
PT150 1993 08 122 24.5074
PT150 1993 09 122 117.822
PT150 1993 10 122 22.3069
PT150 1993 11 122 3.00137
PT150 1993 12 122 7.70807
PT150 1994 01 122 3.21348
PT150 1994 02 5 2.93773
PT150 1994 03 5 5.4089
PT150 1994 04 5 34.7004
PT150 1994 05 5 13.1501
PT150 1994 06 5 62.5018
PT150 1994 07 81 547.313
PT150 1994 08 81 760.472
PT150 1994 09 81 53.8591
PT150 1994 10 81 25.4587
PT150 1994 11 81 4.78953
PT150 1994 12 81 5.24346
PT150 1995 01 81 7.971
PT150 1995 02 4 1.23608
PT150 1995 03 4 8.13856
PT150 1995 04 4 616.961
PT150 1995 05 4 31.1219
PT150 1995 06 4 19.8947
PT150 1995 07 4 8170.03
PT150 1995 08 4 408.495
PT150 1995 09 4 88.2204
PT150 1995 10 4 20.1874
PT150 1995 11 4 1.51622
PT150 1995 12 2 0.157731
PT150 1996 02 5 0.0625435
PT150 1996 03 3 0.445881
PT150 1996 04 3 4.58864
PT150 1996 05 3 1.20109
PT150 1996 06 3 37.7004
PT150 1996 07 3 359.042
PT150 1996 08 3 8.61859
PT150 1996 09 3 29.7583
PT150 1996 10 3 24.5107
PT150 1996 11 3 19.0086
PT150 1996 12 2 0.0359525
PT150 1997 01 4 1.43402
PT150 1997 02 4 1.04625
PT150 1997 03 4 14.4809
PT150 1997 04 4 2.10395
PT150 1997 05 4 2.00853
PT150 1997 06 4 52.2688
PT150 1997 07 4 33.0613
PT150 1997 08 4 63.8449
PT150 1997 09 4 27.7934
PT150 1997 10 4 0.824262
PT150 1997 12 4 0.0773297
PT150 1998 01 2 0.0069869
PT150 1998 02 3 0.126484
PT150 1998 03 3 2.14363
PT150 1998 04 3 1.11504
PT150 1998 05 3 1.45019
PT150 1998 06 3 139.93
PT150 1998 07 3 106.988
PT150 1998 08 3 294.931
PT150 1998 09 3 19.5328
PT150 1998 10 3 26.3539
PT150 1998 11 3 9.68913
PT150 1998 12 3 19.8934
PT150 1999 01 3 5.49202
PT150 1999 02 3 3.57186
PT150 1999 03 3 7.96739
PT150 1999 04 3 18.1434
PT150 1999 05 3 22.2369
