HR036 2002 02 118 105.327
HR036 2002 03 118 874.852
HR036 2002 04 118 1964.11
HR036 2002 05 118 26.1893
HR036 2002 06 118 5.26547
HR036 2002 07 118 870.123
HR036 2002 08 118 286.723
HR036 2002 09 118 1449.15
HR036 2002 10 118 10.8343
HR036 2002 11 4 2.26656
HR036 2002 12 4 87.636
HR036 2003 01 4 28.011
HR036 2003 02 4 235.579
HR036 2003 03 109 552.682
HR036 2003 04 109 332.752
HR036 2003 05 109 1470.53
HR036 2003 06 109 461.901
HR036 2003 07 109 178.552
HR036 2003 08 86 6540.25
HR036 2003 09 86 5.96261
HR036 2003 10 86 6.96418
HR036 2003 11 86 80.3991
HR036 2003 12 86 57.0541
HR036 2004 01 86 20.7641
HR036 2004 02 86 5.8758
HR036 2004 03 86 145.59
HR036 2004 04 86 10.7971
HR036 2004 05 4 182.018
HR036 2004 06 4 14.3732
HR036 2004 07 4 2019.37
HR036 2004 08 4 196.691
HR036 2004 09 4 22.9457
HR036 2004 10 4 0.0705551
HR036 2004 11 4 6.48147
HR036 2004 12 4 4.51295
HR036 2005 01 4 851
HR036 2005 02 4 405.372
HR036 2005 03 4 169.451
HR036 2005 04 4 11.8234
HR036 2005 05 4 14.2945
HR036 2005 06 4 130.905
HR036 2005 07 4 221.843
HR036 2005 08 4 0.431868
HR036 2005 09 5 14.8077
HR036 2005 10 4 0.485385
HR036 2005 11 4 5.32373
HR036 2005 12 4 32.4436
HR036 2006 01 4 6.75679
HR036 2006 02 4 57.0697
HR036 2006 03 4 51.5727
HR036 2006 04 4 10.0221
HR036 2006 05 3 0.00802884
HR036 2006 06 3 4.66133
HR036 2006 07 3 135.192
HR036 2006 08 3 1.6635
HR036 2006 09 3 1.58064
HR036 2006 10 3 1.90723
HR036 2006 11 5 0.0405324
HR036 2006 12 2 0.00569027
HR037 1996 01 2 1.80724
HR037 1996 02 4 4.77738
HR037 1996 03 4 21.4854
HR037 1996 04 4 3.15701
HR037 1996 05 4 9.1174
HR037 1996 06 4 3.94526
HR037 1996 07 4 2414.21
HR037 1996 08 4 476.263
HR037 1996 09 3 0.588952
HR037 1996 10 3 0.00152277
HR037 1996 12 2 0.0185367
HR037 1997 01 3 0.70877
HR037 1997 02 3 236.424
HR037 1997 03 3 87.6356
HR037 1997 04 3 138.243
HR037 1997 05 5 2.86528
HR037 1997 06 5 9.996
HR037 1997 07 5 278.579
HR037 1997 08 5 28.14
HR037 1997 09 5 70.6033
HR037 1997 10 5 378.121
HR037 1997 11 4 10.6686
HR037 1997 12 3 0.325979
HR037 1998 01 3 0.04927
HR037 1998 02 3 610.983
HR037 1998 03 3 308.316
HR037 1998 04 3 203.813
HR037 1998 05 2 0.00278612
HR037 1998 06 2 5.05981
HR037 1998 07 2 1570.34
HR037 1998 08 2 221.888
HR037 1998 09 5 167.515
HR037 1998 10 4 0.345291
HR037 1998 11 2 0.00670601
HR037 1998 12 2 8.40853
HR037 1999 01 2 324.24
HR037 1999 02 2 16.9583
HR037 1999 03 2 139.396
HR037 1999 04 5 399.671
HR037 1999 05 5 5.12541
HR037 1999 06 5 32.6331
HR037 1999 07 5 9.84662
HR037 1999 08 5 195.53
HR037 1999 09 5 26.4961
HR037 1999 10 5 42.0231
HR037 1999 11 2 0.353476
HR037 1999 12 2 17.6073
HR037 2000 01 2 48.3431
HR037 2000 02 2 81.1581
HR037 2000 03 2 1126.43
HR037 2000 04 5 1.53192
HR037 2000 05 5 29.4133
HR037 2000 06 5 64.7919
HR037 2000 07 5 234.798
HR037 2000 08 5 253.493
HR037 2000 09 5 187.432
HR037 2000 10 5 128.793
HR037 2000 11 3 1.60014
HR037 2000 12 5 26.431
HR037 2001 01 3 11.0188
HR037 2001 02 3 52.4791
HR037 2001 03 3 0.43812
HR037 2001 04 4 0.0957189
HR037 2001 05 4 0.458906
HR037 2001 06 4 4.01452
HR037 2001 07 4 2112.18
HR037 2001 08 4 464.399
HR037 2001 09 4 325.856
HR037 2001 10 4 19.0658
HR037 2001 11 4 60.8198
HR037 2001 12 4 22.3202
HR037 2002 01 4 55.0842
HR037 2002 02 4 240.756
HR037 2002 03 4 131.038
HR037 2002 04 5 15.768
HR037 2002 05 5 557.545
HR037 2002 06 5 5.03855
HR037 2002 07 5 218.264
HR037 2002 08 5 8.89644
HR037 2002 09 5 60.0131
HR037 2002 10 3 7.00444
HR037 2002 11 5 8.37568
HR037 2002 12 2 32.9025
HR037 2003 01 5 0.10704
HR037 2003 02 5 79.1358
HR037 2003 03 5 148.461
HR037 2003 04 5 12.735
HR037 2003 05 5 37.7445
HR037 2003 06 5 30.8007
HR037 2003 07 5 79.2485
HR037 2003 08 5 2261.7
HR037 2003 09 5 7.81685
HR037 2003 10 5 13.7331
HR037 2003 11 5 57.9366
HR037 2003 12 5 9.35435
HR037 2004 01 5 90.911
HR037 2004 02 5 182.432
HR037 2004 03 5 167.27
HR037 2004 04 5 3.22525
HR037 2004 06 5 2.12795
HR037 2004 07 5 42.6649
HR037 2004 08 5 93.3383
HR037 2004 09 5 24.8546
HR037 2004 10 5 0.028196
HR037 2004 11 5 129.781
HR037 2004 12 4 0.49613
HR037 2005 01 4 6.12793
HR037 2005 02 4 4.7995
HR037 2005 03 4 46.5891
HR037 2005 04 5 13.9769
HR037 2005 05 5 8.59181
HR037 2005 06 5 183.48
HR037 2005 07 5 3.72476
HR037 2005 08 5 0.0735987
HR037 2005 09 5 0.538759
HR037 2005 10 5 30.169
HR037 2005 11 3 1.17392
HR037 2005 12 4 0.171656
HR037 2006 01 4 8.81385
HR037 2006 02 4 33.2669
HR037 2006 03 4 0.37162
HR037 2006 04 4 0.247454
HR037 2006 05 4 4.94208
HR037 2006 06 4 0.718875
HR037 2006 07 4 70.6046
HR037 2006 08 4 17.5727
HR037 2006 09 4 0.112685
HR037 2006 10 4 10.5923
HR037 2006 11 4 4.18053
HR037 2006 12 4 0.557512
HU101 2004 08 2 0.109117
HU101 2004 09 2 0.440811
HU101 2005 01 2 2.31989
HU101 2005 03 2 6.27414
HU101 2005 06 2 0.780278
HU101 2007 03 2 0.0102828
HU101 2007 04 5 27.5793
HU101 2007 07 5 8.27837
HU102 2003 03 3 0.354177
HU102 2003 04 3 99.482
HU102 2003 06 5 1.75501
HU102 2003 08 3 1.34096
HU102 2003 09 3 5.13325
HU102 2004 03 2 0.805042
HU102 2004 05 2 0.908042
HU102 2004 06 2 0.451804
HU102 2005 05 4 1.50165
HU102 2005 06 4 0.961704
HU102 2007 03 2 7.71833
HU102 2007 04 2 25.0182
HU102 2007 06 2 2.49865
HU102 2007 07 2 7.08833
HU102 2007 10 2 28.4367
HU211 2003 07 2 17.3487
HU211 2003 09 2 0.809033
HU211 2006 11 2 0.715998
HU211 2007 01 4 19.5739
HU211 2007 02 2 0.0372696
HU211 2007 03 4 11.4567
HU211 2007 04 4 7.08451
HU211 2007 05 2 55.0206
HU211 2007 06 2 10.1865
HU211 2007 07 2 72.0851
HU211 2007 08 5 21.0835
HU211 2007 11 2 0.224739
HU212 2003 04 5 3.19261
HU212 2003 07 2 20.6083
HU212 2003 08 4 1.46944
HU212 2003 09 2 1.50198
HU212 2004 05 2 1.31111
HU212 2007 03 4 10.2989
HU212 2007 04 5 5.78753
HU212 2007 06 2 0.0711915
HU212 2007 07 5 32.0717
HU212 2007 08 5 5.35964
HU213 2002 01 3 0.0382642
HU213 2002 02 5 5.7428
HU213 2002 03 5 22.6741
HU213 2002 04 4 1.06416
HU213 2002 05 3 9.32197
HU213 2002 06 5 5.91366
HU213 2002 09 2 0.0127724
HU213 2003 03 2 21.5532
HU213 2003 04 2 2.64986
HU213 2003 05 4 6.40468
HU213 2003 06 4 5.67833
HU213 2003 07 4 27.1491
HU213 2003 08 5 1.63731
HU213 2003 09 3 1.06247
HU213 2004 05 2 0.142927
HU213 2004 07 2 0.143657
HU213 2004 09 2 8.10668
HU213 2004 10 2 0.95599
HU213 2006 03 5 11.7639
HU213 2006 04 2 1.03307
HU213 2006 05 2 0.0276234
HU213 2006 07 5 3.83393
HU213 2007 01 4 2.75566
HU213 2007 02 3 3.22717
HU213 2007 03 2 0.767696
HU213 2007 04 2 0.699492
HU213 2007 05 2 0.0741444
HU213 2007 06 2 2.39742
HU213 2007 07 2 87.5982
HU213 2007 08 2 15.0612
HU213 2007 10 2 0.00370647
HU221 2002 02 2 0.313902
HU221 2002 03 2 9.30803
HU221 2002 04 2 2.54822
HU221 2002 05 2 5.27891
HU221 2002 06 2 9.77171
HU221 2002 07 2 30.1604
HU221 2003 07 3 5.86705
HU221 2003 09 2 0.262144
HU221 2004 03 2 0.428871
HU221 2004 04 3 0.0147633
HU221 2004 05 3 0.615624
HU221 2004 07 2 0.026365
HU221 2004 08 3 0.515906
HU221 2004 09 3 1.62954
HU221 2005 04 3 6.68512
HU221 2005 06 5 2.3678
HU221 2006 03 2 9.53587
HU221 2006 07 5 0.216277
HU221 2007 04 4 0.396888
HU221 2007 05 2 4.33485
HU221 2007 07 2 9.04292
HU221 2007 08 2 2.47594
HU222 2002 03 3 46.8779
HU222 2002 04 2 1.16285
HU222 2002 05 2 0.0136258
HU222 2002 06 2 10.7744
HU222 2003 07 3 6.90433
HU222 2003 08 5 15.1352
HU222 2003 09 3 1.13132
HU222 2003 10 2 0.0952298
HU222 2004 03 2 1.87481
HU222 2004 04 3 4.59666
HU222 2004 05 2 0.0135996
HU222 2004 08 3 2.39502
HU222 2004 09 4 2.59627
HU222 2005 04 4 7.38875
HU222 2005 06 2 1.15845
HU222 2006 03 5 4.26122
HU222 2006 04 3 11.1262
HU222 2007 03 5 20.3962
HU222 2007 04 5 26.9886
HU222 2007 05 3 0.768321
HU222 2007 06 3 0.537887
HU222 2007 07 5 26.958
HU222 2007 08 3 0.160633
HU223 2002 02 2 1.35162
HU223 2002 03 2 2.40802
HU223 2002 04 2 0.383462
HU223 2002 06 4 7.44596
HU223 2002 07 3 1.35328
HU223 2003 04 3 1.59236
HU223 2003 07 3 4.442
HU223 2004 10 2 1.86453
HU223 2007 03 2 5.93245
HU223 2007 05 3 6.13405
HU223 2007 07 2 0.397707
HU231 2002 02 2 1.06311
HU231 2002 03 3 1.90104
HU231 2003 03 4 11.102
HU231 2003 04 3 4.47701
HU231 2003 06 2 4.88615
HU231 2003 09 2 3.71886
HU231 2004 03 2 1.95575
HU231 2004 09 2 2.55048
HU231 2005 03 2 2.65498
HU231 2006 03 2 17.4378
HU231 2007 01 3 4.31782
HU231 2007 03 4 18.3605
HU231 2007 04 3 13.6326
HU231 2007 05 2 0.00841099
HU231 2007 07 2 174.173
HU231 2007 08 5 7.1073
HU232 2002 02 4 17.9673
HU232 2002 03 3 22.103
HU232 2002 04 2 2.01322
HU232 2002 05 2 0.543395
HU232 2002 07 2 2.10234
HU232 2002 09 2 2.18797
HU232 2003 07 3 0.796307
HU232 2003 08 2 1.09419
HU232 2003 09 3 2.86551
HU232 2003 10 2 0.507176
HU232 2004 03 4 35.9105
HU232 2004 04 3 4.17407
HU232 2004 07 3 2.77196
HU232 2004 08 2 0.217608
HU232 2004 09 4 1.50178
HU232 2005 03 2 5.21453
HU232 2005 04 3 5.45286
HU232 2005 05 2 5.10426
HU232 2005 06 2 0.662397
HU232 2005 07 2 0.595435
HU232 2005 08 2 0.707483
HU232 2006 03 4 2.76516
HU232 2006 04 2 0.0290715
HU232 2006 05 2 0.864834
HU232 2006 06 3 5.12656
HU232 2006 07 4 3.02557
HU232 2006 10 2 0.108375
HU232 2006 11 2 0.00814171
HU232 2007 01 2 29.5953
HU232 2007 02 4 13.9988
HU232 2007 03 4 40.9184
HU232 2007 04 4 30.8211
HU232 2007 05 3 2.64626
HU232 2007 06 3 4.97721
HU232 2007 07 3 111.894
HU232 2007 08 3 36.6872
HU232 2007 09 2 3.63608
HU232 2007 10 2 0.0462692
HU233 2003 03 2 5.69464
HU233 2003 07 2 3.43293
HU233 2003 08 2 1.98143
HU233 2006 04 2 6.3191
HU233 2006 10 2 0.0235525
HU233 2007 01 2 3.17308
HU233 2007 03 5 179.128
HU233 2007 04 5 11.7602
HU233 2007 05 3 3.9995
HU233 2007 06 3 0.824894
HU233 2007 07 3 92.9007
HU233 2007 08 4 8.6301
HU233 2007 10 2 2.4068
HU311 2002 02 5 2.29502
HU311 2002 03 5 130.113
HU311 2002 04 5 1048.04
HU311 2002 05 4 3.49844
HU311 2002 06 4 282.737
HU311 2002 07 2 1.66358
HU311 2002 12 2 1.23296
HU311 2003 03 2 53.4068
HU311 2003 04 2 278.13
HU311 2003 06 2 0.423672
HU311 2003 07 4 3.4752
HU311 2003 08 4 74.4363
HU311 2004 03 4 114.147
HU311 2004 04 4 85.131
HU311 2004 05 2 5.71887
HU311 2006 03 2 97.7724
HU311 2006 04 5 31.8945
HU311 2006 11 3 2.1536
HU311 2007 01 3 5.32558
HU311 2007 02 4 19.2549
HU311 2007 03 4 333.527
HU311 2007 04 4 119.98
HU311 2007 05 5 26.0577
HU311 2007 07 4 8.23968
HU311 2007 08 3 7.46998
HU312 2002 04 2 0.131035
HU312 2002 06 3 4.98336
HU312 2003 03 3 4.58793
HU312 2003 04 3 16.7043
HU312 2003 05 2 0.453326
HU312 2003 06 2 0.64143
HU312 2004 05 2 1.59583
HU312 2005 03 3 13.9978
HU312 2005 04 4 966.809
HU312 2007 01 2 2.50522
HU312 2007 03 5 112.236
HU312 2007 04 5 29.4031
HU312 2007 05 2 1.21399
HU312 2007 06 3 3.39082
HU312 2007 07 3 30.2686
HU312 2007 08 3 23.0707
HU312 2007 10 2 2.16904
HU313 2002 04 4 8.69571
HU313 2002 06 4 46.1355
HU313 2003 03 4 45.3854
HU313 2003 04 4 19.0478
HU313 2004 03 5 12.9715
HU313 2005 03 3 10.1576
HU313 2005 04 3 253.873
HU313 2006 04 2 16.7098
HU313 2006 05 2 2.9613
HU313 2006 06 2 0.056248
HU313 2007 01 5 3.81201
HU313 2007 03 5 141.615
HU313 2007 04 5 144.682
HU313 2007 05 2 0.341168
HU313 2007 07 2 3.96237
HU321 2002 02 2 3.51232
HU321 2002 03 2 1.91866
HU321 2002 04 3 3.47257
HU321 2002 05 3 1.30285
HU321 2002 06 2 0.534556
HU321 2002 07 2 2.07958
HU321 2002 09 3 3.74013
HU321 2003 08 3 2.2653
HU321 2004 03 2 0.267492
HU321 2006 03 2 102.047
HU321 2007 02 2 291.425
HU321 2007 03 5 14.0924
HU321 2007 04 2 20.2182
HU321 2007 05 2 1.37116
HU321 2007 06 3 11.0063
HU321 2007 07 4 42.1238
HU321 2007 08 2 0.585073
HU322 2003 04 3 1.65887
HU322 2003 05 3 15.3673
HU322 2004 03 2 0.846252
HU322 2006 03 2 4.72512
HU322 2006 09 2 0.538933
HU322 2006 11 2 1.91555
HU322 2007 01 3 25.4003
HU322 2007 02 3 82.8379
HU322 2007 03 5 70.3783
HU322 2007 04 3 0.826654
HU322 2007 07 3 8.9321
HU322 2007 08 2 0.0158619
HU323 2002 05 4 12.1181
HU323 2003 04 2 0.977736
HU323 2003 05 2 1.79054
HU323 2003 06 4 1.88018
HU323 2003 07 3 4.69062
HU323 2004 03 2 1.25945
HU323 2007 03 2 0.728095
HU323 2007 04 3 16.9165
HU323 2007 05 4 3.894
HU331 2002 02 2 15.1412
HU331 2002 03 2 17.9443
HU331 2002 04 2 14.6789
HU331 2002 05 2 11.9294
HU331 2002 06 2 10.5235
HU331 2002 07 2 5.7049
HU331 2002 10 2 1.36929
HU331 2003 03 4 3.5983
HU331 2003 04 5 9.6646
HU331 2003 05 5 13.6093
HU331 2003 06 5 35.3957
HU331 2003 07 5 176.997
HU331 2003 08 2 0.592208
HU331 2003 09 3 4.57864
HU331 2004 03 2 0.0401333
HU331 2004 04 2 0.0350617
HU331 2004 05 2 2.04288
HU331 2005 03 2 956.501
HU331 2005 04 2 1809.06
HU331 2005 05 2 2.81821
HU331 2005 06 2 1.38531
HU331 2005 07 2 1.66434
HU331 2006 01 3 2.61988
HU331 2006 02 3 8.59067
HU331 2006 03 3 31.6196
HU331 2006 04 3 50.3594
HU331 2006 05 5 9.05843
HU331 2006 07 2 7.82652
HU331 2006 09 2 0.0149013
HU331 2006 10 5 19.9509
HU331 2006 11 2 6.9305
HU331 2007 03 3 2.60434
HU331 2007 04 3 17.3862
HU331 2007 05 5 5.37427
HU331 2007 06 5 13.4976
HU331 2007 07 5 1434.89
HU331 2007 08 5 13.0342
HU331 2007 10 3 4.20063
HU331 2007 11 2 0.0138576
HU332 2002 09 2 0.377949
HU332 2004 02 2 0.11635
HU332 2004 07 2 0.624285
HU332 2007 01 2 0.0614772
HU332 2007 03 2 3.71811
HU332 2007 04 5 5.28903
HU332 2007 05 2 0.0831071
HU332 2007 06 2 0.0174001
HU332 2007 07 5 2.48816
HU332 2007 08 2 3.42082
HU333 2002 02 2 10.927
HU333 2002 03 2 43.2825
HU333 2002 04 2 1.62368
HU333 2003 05 3 0.899732
HU333 2003 06 3 0.625043
HU333 2003 07 3 1.78151
HU333 2003 08 3 0.539081
HU333 2004 03 2 0.064746
HU333 2005 03 2 0.0930868
HU333 2005 04 3 2.56836
HU333 2006 11 2 6.41675
HU333 2007 02 2 12.3954
HU333 2007 03 2 11.4716
HU333 2007 04 3 5.6093
HU333 2007 05 2 0.0369085
HU333 2007 07 2 18.6569
HU333 2007 08 2 2.41926
ITC11 1985 02 3 0.979781
ITC11 1985 03 3 140.837
ITC11 1985 04 3 315.611
ITC11 1985 05 3 282.505
ITC11 1985 08 5 5.7764
ITC11 1985 09 5 23.1059
ITC11 1985 10 5 19.3111
ITC11 1985 11 4 14.2296
ITC11 1985 12 4 379.992
ITC11 1986 01 4 78.7962
ITC11 1986 03 4 169.953
ITC11 1986 04 5 36.7447
ITC11 1986 08 4 11.0216
ITC11 1986 09 2 4.39695
ITC11 1986 10 2 36.9041
ITC11 1986 11 4 9.46798
ITC11 1986 12 4 167.635
ITC11 1987 01 4 202.986
ITC11 1987 03 4 61.9069
ITC11 1987 04 4 31.8388
ITC11 1987 05 4 42.0003
ITC11 1987 06 2 0.181957
ITC11 1987 07 2 1.2291
ITC11 1987 08 2 0.105987
ITC11 1987 11 5 5.60427
ITC11 1987 12 3 2.64896
ITC11 1988 01 3 1.2661
ITC11 1988 02 3 31.5769
ITC11 1988 03 3 226.517
ITC11 1988 04 2 2.51378
ITC11 1988 05 2 2.9431
ITC11 1988 09 2 10.969
ITC11 1988 11 2 13.948
ITC11 1988 12 2 155.33
ITC11 1989 01 2 259.281
ITC11 1989 02 2 821.256
ITC11 1989 03 2 222.532
ITC11 1989 04 4 6.44292
ITC11 1989 05 2 10.6377
ITC11 1989 06 5 35.2664
ITC11 1989 07 2 0.539386
ITC11 1989 08 4 13.2092
ITC11 1989 09 2 0.751413
ITC11 1989 10 2 183.352
ITC11 1989 11 2 32.4512
ITC11 1989 12 2 96.1559
ITC11 1990 01 2 1519.66
ITC11 1990 02 2 4802.69
ITC11 1990 03 2 781.715
ITC11 1990 04 2 72.5646
ITC11 1990 05 2 132.623
ITC11 1990 07 3 1.4384
ITC11 1990 08 3 292.114
ITC11 1990 09 3 25.1855
ITC11 1990 11 2 0.194267
ITC11 1990 12 3 5.72892
ITC11 1991 01 2 1.32945
ITC11 1991 02 3 1.26383
ITC11 1991 03 4 2.67616
ITC11 1991 04 3 1.08564
ITC11 1991 05 3 41.4441
ITC11 1991 06 3 3.69155
ITC11 1991 07 3 21.0964
ITC11 1991 08 3 24.8832
ITC11 1991 12 3 1070.39
ITC11 1992 01 3 13.8227
ITC11 1992 02 3 252.29
ITC11 1992 03 3 3205.78
ITC11 1992 04 4 93.8083
ITC11 1992 05 2 0.478207
ITC11 1992 09 2 0.0521771
ITC11 1992 11 3 0.503556
ITC11 1992 12 3 6.35555
ITC11 1993 01 3 52.8724
ITC11 1993 02 85 744.755
ITC11 1993 03 85 10.7747
ITC11 1993 04 85 19.3991
ITC11 1993 05 3 1.91449
ITC11 1993 06 3 0.232176
ITC11 1993 07 4 1.32345
ITC11 1993 08 5 2.59371
ITC11 1993 09 5 0.410852
ITC11 1993 11 5 6.1711
ITC11 1993 12 5 24.7699
ITC11 1994 01 5 30.2969
ITC11 1994 02 3 0.327148
ITC11 1994 03 3 146.287
ITC11 1994 04 3 309.319
ITC11 1994 05 3 0.615568
ITC11 1994 06 3 0.729594
ITC11 1994 07 4 0.0246137
ITC11 1994 08 4 6.06963
ITC11 1994 10 2 0.00751908
ITC11 1994 11 2 135.815
ITC11 1994 12 2 33.1809
ITC11 1995 01 2 267.12
ITC11 1995 02 2 970.567
ITC11 1995 03 2 1286.57
ITC11 1995 04 2 290.449
ITC11 1995 05 2 4.30849
ITC11 1995 08 5 0.0570847
ITC11 1995 09 2 0.00720118
ITC11 1995 10 4 0.225232
ITC11 1995 11 4 64.3591
ITC11 1996 02 2 0.0432657
ITC11 1996 03 2 5.47944
ITC11 1996 04 2 157.224
ITC11 1996 05 3 0.308338
ITC11 1996 06 5 0.970479
ITC11 1996 07 2 0.0425376
ITC11 1996 08 2 0.00560219
ITC11 1996 10 3 0.345131
ITC11 1996 11 3 138.792
ITC11 1997 02 3 428.558
ITC11 1997 03 93 1174.55
ITC11 1997 04 93 181.652
ITC11 1997 05 93 5.09444
ITC11 1997 09 2 0.0640551
ITC11 1997 10 2 5.79209
ITC11 1997 11 5 20.2286
ITC11 1997 12 5 307.596
ITC11 1998 01 5 14.9109
ITC11 1998 02 5 31.9528
ITC11 1998 03 5 845.422
ITC11 1998 04 5 15.3554
ITC11 1998 05 5 10.9835
ITC11 1998 07 2 0.717198
ITC11 1998 08 2 6.23338
ITC11 1998 09 2 15.2644
ITC11 1998 10 2 9.87348
ITC11 1998 11 2 60.1098
ITC11 1998 12 2 288.442
ITC11 1999 01 2 94.6143
ITC11 1999 02 2 3629.48
ITC11 1999 03 2 81.7409
ITC11 1999 04 2 189.259
ITC11 1999 05 3 0.84012
ITC11 1999 07 3 0.554514
ITC11 1999 09 3 0.341267
ITC11 1999 10 2 7.3356
ITC11 1999 11 4 3.8088
ITC11 1999 12 4 32.1016
ITC11 2000 01 4 5.35055
ITC11 2000 02 4 957.528
ITC11 2000 03 4 2904.28
ITC11 2000 04 2 0.838001
ITC11 2000 07 2 0.139838
ITC11 2000 08 2 0.14399
ITC11 2000 09 4 16.0106
ITC11 2000 10 2 0.448964
ITC11 2001 02 2 54.084
ITC11 2001 03 5 11.9676
ITC11 2001 04 5 111.405
ITC11 2001 06 2 4.21608
ITC11 2001 07 4 0.45019
ITC11 2001 08 4 0.71442
ITC11 2001 09 4 23.9241
ITC11 2001 10 3 22.2781
ITC11 2001 11 5 107.238
ITC11 2001 12 5 21.6622
ITC11 2002 01 5 109.939
ITC11 2002 02 5 80.0579
ITC11 2002 03 5 782.847
ITC11 2002 04 5 22.5523
ITC11 2002 05 3 7.8295
ITC11 2002 09 3 0.591285
ITC11 2002 10 4 3.48095
ITC11 2002 11 4 4.40698
ITC11 2003 01 4 13.3142
ITC11 2003 02 4 48.5938
ITC11 2003 03 4 259.704
ITC11 2003 04 4 425.801
ITC11 2003 05 4 4.75759
ITC11 2003 06 5 2.74529
ITC11 2003 07 5 7.16041
ITC11 2003 08 5 546.147
ITC11 2003 09 5 7.20896
ITC11 2003 10 5 10.0819
ITC11 2003 12 5 19.4233
ITC11 2004 01 2 0.0804266
ITC11 2004 02 2 728.571
ITC11 2004 03 2 10.4673
ITC11 2004 04 2 36.4309
ITC11 2004 06 2 6.82731
ITC11 2004 07 2 12.8276
ITC11 2004 08 2 3.19122
ITC11 2004 09 2 4.48322
ITC11 2004 10 2 4.76448
ITC11 2004 11 2 27.0338
ITC11 2004 12 2 0.325435
ITC11 2005 01 2 382.578
ITC11 2005 02 2 31.5629
ITC11 2005 03 2 27.0419
ITC11 2005 05 2 5.4506
ITC11 2005 07 2 5.73169
ITC11 2005 08 5 7.31045
ITC11 2005 12 5 9.54631
ITC11 2006 01 5 5.96922
ITC11 2006 02 3 0.450356
ITC11 2006 03 3 126.831
ITC11 2006 04 3 29.1918
ITC11 2006 05 2 0.100348
ITC11 2006 06 4 30.7681
ITC11 2006 07 4 5.82922
ITC11 2006 08 4 4.94049
ITC11 2006 09 5 7.12758
ITC11 2006 10 3 0.373609
ITC11 2006 11 3 253.083
ITC11 2006 12 3 5.38844
ITC12 1985 03 2 2.78715
ITC12 1985 04 2 268.237
ITC12 1985 05 5 30.2123
ITC12 1985 09 4 46.7725
ITC12 1985 10 3 2.47311
ITC12 1985 12 3 130.069
ITC12 1986 01 3 19.2553
ITC12 1986 03 3 96.17
ITC12 1986 04 3 20.9208
ITC12 1986 09 2 2.29324
ITC12 1986 10 3 14.3132
ITC12 1986 11 5 385.518
ITC12 1986 12 5 149.907
ITC12 1987 01 5 760.346
ITC12 1987 03 5 72.8765
ITC12 1987 04 5 37.9112
ITC12 1987 05 3 12.0866
ITC12 1987 10 2 0.759474
ITC12 1988 02 2 20.8454
ITC12 1988 03 2 323.91
ITC12 1988 04 2 1.83944
ITC12 1988 12 2 85.218
ITC12 1989 01 2 627.181
ITC12 1989 02 2 257.486
ITC12 1989 03 2 191.733
ITC12 1989 04 2 0.541476
ITC12 1989 05 5 9.66461
ITC12 1989 06 2 2.0209
ITC12 1989 08 2 16.2016
ITC12 1989 09 2 6.01788
ITC12 1989 10 2 918.748
ITC12 1989 11 5 43.3749
ITC12 1989 12 5 194.183
ITC12 1990 01 5 20.3995
ITC12 1990 02 5 77.9483
ITC12 1990 03 5 444.175
ITC12 1990 04 3 1.9889
ITC12 1990 05 3 10.8866
ITC12 1990 07 2 2.9707
ITC12 1990 08 2 9.29071
ITC12 1991 01 2 2.42382
ITC12 1991 05 2 1.98194
ITC12 1991 07 2 1.15059
ITC12 1991 09 2 0.455039
ITC12 1991 11 2 4.56613
ITC12 1991 12 3 1.73634
ITC12 1992 01 4 2.8345
ITC12 1992 02 4 14.6805
ITC12 1992 03 4 419.855
ITC12 1992 04 2 2.33326
ITC12 1992 07 2 1.04966
ITC12 1992 11 2 1.92172
ITC12 1993 01 2 0.0136372
ITC12 1993 02 2 196.558
ITC12 1993 03 2 17.9264
ITC12 1993 04 4 33.1452
ITC12 1993 05 2 1.87437
ITC12 1993 08 4 0.359027
ITC12 1993 09 2 0.00690054
ITC12 1993 12 4 3.28863
ITC12 1994 02 3 1.44015
ITC12 1994 03 3 35.4247
ITC12 1994 04 3 8.1578
ITC12 1994 05 2 0.94752
ITC12 1994 08 2 14.6086
ITC12 1994 10 2 6.17184
ITC12 1994 12 2 0.495142
ITC12 1995 01 2 0.359067
ITC12 1995 02 3 2.62913
ITC12 1995 03 3 45.7508
ITC12 1995 04 3 180.935
ITC12 1995 05 2 13.7237
ITC12 1995 07 2 0.101899
ITC12 1995 08 2 0.162408
ITC12 1995 10 2 0.67969
ITC12 1995 11 3 137.754
ITC12 1996 02 2 4.33872
ITC12 1996 03 5 38.9029
ITC12 1996 04 5 66.2391
ITC12 1996 07 2 1.57689
ITC12 1996 09 3 0.609657
ITC12 1997 02 3 40.5746
ITC12 1997 03 3 276.405
ITC12 1997 04 3 182.311
ITC12 1997 09 2 2.75927
ITC12 1997 10 2 0.0982136
ITC12 1998 02 2 44.5876
ITC12 1998 03 2 14.0657
ITC12 1998 11 2 0.579246
ITC12 1998 12 3 1.53192
ITC12 1999 02 3 37.6286
ITC12 1999 03 3 68.8978
ITC12 1999 04 3 3.68615
ITC12 1999 07 2 1.20244
ITC12 2000 02 2 64.4103
ITC12 2000 03 2 53.7954
ITC12 2000 07 2 0.325466
ITC12 2000 09 3 3.78487
ITC12 2001 02 3 0.412463
ITC12 2001 03 3 12.779
ITC12 2001 04 2 1.16341
ITC12 2001 09 2 0.0229752
ITC12 2001 12 2 5.3905
ITC12 2002 01 3 14.0467
ITC12 2002 02 3 20.3629
ITC12 2002 03 5 13.5572
ITC12 2002 04 5 106.449
ITC12 2003 02 3 4.56806
ITC12 2003 03 3 32.8186
ITC12 2003 04 4 218.93
ITC12 2003 05 2 1.24244
ITC12 2003 06 2 0.178334
ITC12 2003 07 4 0.945802
ITC12 2003 08 4 247.804
ITC12 2004 03 4 8.8182
ITC12 2004 04 5 3.63084
ITC12 2004 07 2 34.3018
ITC12 2005 02 2 26.1027
ITC12 2005 03 2 21.6027
ITC12 2005 05 3 1.52452
ITC12 2005 12 2 1.12853
ITC12 2006 03 2 0.754317
ITC12 2006 04 3 1.77103
ITC12 2006 06 3 1.37129
ITC12 2006 07 4 4.94643
ITC13 1985 04 4 38.9134
ITC13 1985 05 3 2.93686
ITC13 1985 10 4 211.361
ITC13 1986 01 3 7.80021
ITC13 1986 03 2 31.4232
ITC13 1986 07 2 0.372164
ITC13 1986 10 3 1.68815
ITC13 1986 11 2 4.99101
ITC13 1986 12 3 4.01527
ITC13 1987 01 4 129.182
ITC13 1987 03 4 108.264
ITC13 1987 04 4 66.3589
ITC13 1987 05 2 2.38202
ITC13 1987 06 2 2.19168
ITC13 1987 08 2 1.04207
ITC13 1987 12 2 20.4162
ITC13 1988 02 3 36.5536
ITC13 1988 03 3 109.666
ITC13 1988 11 2 1.48498
ITC13 1988 12 3 102.664
ITC13 1990 01 3 849.218
ITC13 1990 02 3 954.596
ITC13 1990 03 3 2401.43
ITC13 1990 04 4 39.7234
ITC13 1990 08 3 12.2566
ITC13 1991 04 2 1.19833
ITC13 1991 09 2 3.77142
ITC13 1991 12 2 4.55099
ITC13 1992 01 4 938.896
ITC13 1992 02 4 53.4883
ITC13 1992 03 4 116.479
ITC13 1992 04 4 8.06071
ITC13 1992 11 2 2.1343
ITC13 1993 01 2 82.3114
ITC13 1993 02 2 676.108
ITC13 1993 03 2 68.6751
ITC13 1993 04 3 7.87404
ITC13 1993 08 2 0.0238601
ITC13 1993 11 2 0.145875
ITC13 1993 12 2 92.7207
ITC13 1994 04 2 1.37121
ITC13 1996 02 2 0.0146647
ITC13 1996 03 2 11.1098
ITC13 1996 04 2 97.762
ITC13 1996 05 2 0.192196
ITC13 1996 06 2 0.191533
ITC13 1996 07 2 0.31936
ITC13 1996 09 2 0.130384
ITC13 1997 02 2 103.659
ITC13 1997 03 2 638.831
ITC13 1997 04 2 253.937
ITC13 1997 05 2 29.8178
ITC13 1997 09 2 0.101507
ITC13 1997 12 2 0.858834
ITC13 1998 02 2 40.7276
ITC13 1998 03 2 275.053
ITC13 1998 04 2 4.39775
ITC13 1998 05 3 2.32021
ITC13 1998 10 2 0.869799
ITC13 1998 11 2 31.1985
ITC13 1998 12 2 233.3
ITC13 1999 01 5 4.45853
ITC13 1999 02 5 526.74
ITC13 1999 03 5 11.9943
ITC13 1999 04 5 46.3578
ITC13 1999 12 3 0.692809
ITC13 2000 01 3 83.0559
ITC13 2000 02 3 2265.19
ITC13 2000 03 3 187.868
ITC13 2000 04 3 27.0939
ITC13 2001 02 5 117.784
ITC13 2001 03 2 69.593
ITC13 2001 04 2 24.3097
ITC13 2001 06 2 0.263762
ITC13 2001 08 2 0.54702
ITC13 2001 09 2 1.38805
ITC13 2001 11 2 4.08312
ITC13 2001 12 2 125.131
ITC13 2002 01 2 118.467
ITC13 2002 02 2 9.43905
ITC13 2002 03 2 287.92
ITC13 2002 04 2 87.636
ITC13 2002 06 2 0.0245752
ITC13 2002 11 3 25.841
ITC13 2003 01 5 25.3425
ITC13 2003 02 3 10.2253
ITC13 2003 03 3 272.253
ITC13 2003 04 3 82.0415
ITC13 2003 05 3 6.50421
ITC13 2003 06 3 3.16878
ITC13 2003 07 3 0.757541
ITC13 2003 08 2 0.624828
ITC13 2003 12 2 15.2855
ITC13 2004 02 2 23.2202
ITC13 2004 03 4 8.7914
ITC13 2004 04 4 89.6237
ITC13 2004 11 2 0.322982
ITC13 2004 12 3 5.90801
ITC13 2005 01 3 10.5839
ITC13 2005 02 3 44.5077
ITC13 2005 03 3 255.976
ITC13 2005 04 3 13.5053
ITC13 2005 07 4 0.663172
ITC13 2005 12 2 0.490109
ITC13 2006 01 2 11.4008
ITC13 2006 02 2 0.339511
ITC13 2006 03 2 101.98
ITC13 2006 04 2 57.149
ITC13 2006 05 3 15.6549
ITC13 2006 06 2 5.93353
ITC13 2006 07 2 9.55117
ITC13 2006 10 2 0.00643004
ITC13 2006 11 3 16.7129
ITC13 2006 12 3 13.4972
ITC14 1990 01 3 426.001
ITC14 1990 02 3 1823.15
ITC14 1990 03 3 4752.68
