PL122 1999 03 2 30.5482
PL122 1999 04 2 28.5384
PL122 1999 05 2 157.656
PL122 1999 06 2 9.57221
PL122 1999 07 2 27.7201
PL122 1999 08 2 20.8188
PL122 1999 09 2 78.6934
PL122 1999 10 2 3.0016
PL122 1999 12 3 0.274538
PL122 2000 02 4 3.08159
PL122 2000 03 4 8.86367
PL122 2000 04 4 32.0353
PL122 2000 05 261 153.708
PL122 2000 06 261 42.7822
PL122 2000 07 261 2.35799
PL122 2000 08 261 5.0122
PL122 2000 09 261 0.804531
PL122 2000 10 261 16.1816
PL122 2000 12 2 0.0293632
PL122 2001 01 3 0.0134577
PL122 2001 03 3 8.86371
PL122 2001 04 3 46.8436
PL122 2001 05 84 41.6504
PL122 2001 06 84 1.94137
PL122 2001 07 84 7.97649
PL122 2001 08 84 7.70842
PL122 2001 09 2 0.0128899
PL122 2001 10 2 0.00510294
PL122 2001 11 2 0.0995568
PL122 2002 03 2 2.65773
PL122 2002 04 2 26.3549
PL122 2002 05 154 85.5336
PL122 2002 06 154 12.7448
PL122 2002 07 154 11.9653
PL122 2002 08 93 21.5352
PL122 2002 09 93 16.0461
PL122 2002 10 93 0.160207
PL122 2002 11 5 1.63267
PL122 2002 12 2 0.00973355
PL122 2003 03 2 54.3626
PL122 2003 04 103 59.5831
PL122 2003 05 95 35.4526
PL122 2003 06 124 48.0243
PL122 2003 07 124 16.3737
PL122 2003 08 108 16.022
PL122 2003 09 108 20.3715
PL122 2003 10 2 0.00800227
PL122 2004 01 2 0.0085774
PL122 2004 03 4 0.130255
PL122 2004 04 4 25.5925
PL122 2004 05 4 10.0261
PL122 2004 06 4 14.004
PL122 2004 07 4 7.03372
PL122 2004 08 4 13.7542
PL122 2004 09 4 10.4807
PL122 2004 10 4 1.79933
PL122 2004 11 2 0.00871822
PL122 2004 12 2 0.0796565
PL122 2005 03 2 5.54281
PL122 2005 04 96 108.743
PL122 2005 05 96 13.075
PL122 2005 06 96 11.5548
PL122 2005 07 136 42.801
PL122 2005 08 102 18.5034
PL122 2005 09 96 25.6576
PL122 2005 10 96 4.78066
PL122 2005 11 96 13.0811
PL122 2005 12 2 0.100598
PL122 2006 05 98 57.375
PL122 2006 06 98 20.0904
PL122 2006 07 221 77.6248
PL122 2006 08 221 0.818664
PL122 2006 09 221 2.38559
PL122 2006 10 221 0.20141
PL122 2006 11 2 0.0125171
PL122 2006 12 2 0.00790281
PL124 1993 04 2 71.3248
PL124 1993 05 82 112.727
PL124 1993 06 82 5.50299
PL124 1993 07 82 5.33373
PL124 1993 08 82 10.7537
PL124 1993 10 2 0.00558356
PL124 1993 12 2 0.146248
PL124 1994 01 2 0.735722
PL124 1994 02 3 9.80538
PL124 1994 03 5 7.0985
PL124 1994 04 5 4.70249
PL124 1994 05 5 23.8956
PL124 1994 06 5 22.9787
PL124 1994 07 247 550.175
PL124 1994 08 247 100.712
PL124 1994 12 2 0.0450098
PL124 1995 02 3 0.281203
PL124 1995 03 2 0.699935
PL124 1995 04 2 59.842
PL124 1995 05 2 15.516
PL124 1995 06 2 3.08641
PL124 1995 07 2 4.59459
PL124 1995 08 120 78.3296
PL124 1995 10 4 0.12326
PL124 1995 11 2 0.0619565
PL124 1996 04 208 362.023
PL124 1996 05 208 61.9418
PL124 1996 06 208 27.1331
PL124 1996 07 208 4.23784
PL124 1996 08 208 3.15963
PL124 1996 09 2 2.02064
PL124 1996 10 2 0.108789
PL124 1997 01 3 0.192126
PL124 1997 02 3 0.264781
PL124 1997 03 3 70.854
PL124 1997 04 3 105.704
PL124 1997 05 112 195.656
PL124 1997 06 112 22.4701
PL124 1997 07 112 0.525596
PL124 1997 08 112 28.555
PL124 1997 09 112 1.6168
PL124 1998 02 112 7.99599
PL124 1998 03 112 15.7686
PL124 1998 04 112 47.0539
PL124 1998 05 86 84.622
PL124 1998 06 86 12.1978
PL124 1998 07 86 14.2489
PL124 1998 08 86 10.2761
PL124 1998 09 86 8.73984
PL124 1998 12 3 0.339766
PL124 1999 01 4 9.50472
PL124 1999 03 4 179.981
PL124 1999 04 97 113.678
PL124 1999 05 97 93.2137
PL124 1999 06 97 8.5871
PL124 1999 07 97 24.2499
PL124 1999 08 97 23.5285
PL124 1999 09 97 63.9989
PL124 1999 10 97 9.24423
PL124 1999 11 3 0.899716
PL124 2000 01 2 0.0616715
PL124 2000 02 5 7.88113
PL124 2000 03 5 38.3391
PL124 2000 04 89 154.927
PL124 2000 05 277 231.243
PL124 2000 06 98 71.6528
PL124 2000 07 98 1.9097
PL124 2000 08 98 2.14163
PL124 2000 09 98 4.42729
PL124 2000 10 98 37.5352
PL124 2000 11 2 0.0111046
PL124 2001 01 2 0.00991508
PL124 2001 02 2 0.960153
PL124 2001 03 2 14.795
PL124 2001 04 2 114.97
PL124 2001 05 100 86.4214
PL124 2001 06 100 22.5912
PL124 2001 07 100 25.0562
PL124 2001 08 100 2.0289
PL124 2001 10 2 0.00771324
PL124 2001 11 5 0.167798
PL124 2001 12 2 0.0126101
PL124 2002 02 2 2.48821
PL124 2002 03 2 35.51
PL124 2002 04 123 167.605
PL124 2002 05 234 186.708
PL124 2002 06 234 8.87648
PL124 2002 07 234 35.3056
PL124 2002 08 85 59.6582
PL124 2002 09 94 53.546
PL124 2002 11 2 0.0117459
PL124 2003 03 2 126.235
PL124 2003 04 131 384.721
PL124 2003 05 112 112.542
PL124 2003 06 171 80.472
PL124 2003 07 171 35.2838
PL124 2003 08 169 91.2604
PL124 2003 09 169 30.6691
PL124 2003 11 2 1.109
PL124 2003 12 2 1.26012
PL124 2004 01 2 0.308425
PL124 2004 03 5 4.53641
PL124 2004 04 5 68.1286
PL124 2004 05 5 15.5366
PL124 2004 06 5 30.3536
PL124 2004 07 5 9.49979
PL124 2004 08 5 5.40202
PL124 2004 09 5 27.7695
PL124 2004 10 5 2.48612
PL124 2004 11 5 1.6721
PL124 2004 12 2 0.0508734
PL124 2005 03 2 27.9506
PL124 2005 04 167 193.688
PL124 2005 05 167 31.4914
PL124 2005 06 167 39.209
PL124 2005 07 202 76.6958
PL124 2005 08 202 19.9731
PL124 2005 09 140 120.7
PL124 2005 10 140 43.5324
PL124 2005 11 140 13.7551
PL124 2006 01 2 0.0135712
PL124 2006 05 119 146.757
PL124 2006 06 88 27.3435
PL124 2006 07 274 186.954
PL124 2006 08 274 1.65158
PL124 2006 09 274 2.58602
PL124 2006 10 274 6.28013
PL124 2006 12 2 0.0109226
PL126 1993 01 4 0.29241
PL126 1993 03 5 3.81325
PL126 1993 04 86 113.758
PL126 1993 05 234 161.03
PL126 1993 06 109 22.0423
PL126 1993 07 109 16.1296
PL126 1993 08 109 11.3425
PL126 1993 09 3 0.0163021
PL126 1993 10 3 0.269571
PL126 1994 02 3 0.808635
PL126 1994 03 3 10.6831
PL126 1994 04 3 33.1948
PL126 1994 05 3 33.075
PL126 1994 06 89 39.5833
PL126 1994 07 307 202.466
PL126 1994 08 307 14.9998
PL126 1994 09 4 0.302115
PL126 1994 10 4 2.12466
PL126 1994 11 2 0.0289733
PL126 1994 12 2 0.0136844
PL126 1995 02 2 0.0814415
PL126 1995 03 2 3.50566
PL126 1995 04 2 20.3576
PL126 1995 05 2 14.0456
PL126 1995 06 2 4.64924
PL126 1995 07 85 9.93222
PL126 1995 08 219 68.9155
PL126 1995 09 3 0.662899
PL126 1995 10 3 0.794349
PL126 1995 11 2 0.0129942
PL126 1996 01 3 0.0163661
PL126 1996 04 264 564.096
PL126 1996 05 264 44.9659
PL126 1996 06 264 33.2274
PL126 1996 07 264 0.457109
PL126 1996 08 264 5.81474
PL126 1996 09 2 0.00843791
PL126 1996 10 2 0.013543
PL126 1996 12 2 0.0142153
PL126 1997 01 2 0.54366
PL126 1997 02 4 1.38042
PL126 1997 03 4 123.357
PL126 1997 04 81 62.7002
PL126 1997 05 218 163.564
PL126 1997 06 218 25.454
PL126 1997 07 5 0.181659
PL126 1997 08 5 9.65026
PL126 1997 09 5 3.55657
PL126 1998 02 5 3.35262
PL126 1998 03 5 46.863
PL126 1998 04 5 34.1159
PL126 1998 05 136 53.0389
PL126 1998 06 84 53.0677
PL126 1998 07 84 9.29714
PL126 1998 08 84 4.65227
PL126 1998 09 84 0.919456
PL126 1998 10 84 0.885468
PL126 1998 12 2 0.00745282
PL126 1999 03 2 68.9025
PL126 1999 04 118 135.657
PL126 1999 05 119 73.2137
PL126 1999 06 119 14.1433
PL126 1999 07 119 58.1146
PL126 1999 08 136 62.8859
PL126 1999 09 158 207.908
PL126 1999 10 158 1.93136
PL126 1999 11 2 0.00689502
PL126 1999 12 2 0.00820724
PL126 2000 01 2 0.0056241
PL126 2000 02 2 5.72835
PL126 2000 03 2 9.68539
PL126 2000 04 220 134.056
PL126 2000 05 605 320.655
PL126 2000 06 287 131.626
PL126 2000 07 287 11.164
PL126 2000 08 287 8.11862
PL126 2000 09 287 6.00342
PL126 2000 10 105 54.1615
PL126 2000 11 105 0.233855
PL126 2000 12 2 0.0249774
PL126 2001 01 2 0.0106039
PL126 2001 02 4 2.29112
PL126 2001 03 4 15.3361
PL126 2001 04 4 61.0827
PL126 2001 05 238 151.89
PL126 2001 06 238 2.54066
PL126 2001 07 238 2.79441
PL126 2001 08 238 9.89434
PL126 2001 10 2 0.0122707
PL126 2001 11 3 0.543223
PL126 2002 02 4 0.0242598
PL126 2002 03 4 1.74296
PL126 2002 04 158 107.441
PL126 2002 05 356 152.029
PL126 2002 06 99 47.5992
PL126 2002 07 129 57.3565
PL126 2002 08 155 47.7212
PL126 2002 09 142 58.523
PL126 2002 10 142 10.8798
PL126 2002 11 2 0.0141569
PL126 2003 03 2 287.054
PL126 2003 04 185 366.762
PL126 2003 05 303 232.943
PL126 2003 06 296 140.528
PL126 2003 07 296 26.1695
PL126 2003 08 118 37.6932
PL126 2003 09 118 23.7656
PL126 2003 10 4 0.733903
PL126 2003 11 2 0.11005
PL126 2003 12 2 0.0395941
PL126 2004 02 2 0.00839047
PL126 2004 03 2 1.76338
PL126 2004 04 90 42.3694
PL126 2004 05 90 21.3683
PL126 2004 06 90 19.8095
PL126 2004 07 90 5.08068
PL126 2004 08 84 31.5302
PL126 2004 09 84 21.6237
PL126 2004 10 84 0.384963
PL126 2004 11 84 0.853648
PL126 2004 12 2 0.00775498
PL126 2005 03 2 2.36631
PL126 2005 04 251 300.37
PL126 2005 05 115 87.2728
PL126 2005 06 115 14.3045
PL126 2005 07 251 60.4777
PL126 2005 08 85 24.0269
PL126 2005 09 166 33.1322
PL126 2005 10 166 14.7117
PL126 2005 11 166 21.3798
PL126 2006 04 3 0.556236
PL126 2006 05 124 53.6262
PL126 2006 06 214 86.2246
PL126 2006 07 503 120.099
PL126 2006 08 503 1.71823
PL126 2006 09 503 2.79056
PL126 2006 10 503 1.00047
PL126 2006 11 4 0.040548
PL127 1993 03 2 0.0151266
PL127 1993 04 2 8.50325
PL127 1993 05 2 3.30255
PL127 1993 06 2 6.6721
PL127 1993 07 2 0.614419
PL127 1993 08 2 1.08361
PL127 1993 09 3 0.923831
PL127 1993 10 3 0.156527
PL127 1993 11 2 0.0124568
PL127 1993 12 2 0.0105384
PL127 1994 03 2 0.0377286
PL127 1994 04 2 0.710251
PL127 1994 05 2 4.81414
PL127 1994 06 2 6.16997
PL127 1994 07 2 13.1578
PL127 1994 08 2 1.0715
PL127 1994 09 3 0.186057
PL127 1994 10 2 0.0108963
PL127 1995 02 3 1.89836
PL127 1995 03 2 0.0102279
PL127 1995 04 2 1.35763
PL127 1995 05 2 3.55999
PL127 1995 06 2 0.125487
PL127 1995 07 2 0.760628
PL127 1995 08 2 7.98141
PL127 1995 10 3 0.0153732
PL127 1996 01 2 0.0120396
PL127 1996 02 2 0.00939134
PL127 1996 03 2 0.0324634
PL127 1996 04 2 129.789
PL127 1996 05 2 4.72454
PL127 1996 06 2 2.62531
PL127 1996 08 2 0.0897092
PL127 1996 10 2 0.0141603
PL127 1997 03 2 3.59621
PL127 1997 04 2 3.54919
PL127 1997 05 2 15.2766
PL127 1997 06 2 0.802693
PL127 1997 08 3 0.0246608
PL127 1997 09 5 0.0460813
PL127 1997 10 2 0.00937413
PL127 1998 02 2 0.00665706
PL127 1998 03 4 3.58306
PL127 1998 04 4 7.08535
PL127 1998 05 4 1.09961
PL127 1998 06 4 6.08551
PL127 1998 07 3 0.158943
PL127 1998 08 2 0.0102401
PL127 1998 09 2 0.00921939
PL127 1998 10 3 0.0221208
PL127 1999 02 2 0.0116857
PL127 1999 03 2 1.87869
PL127 1999 04 2 8.09101
PL127 1999 05 2 8.34483
PL127 1999 06 2 2.72498
PL127 1999 07 2 4.05462
PL127 1999 08 2 10.7091
PL127 1999 09 2 7.13632
PL127 2000 03 4 1.00312
PL127 2000 04 4 20.7637
PL127 2000 05 4 25.7329
PL127 2000 06 4 14.6287
PL127 2000 07 4 0.25831
PL127 2000 08 4 0.560228
PL127 2000 09 2 0.00864016
PL127 2000 10 2 2.82068
PL127 2001 01 2 0.919535
PL127 2001 02 2 0.0113398
PL127 2001 03 3 0.0272641
PL127 2001 04 4 1.4029
PL127 2001 05 4 12.5269
PL127 2001 06 3 0.0297643
PL127 2001 07 2 0.0163795
PL127 2001 08 5 0.143397
PL127 2001 11 3 0.051332
PL127 2002 01 2 0.00900271
PL127 2002 02 2 0.0124432
PL127 2002 03 3 0.688828
PL127 2002 04 3 7.90056
PL127 2002 05 3 4.22852
PL127 2002 06 3 0.924877
PL127 2002 07 3 6.62669
PL127 2002 08 3 14.0772
PL127 2002 09 3 43.0083
PL127 2002 10 2 0.00863605
PL127 2002 11 2 0.618479
PL127 2003 01 2 0.0945249
PL127 2003 03 2 18.7183
PL127 2003 04 2 8.8331
PL127 2003 05 2 7.82954
PL127 2003 06 2 22.9022
PL127 2003 07 2 0.0276858
PL127 2003 08 2 5.06316
PL127 2003 09 4 0.32331
PL127 2004 03 2 0.0120026
PL127 2004 04 2 0.856221
PL127 2004 05 4 0.157501
PL127 2004 06 4 0.793285
PL127 2004 07 3 0.0237342
PL127 2004 08 3 1.5867
PL127 2004 09 3 1.25642
PL127 2004 10 4 0.035316
PL127 2004 11 4 0.115618
PL127 2005 03 4 4.88979
PL127 2005 04 4 7.25451
PL127 2005 05 4 0.197178
PL127 2005 06 4 1.50372
PL127 2005 07 4 9.30799
PL127 2005 08 4 3.93878
PL127 2005 09 4 10.6959
PL127 2005 10 4 1.89819
PL127 2005 11 4 0.130827
PL127 2006 02 2 0.85422
PL127 2006 05 2 9.87412
PL127 2006 06 2 7.39636
PL127 2006 07 89 38.2809
PL127 2006 08 5 0.111961
PL127 2006 09 5 0.22408
PL127 2006 10 2 0.0144411
PL127 2006 12 2 0.0134583
PL211 1993 01 5 0.832151
PL211 1993 03 5 4.20605
PL211 1993 04 5 83.4377
PL211 1993 05 5 95.6633
PL211 1993 06 5 6.28819
PL211 1993 07 4 0.756386
PL211 1993 08 4 7.47057
PL211 1993 10 3 0.0969213
PL211 1994 01 3 0.026771
PL211 1994 02 3 3.79042
PL211 1994 03 3 32.3793
PL211 1994 04 3 16.4257
PL211 1994 05 3 5.90638
PL211 1994 06 3 15.6273
PL211 1994 07 3 62.2969
PL211 1994 08 3 9.02578
PL211 1994 09 3 0.0142509
PL211 1994 10 3 2.54294
PL211 1994 12 2 0.00896118
PL211 1995 02 2 0.0256174
PL211 1995 03 5 2.52992
PL211 1995 04 5 13.3831
PL211 1995 05 5 12.4204
PL211 1995 06 5 2.40725
PL211 1995 07 5 11.3407
PL211 1995 08 5 9.13398
PL211 1995 09 2 1.3295
PL211 1995 10 4 0.0693104
PL211 1995 11 2 0.0162317
PL211 1996 01 2 0.0628415
PL211 1996 03 3 1.41681
PL211 1996 04 97 504.124
PL211 1996 05 97 6.06201
PL211 1996 06 97 2.8634
PL211 1996 07 5 0.745267
PL211 1997 02 2 0.213242
PL211 1997 03 2 18.7301
PL211 1997 04 2 39.1952
PL211 1997 05 2 29.0873
PL211 1997 06 2 1.7482
PL211 1997 08 2 4.29402
PL211 1997 09 3 0.351893
PL211 1998 02 3 8.94574
PL211 1998 03 3 26.7469
PL211 1998 04 3 25.08
PL211 1998 05 3 18.9022
PL211 1998 06 3 3.22113
PL211 1998 07 3 1.59452
PL211 1998 08 3 11.7887
PL211 1998 09 3 3.21872
PL211 1998 10 2 0.0201416
PL211 1999 02 2 0.0143386
PL211 1999 03 2 45.9256
PL211 1999 04 2 78.6786
PL211 1999 05 2 27.0638
PL211 1999 06 4 0.0659869
PL211 1999 07 4 1.28921
PL211 1999 08 4 0.920424
PL211 1999 09 4 8.32122
PL211 1999 10 4 2.04923
PL211 1999 11 3 0.0322667
PL211 2000 02 2 0.0225234
PL211 2000 03 2 1.97479
PL211 2000 04 2 28.7406
PL211 2000 05 2 8.32205
PL211 2000 06 2 3.71569
PL211 2000 07 2 0.524233
PL211 2000 08 2 0.244961
PL211 2000 09 2 0.932093
PL211 2000 10 2 15.2312
PL211 2000 11 4 1.33461
PL211 2001 01 3 0.0268056
PL211 2001 02 3 1.32239
PL211 2001 03 5 4.39677
PL211 2001 04 5 44.0512
PL211 2001 05 5 4.95363
PL211 2001 06 2 0.00786459
PL211 2001 07 3 0.977007
PL211 2001 08 3 0.117255
PL211 2001 10 2 0.0231271
PL211 2002 02 5 2.69897
PL211 2002 03 5 32.351
PL211 2002 04 5 41.4189
PL211 2002 05 5 6.63416
PL211 2002 06 5 1.41122
PL211 2002 07 5 2.12195
PL211 2002 08 5 1.25416
PL211 2002 09 5 4.3333
PL211 2003 03 5 138.763
PL211 2003 04 99 163.904
PL211 2003 05 99 44.172
PL211 2003 06 99 17.7936
PL211 2003 07 3 0.588863
PL211 2003 08 3 124.673
PL211 2003 09 3 13.1195
PL211 2004 01 2 0.0111945
PL211 2004 03 2 1.95896
PL211 2004 04 2 18.1903
PL211 2004 05 2 6.71584
PL211 2004 06 2 1.49191
PL211 2004 07 2 2.24786
PL211 2004 08 2 2.51959
PL211 2004 09 2 5.09944
PL211 2004 10 2 0.678978
PL211 2004 12 2 0.0120884
PL211 2005 03 2 11.6533
PL211 2005 04 2 134.029
PL211 2005 05 2 9.61854
PL211 2005 06 2 2.26423
PL211 2005 07 2 4.69251
PL211 2005 08 2 0.806479
PL211 2005 09 2 4.61767
PL211 2005 10 2 1.08661
PL211 2005 11 2 3.79162
PL211 2006 04 2 12.1345
PL211 2006 05 2 1.57704
PL211 2006 06 2 5.57005
PL211 2006 07 2 19.9654
PL211 2006 08 2 0.192873
PL211 2006 09 2 3.66402
PL211 2006 10 2 19.8075
PL211 2006 11 2 0.00864039
PL211 2006 12 2 0.00947866
PL212 1993 01 2 0.627265
PL212 1993 03 2 0.0101062
PL212 1993 04 2 35.1946
PL212 1993 05 2 12.5781
PL212 1993 06 3 0.0651365
PL212 1993 07 5 6.74868
PL212 1993 08 5 2.26398
PL212 1993 09 4 1.3235
PL212 1993 10 4 6.0017
PL212 1994 01 4 2.85827
PL212 1994 03 4 4.37834
PL212 1994 04 4 1.33709
PL212 1994 05 4 2.33923
PL212 1994 06 4 1.71916
PL212 1994 07 4 8.50736
PL212 1994 08 4 4.33408
PL212 1994 09 4 0.0296341
PL212 1994 10 2 0.278054
PL212 1994 11 2 0.0144863
PL212 1994 12 2 0.00719533
PL212 1995 02 2 0.00986285
PL212 1995 03 2 0.694596
PL212 1995 04 2 14.1324
PL212 1995 05 2 2.69561
PL212 1995 06 3 0.0270299
PL212 1995 07 3 1.01404
PL212 1995 08 3 22.0666
PL212 1995 09 2 0.0264642
PL212 1995 10 5 3.6538
PL212 1996 02 2 0.00933552
PL212 1996 03 2 0.0269314
PL212 1996 04 2 207.305
PL212 1996 05 2 4.47068
PL212 1996 06 2 3.38599
PL212 1996 08 2 0.00549258
PL212 1996 10 2 5.84355
PL212 1997 01 2 1.18019
PL212 1997 02 3 1.48267
PL212 1997 03 3 3.76767
PL212 1997 04 2 0.415017
PL212 1997 05 2 8.05236
PL212 1997 06 4 0.0554891
PL212 1997 08 4 1.00683
PL212 1997 09 2 1.00465
PL212 1997 10 2 0.0161892
PL212 1997 11 2 0.7029
PL212 1998 01 4 4.70347
PL212 1998 02 4 0.531812
PL212 1998 03 4 1.19215
PL212 1998 04 4 17.885
PL212 1998 05 5 12.8887
PL212 1998 06 4 0.28107
PL212 1998 07 3 0.040377
PL212 1998 08 3 2.7442
PL212 1998 09 3 1.12062
PL212 1998 10 4 0.162373
PL212 1999 01 5 3.08002
PL212 1999 03 5 14.0953
PL212 1999 04 5 36.9383
PL212 1999 05 3 8.73112
PL212 1999 06 2 0.0134298
PL212 1999 07 4 1.06759
PL212 1999 08 4 1.36276
PL212 1999 09 4 4.08327
PL212 1999 11 2 0.914726
PL212 1999 12 2 0.0101665
PL212 2000 03 2 0.014388
PL212 2000 04 2 27.1402
PL212 2000 05 2 7.91125
PL212 2000 06 2 0.712031
PL212 2000 07 4 0.270388
PL212 2000 08 4 1.10042
PL212 2000 09 4 0.0321484
PL212 2000 10 4 31.1604
PL212 2000 11 5 2.06202
PL212 2000 12 4 0.123692
PL212 2001 02 5 1.02082
PL212 2001 03 5 2.17136
PL212 2001 04 5 8.75697
PL212 2001 05 5 3.09989
PL212 2001 07 3 0.0563804
PL212 2001 08 2 0.0135814
PL212 2001 10 2 0.0288838
PL212 2002 02 2 1.56402
PL212 2002 03 2 23.0006
PL212 2002 04 2 8.86999
PL212 2002 05 2 6.73585
PL212 2002 06 2 0.831875
PL212 2002 07 2 0.573341
PL212 2002 08 2 0.185669
PL212 2002 09 4 0.226352
PL212 2002 11 3 0.847305
PL212 2003 01 2 0.0135454
PL212 2003 03 2 191.697
PL212 2003 04 2 79.8084
PL212 2003 05 2 11.5817
PL212 2003 06 2 0.578522
PL212 2003 07 2 0.443436
PL212 2003 08 2 3.03496
PL212 2003 09 2 6.86148
PL212 2003 10 3 0.596516
PL212 2003 11 2 0.029749
PL212 2003 12 2 3.02662
PL212 2004 03 2 0.00514045
PL212 2004 04 5 1.47401
PL212 2004 05 5 0.350238
PL212 2004 08 4 0.349973
PL212 2004 09 4 0.733242
PL212 2004 10 4 1.24593
PL212 2004 12 3 0.0376968
PL212 2005 03 5 0.358571
PL212 2005 04 5 19.5299
PL212 2005 05 3 0.0223388
PL212 2005 06 4 0.346099
PL212 2005 07 4 0.0498049
PL212 2005 08 3 0.0587384
PL212 2005 09 2 0.0112635
PL212 2005 10 3 0.106015
PL212 2005 11 3 0.246303
PL212 2006 04 3 6.02961
PL212 2006 05 3 10.6705
PL212 2006 06 3 0.017329
PL212 2006 07 3 0.291459
PL212 2006 08 3 0.0130517
PL212 2006 09 3 6.06017
PL212 2006 10 3 1.3891
PL212 2006 11 2 0.00923894
PL212 2006 12 3 0.0267724
PL213 1993 03 2 4.27636
PL213 1993 04 2 0.794072
PL213 1993 07 4 2.32678
PL213 1993 08 5 2.06504
PL213 1994 01 2 0.135807
PL213 1994 04 4 3.32698
PL213 1994 07 4 1.39692
PL213 1994 08 5 0.57184
PL213 1994 10 2 0.0497464
PL213 1994 11 3 0.143419
PL213 1995 02 2 0.021244
PL213 1995 05 2 0.53898
PL213 1996 04 4 3.54949
PL213 1996 11 2 0.189969
PL213 1997 03 2 8.7218
PL213 1997 04 2 0.878603
PL213 1999 04 2 1.47349
PL213 1999 08 2 0.162884
PL213 2000 05 2 0.0551352
PL213 2000 06 3 1.96468
PL213 2000 10 2 0.00757068
PL213 2001 04 2 0.433515
PL213 2002 05 2 0.0130877
PL213 2003 03 3 5.7106
PL213 2003 04 2 0.0526258
PL213 2003 05 3 0.154058
PL213 2003 08 2 0.0115459
PL213 2003 09 2 0.100913
PL213 2003 10 2 0.710239
PL213 2004 04 2 0.786023
PL213 2004 10 2 0.0130744
PL213 2005 04 2 0.366564
PL213 2005 05 2 0.0481851
PL213 2005 06 2 0.197034
PL213 2005 07 2 0.137366
PL213 2005 08 3 0.0271294
PL213 2005 09 3 0.101773
PL213 2006 07 2 0.00669772
PL213 2006 08 2 0.0683817
PL213 2006 09 2 0.0112268
PL213 2006 10 4 0.531142
PL224 1993 03 2 1.70799
PL224 1993 04 2 160.086
PL224 1993 05 91 42.0109
PL224 1993 06 91 29.1054
PL224 1993 07 91 8.07156
PL224 1993 08 91 36.5916
PL224 1993 09 91 6.69617
PL224 1993 10 2 0.111251
PL224 1994 01 2 0.00678819
PL224 1994 02 4 2.26548
PL224 1994 03 5 6.38089
PL224 1994 04 5 18.9819
PL224 1994 05 5 5.75118
PL224 1994 06 5 16.4088
PL224 1994 07 119 91.1468
PL224 1994 08 119 44.2302
PL224 1994 09 2 0.0133061
PL224 1995 03 5 9.50731
PL224 1995 04 5 20.4884
PL224 1995 05 5 11.7018
PL224 1995 06 5 2.71608
PL224 1995 07 5 8.81275
PL224 1995 08 5 30.0765
PL224 1995 09 2 0.384568
PL224 1995 10 2 2.06284
PL224 1996 04 2 367.863
PL224 1996 05 2 6.96525
PL224 1996 06 2 15.2166
PL224 1996 08 3 0.206427
PL224 1997 02 2 1.65682
PL224 1997 03 2 46.4563
PL224 1997 04 2 99.8307
PL224 1997 05 2 74.8796
PL224 1997 06 2 15.7943
PL224 1997 07 5 1.75901
PL224 1997 08 5 5.60218
PL224 1997 09 5 2.37472
PL224 1998 02 3 1.1269
PL224 1998 03 3 11.6586
PL224 1998 04 3 36.9239
PL224 1998 05 3 20.2037
PL224 1998 06 3 2.34781
PL224 1998 07 3 5.76447
PL224 1998 08 3 11.1474
PL224 1998 09 3 2.2791
PL224 1998 10 2 0.0142532
PL224 1998 12 2 0.72579
PL224 1999 03 2 20.6583
PL224 1999 04 2 99.5323
PL224 1999 05 2 13.6929
PL224 1999 06 2 3.31514
PL224 1999 07 2 5.17299
PL224 1999 08 2 49.4314
PL224 1999 09 2 189.923
PL224 1999 10 2 2.12463
PL224 1999 11 3 0.436765
PL224 2000 01 2 0.00595753
PL224 2000 02 3 2.19287
PL224 2000 03 3 2.12088
PL224 2000 04 3 29.4718
PL224 2000 05 142 138.182
PL224 2000 06 142 36.7022
PL224 2000 07 142 0.789357
PL224 2000 08 142 2.5329
PL224 2000 09 4 0.0439114
PL224 2000 10 4 4.38382
PL224 2000 11 2 0.129199
PL224 2001 01 2 0.00597719
PL224 2001 02 2 6.11302
PL224 2001 03 3 1.48828
PL224 2001 04 3 35.4129
PL224 2001 05 3 23.4798
PL224 2001 06 4 1.23378
PL224 2001 07 4 2.34611
PL224 2001 08 4 1.49497
PL224 2001 09 2 0.0117878
PL224 2002 02 3 2.51084
PL224 2002 03 3 13.9498
PL224 2002 04 3 84.4949
PL224 2002 05 3 59.688
PL224 2002 06 3 4.95702
PL224 2002 07 3 10.7789
PL224 2002 08 3 5.1607
PL224 2002 09 3 11.6803
PL224 2003 03 3 269.85
PL224 2003 04 83 304.068
PL224 2003 05 83 76.069
PL224 2003 06 81 90.0713
PL224 2003 07 81 22.4542
PL224 2003 08 103 136.344
PL224 2003 09 103 43.7551
PL224 2003 10 2 0.0120146
PL224 2003 12 3 0.161202
PL224 2004 03 2 1.15422
PL224 2004 04 2 9.34424
PL224 2004 05 2 13.8858
PL224 2004 06 2 9.24724
PL224 2004 07 2 7.40236
PL224 2004 08 2 28.7316
PL224 2004 09 2 105.096
PL224 2004 10 2 10.9532
PL224 2004 12 2 0.00713201
PL224 2005 03 2 10.0549
PL224 2005 04 82 134.17
PL224 2005 05 82 65.4181
PL224 2005 06 82 12.6762
PL224 2005 07 82 31.7187
PL224 2005 08 82 3.97521
PL224 2005 09 82 8.12506
PL224 2005 10 82 5.54822
PL224 2005 11 82 5.53665
PL224 2005 12 2 0.00657598
PL224 2006 04 2 17.5433
PL224 2006 05 2 11.115
PL224 2006 06 2 11.7031
PL224 2006 07 183 234.471
PL224 2006 08 183 2.86131
PL224 2006 09 183 1.68047
PL224 2006 10 183 0.621803
PL224 2006 11 3 0.0168983
PL225 1993 01 4 2.23199
PL225 1993 03 2 1.09747
PL225 1993 04 2 5.77227
PL225 1993 05 2 16.8933
PL225 1993 06 2 1.4981
PL225 1993 07 3 0.198858
PL225 1993 08 3 1.83739
PL225 1993 09 4 8.2581
PL225 1993 10 3 0.725292
PL225 1994 01 2 0.0270964
PL225 1994 02 2 0.290506
PL225 1994 03 4 0.746245
PL225 1994 04 5 6.60491
PL225 1994 05 5 16.4253
PL225 1994 06 3 1.63329
PL225 1994 07 3 8.43323
PL225 1994 08 3 2.63826
PL225 1994 11 2 0.116763
PL225 1995 02 2 0.014572
PL225 1995 03 2 0.0494357
PL225 1995 04 3 0.242645
PL225 1995 05 3 1.24668
PL225 1995 07 3 0.0574592
PL225 1995 08 3 0.456372
PL225 1995 11 2 3.23856
PL225 1996 04 2 84.6537
PL225 1996 05 4 1.15023
PL225 1996 06 2 0.0131225
PL225 1996 08 3 0.0311544
PL225 1997 03 3 7.65042
PL225 1997 04 4 1.92347
PL225 1997 05 2 0.0136148
PL225 1997 07 2 0.148091
PL225 1997 08 3 0.0435768
PL225 1997 09 2 0.0115402
PL225 1997 10 2 0.146003
PL225 1997 12 2 0.0111424
PL225 1998 02 2 3.37208
PL225 1998 03 5 5.4247
PL225 1998 04 5 10.2958
PL225 1998 05 3 0.532629
PL225 1998 06 4 0.0387373
PL225 1998 08 5 0.750092
PL225 1998 09 2 0.0084473
PL225 1999 03 3 3.27958
PL225 1999 04 3 12.1743
PL225 1999 05 3 0.0154003
PL225 1999 07 2 0.00738766
PL225 1999 08 4 0.0742134
PL225 1999 09 4 1.77788
PL225 2000 02 2 0.0146519
PL225 2000 04 2 5.35092
PL225 2000 05 2 3.07659
PL225 2000 06 5 0.745756
PL225 2000 09 4 0.401376
PL225 2000 10 4 2.67804
PL225 2000 11 4 0.173556
PL225 2001 04 4 2.70796
PL225 2001 05 3 0.0267064
PL225 2001 09 2 0.008067
PL225 2001 11 2 0.0114694
PL225 2002 03 2 17.172
PL225 2002 04 4 0.622447
PL225 2002 05 5 0.90319
PL225 2002 06 2 0.0635621
PL225 2002 07 2 0.014064
PL225 2002 08 3 0.470151
PL225 2002 09 3 0.028456
PL225 2002 11 2 0.574588
PL225 2003 03 2 4.85445
PL225 2003 04 2 46.5388
PL225 2003 05 2 1.61422
PL225 2003 06 4 0.0166084
PL225 2003 07 4 0.0354302
PL225 2003 08 4 0.876779
PL225 2003 09 4 7.70401
PL225 2003 10 2 0.00576964
PL225 2003 11 2 0.0106683
PL225 2003 12 3 5.49065
PL225 2004 04 3 1.94959
PL225 2004 05 2 0.482598
PL225 2004 08 3 0.0298684
PL225 2004 09 3 0.171182
PL225 2004 10 3 0.156692
PL225 2004 12 2 0.0131417
PL225 2005 04 5 5.3903
PL225 2005 05 3 0.175822
PL225 2005 06 2 1.41677
PL225 2005 07 2 0.538592
PL225 2005 09 2 0.703785
PL225 2005 11 5 1.3784
PL225 2006 04 3 2.66162
PL225 2006 05 2 0.0258426
PL225 2006 06 3 0.0226161
PL225 2006 07 4 0.0467305
PL225 2006 08 4 0.0334348
PL225 2006 10 4 2.30486
PL225 2006 11 2 0.0765168
PL226 1993 01 3 0.765886
PL226 1993 02 2 0.0849545
PL226 1993 03 3 2.57563
PL226 1993 04 108 153.28
PL226 1993 05 179 224.318
PL226 1993 06 179 14.1955
PL226 1993 07 179 3.84217
PL226 1993 08 179 4.72993
PL226 1993 09 179 3.96144
PL226 1993 10 179 3.1504
PL226 1993 12 2 0.0122582
PL226 1994 01 2 1.6155
PL226 1994 02 2 4.10642
PL226 1994 03 2 68.3801
PL226 1994 04 2 38.5574
PL226 1994 05 2 24.4124
PL226 1994 06 2 22.4485
PL226 1994 07 153 53.1603
PL226 1994 08 153 57.1712
PL226 1994 09 153 3.34778
PL226 1994 10 3 0.130137
PL226 1994 11 3 1.20755
PL226 1995 02 3 3.62225
PL226 1995 03 3 42.779
PL226 1995 04 3 36.2102
PL226 1995 05 3 29.0252
PL226 1995 06 3 2.41381
PL226 1995 07 3 19.4553
