ES614 1991 10 5 2.38754
ES614 1992 01 5 22.3587
ES614 1992 02 5 7.4687
ES614 1992 03 5 14.1925
ES614 1992 04 5 10.609
ES614 1992 05 5 491.021
ES614 1992 06 5 71.9282
ES614 1992 07 5 151.889
ES614 1992 08 5 115.997
ES614 1992 09 5 95.8261
ES614 1992 10 5 10.8842
ES614 1993 01 5 26.6135
ES614 1993 02 3 0.954935
ES614 1993 03 4 3.00933
ES614 1993 04 3 8.70346
ES614 1993 05 3 0.997724
ES614 1993 06 3 3.35117
ES614 1993 07 3 117.57
ES614 1993 08 3 3303.71
ES614 1993 09 3 466.657
ES614 1993 10 3 14.4147
ES614 1993 12 3 25.7119
ES614 1994 01 3 9.06584
ES614 1994 02 3 55.6627
ES614 1994 03 3 9.59024
ES614 1994 04 4 17.4494
ES614 1994 05 3 2.79253
ES614 1994 06 3 76.5501
ES614 1994 07 3 5470.57
ES614 1994 08 3 4529.52
ES614 1994 09 3 29.1248
ES614 1994 10 3 4.66428
ES614 1995 01 3 13.7165
ES614 1995 02 3 116.228
ES614 1995 03 5 16.1876
ES614 1995 04 5 11.7769
ES614 1995 05 5 16.0369
ES614 1995 06 5 8.5433
ES614 1995 07 5 125.833
ES614 1995 08 5 50.7557
ES614 1995 09 5 8.75481
ES614 1995 10 5 5.80927
ES614 1995 11 4 40.6659
ES614 1996 01 3 2.3504
ES614 1996 02 3 1.99542
ES614 1996 03 3 15.8768
ES614 1996 04 4 2.52508
ES614 1996 06 2 0.103493
ES614 1996 07 2 24.5577
ES614 1996 08 2 9.32855
ES614 1996 09 3 1.27784
ES614 1996 10 3 3.51542
ES614 1997 02 3 3.14186
ES614 1997 03 3 0.234851
ES614 1997 04 3 7.82558
ES614 1997 05 3 21.1285
ES614 1997 06 3 3.12395
ES614 1997 07 3 37.8658
ES614 1997 08 3 372.886
ES614 1997 09 3 24.6179
ES614 1997 10 4 0.138558
ES614 1998 01 2 0.654255
ES614 1998 02 3 32.5589
ES614 1998 03 5 38.3092
ES614 1998 05 4 2.03655
ES614 1998 06 4 5.18998
ES614 1998 07 4 145.951
ES614 1998 08 4 23.2864
ES614 1998 09 4 30.0987
ES614 1998 10 4 334.716
ES614 1998 11 4 67.6275
ES614 1998 12 4 22.6169
ES614 1999 01 4 18.5106
ES614 1999 02 4 16.2325
ES614 1999 03 5 22.3387
ES614 1999 04 5 45.2723
ES614 1999 05 5 462.214
ES614 1999 06 5 30.1815
ES614 1999 07 5 52.801
ES614 1999 08 5 1649.14
ES614 1999 09 5 190.833
ES614 1999 10 4 2.8616
ES614 1999 11 2 2.51734
ES614 1999 12 2 3.03295
ES614 2000 01 3 2.11776
ES614 2000 02 3 29.5347
ES614 2000 03 3 4.15005
ES614 2000 04 3 8.52811
ES614 2000 06 3 13.2518
ES614 2000 07 3 37.548
ES614 2000 08 3 1620.57
ES614 2000 09 3 12.6524
ES614 2000 10 4 3.29694
ES614 2000 11 3 28.0063
ES614 2000 12 3 0.784487
ES614 2001 01 3 3.14459
ES614 2001 02 3 0.963404
ES614 2001 03 5 0.867795
ES614 2001 04 5 3.55755
ES614 2001 05 5 7.89949
ES614 2001 06 5 112.225
ES614 2001 07 5 176.332
ES614 2001 08 5 612.472
ES614 2001 09 5 81.006
ES614 2001 10 5 4.14023
ES614 2001 12 3 0.247997
ES614 2002 01 4 1.1074
ES614 2002 02 4 1.83497
ES614 2002 03 3 3.38453
ES614 2002 04 5 4.47808
ES614 2002 05 5 26.6992
ES614 2002 06 5 289.712
ES614 2002 07 5 80.3176
ES614 2002 08 5 92.7278
ES614 2002 09 5 30.4303
ES614 2002 10 5 15.9587
ES614 2002 11 5 2626.72
ES614 2002 12 3 15.5367
ES614 2003 01 3 1.25679
ES614 2003 02 4 1.31541
ES614 2003 03 4 2.01477
ES614 2003 04 4 1.58846
ES614 2003 05 4 0.191435
ES614 2003 06 4 7.55368
ES614 2003 07 4 239.798
ES614 2003 08 4 120.62
ES614 2003 09 4 38.5556
ES614 2003 10 4 1.77996
ES614 2003 11 3 34.523
ES614 2003 12 2 0.447923
ES614 2004 01 2 154.105
ES614 2004 02 2 0.0605975
ES614 2004 04 2 0.0764646
ES614 2004 05 2 0.00683304
ES614 2004 06 2 90.5067
ES614 2004 07 2 84.2853
ES614 2004 08 2 24.2867
ES614 2004 09 2 34.3414
ES614 2004 10 2 78.412
ES614 2004 11 2 25.4353
ES614 2004 12 4 3.20505
ES614 2005 01 4 25.5615
ES614 2005 02 4 76.577
ES614 2005 03 4 6.37718
ES614 2005 04 4 37.6323
ES614 2005 05 4 73.6484
ES614 2005 06 4 106.057
ES614 2005 07 4 63.2221
ES614 2005 08 4 23.1869
ES614 2005 09 4 1929.39
ES614 2005 10 3 2.05691
ES614 2005 11 3 4.1793
ES614 2005 12 5 8.82422
ES614 2006 01 3 2.64467
ES614 2006 03 3 20.9316
ES614 2006 04 5 1.36097
ES614 2006 05 5 40.8287
ES614 2006 06 5 22.0318
ES614 2006 07 5 118.641
ES614 2006 08 5 22.6684
ES614 2006 09 5 8.58353
ES614 2006 10 5 2.65595
ES614 2006 11 5 0.466872
ES614 2006 12 3 0.162628
ES615 1985 04 3 18.692
ES615 1985 05 2 1.59322
ES615 1985 06 4 11.37
ES615 1985 07 4 2127.78
ES615 1985 08 4 3370.04
ES615 1985 09 4 5417.56
ES615 1985 10 4 273.066
ES615 1986 03 2 66.2886
ES615 1986 04 2 0.304591
ES615 1986 05 2 24.5721
ES615 1986 06 2 136.89
ES615 1986 07 2 1887.07
ES615 1986 08 2 1376.79
ES615 1986 09 2 431.998
ES615 1986 10 2 190.88
ES615 1986 11 2 161.019
ES615 1987 03 4 40.431
ES615 1987 05 3 11.0291
ES615 1987 06 3 584.084
ES615 1987 07 3 1560.03
ES615 1987 08 3 1702.08
ES615 1987 09 3 304.722
ES615 1987 10 3 3.89235
ES615 1988 03 5 6.79876
ES615 1988 04 3 3.99453
ES615 1988 07 3 150.894
ES615 1988 08 3 869.043
ES615 1988 09 85 976.559
ES615 1988 10 85 17.9847
ES615 1989 01 2 2.19654
ES615 1989 02 2 3.5289
ES615 1989 03 2 1.44095
ES615 1989 05 2 3.30853
ES615 1989 06 2 54.723
ES615 1989 07 2 844.482
ES615 1989 08 2 2867.95
ES615 1989 09 2 177.009
ES615 1989 10 2 138.704
ES615 1989 11 2 121.153
ES615 1990 03 2 9.12079
ES615 1990 04 4 5.99108
ES615 1990 05 4 12.881
ES615 1990 06 4 169.734
ES615 1990 07 4 950.935
ES615 1990 08 4 349.31
ES615 1990 09 4 498.223
ES615 1990 10 4 150.427
ES615 1991 04 4 11.851
ES615 1991 05 4 176.48
ES615 1991 06 4 627.106
ES615 1991 07 4 2749.81
ES615 1991 08 92 12149.9
ES615 1991 09 92 534.452
ES615 1991 10 92 130.79
ES615 1992 01 5 3.51139
ES615 1992 02 3 22.7691
ES615 1992 03 3 272.569
ES615 1992 04 3 293.099
ES615 1992 05 3 5738.81
ES615 1992 06 3 96.9081
ES615 1992 07 3 1043.43
ES615 1992 08 3 868.499
ES615 1992 09 3 240.745
ES615 1992 10 3 47.7607
ES615 1993 02 3 5.09776
ES615 1993 03 4 51.4895
ES615 1993 04 3 11.0114
ES615 1993 06 3 205.451
ES615 1993 07 3 133.903
ES615 1993 08 3 79.8695
ES615 1993 09 3 55.215
ES615 1993 10 4 0.61461
ES615 1994 06 4 35.8265
ES615 1994 07 4 648.665
ES615 1994 08 4 562.516
ES615 1994 09 4 288.584
ES615 1994 10 4 5.81729
ES615 1995 02 4 3.58418
ES615 1995 03 4 59.2134
ES615 1995 04 4 152.018
ES615 1995 05 4 1116.31
ES615 1995 06 4 93.4514
ES615 1995 07 4 2348.87
ES615 1995 08 4 121.327
ES615 1995 09 4 110.541
ES615 1995 10 4 26.0275
ES615 1995 11 5 4.73898
ES615 1996 02 3 1.74156
ES615 1996 05 2 1.1463
ES615 1996 06 2 21.7476
ES615 1996 07 2 114.221
ES615 1996 08 2 40.0393
ES615 1996 09 2 30.4415
ES615 1996 10 2 162.292
ES615 1997 01 3 0.257554
ES615 1997 02 2 0.70601
ES615 1997 03 2 43.9728
ES615 1997 04 2 27.6487
ES615 1997 05 2 52.9099
ES615 1997 06 2 81.3356
ES615 1997 07 2 35.4371
ES615 1997 08 2 86.5012
ES615 1997 09 2 20.1311
ES615 1997 10 2 12.5145
ES615 1998 03 4 5.16139
ES615 1998 04 4 5.73571
ES615 1998 05 3 1.87877
ES615 1998 06 3 240.332
ES615 1998 07 3 203.627
ES615 1998 08 3 456.046
ES615 1998 09 3 58.8928
ES615 1998 10 3 50.7631
ES615 1998 11 3 22.4836
ES615 1998 12 3 130.733
ES615 1999 02 3 11.0334
ES615 1999 03 5 6.39912
ES615 1999 04 5 35.6492
ES615 1999 05 5 37.9837
ES615 1999 06 5 217.197
ES615 1999 07 5 35.9856
ES615 1999 08 5 36.8305
ES615 1999 09 5 12.4434
ES615 1999 10 5 1.04989
ES615 2000 02 5 5.71637
ES615 2000 03 5 22.0513
ES615 2000 04 2 0.16559
ES615 2000 05 3 0.66698
ES615 2000 06 3 12.5635
ES615 2000 07 3 861.948
ES615 2000 08 3 60.5977
ES615 2000 09 3 33.9458
ES615 2000 10 3 15.0041
ES615 2000 11 3 0.681403
ES615 2001 02 2 0.350866
ES615 2001 03 3 0.190294
ES615 2001 04 5 10.7686
ES615 2001 05 5 203.706
ES615 2001 06 5 342.967
ES615 2001 07 5 87.0274
ES615 2001 08 5 1024.97
ES615 2001 09 5 26.4504
ES615 2001 10 4 6.81839
ES615 2001 11 2 0.0163662
ES615 2002 02 4 1.45579
ES615 2002 04 4 0.965202
ES615 2002 05 4 12.4173
ES615 2002 06 4 40.9076
ES615 2002 07 4 416.656
ES615 2002 08 4 343.662
ES615 2002 09 4 23.7042
ES615 2002 10 4 9.61557
ES615 2002 11 4 2.01368
ES615 2003 01 2 1.02737
ES615 2003 02 2 0.58612
ES615 2003 03 5 1.4611
ES615 2003 04 3 1.64675
ES615 2003 05 3 13.3572
ES615 2003 06 3 142.967
ES615 2003 07 3 953.365
ES615 2003 08 3 4933.31
ES615 2003 09 3 212.964
ES615 2003 10 3 5.22153
ES615 2004 03 3 0.395665
ES615 2004 04 4 0.853583
ES615 2004 05 4 7.74064
ES615 2004 06 4 1661.63
ES615 2004 07 4 12173.7
ES615 2004 08 4 3147.13
ES615 2004 09 4 50.6009
ES615 2004 10 4 98.8493
ES615 2004 11 3 4.42069
ES615 2004 12 5 1.72166
ES615 2005 01 5 22.6716
ES615 2005 02 5 125.429
ES615 2005 03 5 39.7896
ES615 2005 04 5 262.625
ES615 2005 05 5 83.2331
ES615 2005 06 5 241.211
ES615 2005 07 5 961.599
ES615 2005 08 5 555.629
ES615 2005 09 5 123.043
ES615 2005 10 5 1.08171
ES615 2005 11 4 1.20589
ES615 2005 12 3 0.716797
ES615 2006 01 5 0.732228
ES615 2006 03 5 3.24343
ES615 2006 04 5 0.504917
ES615 2006 05 5 104.489
ES615 2006 06 5 23.5869
ES615 2006 07 5 607.315
ES615 2006 08 5 54.3854
ES615 2006 09 5 82.3121
ES615 2006 10 5 15.29
ES616 1985 03 3 1.5543
ES616 1985 04 3 1.82459
ES616 1985 06 2 1.08045
ES616 1985 07 2 7205.8
ES616 1985 08 2 7359.35
ES616 1985 09 2 920.148
ES616 1985 10 2 226.134
ES616 1986 05 5 6.51677
ES616 1986 06 5 1697.51
ES616 1986 07 5 2577.7
ES616 1986 08 5 5980.28
ES616 1986 09 5 33.6796
ES616 1987 03 2 0.0824009
ES616 1987 04 2 0.448576
ES616 1987 05 4 2.3831
ES616 1987 06 4 157.072
ES616 1987 07 4 90.6951
ES616 1987 08 4 187.822
ES616 1987 09 4 148.26
ES616 1988 07 4 6576.96
ES616 1988 08 4 4707.26
ES616 1988 09 4 567.152
ES616 1988 10 4 1.25871
ES616 1989 01 3 2.28892
ES616 1989 02 3 3.91007
ES616 1989 03 3 7.43343
ES616 1989 04 3 1.64202
ES616 1989 05 4 1.08945
ES616 1989 06 4 31.7325
ES616 1989 07 4 65.573
ES616 1989 08 4 191.73
ES616 1989 09 4 1.60685
ES616 1989 10 4 7.74232
ES616 1990 02 2 2.15422
ES616 1990 03 3 2.37322
ES616 1990 04 5 5.20548
ES616 1990 05 2 0.677205
ES616 1990 06 2 211.835
ES616 1990 07 2 883.755
ES616 1990 08 2 1234.78
ES616 1990 09 2 59.4432
ES616 1990 10 2 0.416805
ES616 1991 02 2 1.07783
ES616 1991 04 4 5.92644
ES616 1991 05 4 19.7932
ES616 1991 06 4 870.208
ES616 1991 07 4 918.129
ES616 1991 08 4 2208.02
ES616 1991 09 4 171.814
ES616 1991 10 3 10.4729
ES616 1992 03 5 20.0155
ES616 1992 04 4 11.1389
ES616 1992 05 4 9.87509
ES616 1992 06 4 220.434
ES616 1992 07 4 50.1427
ES616 1992 08 4 72.4397
ES616 1992 09 4 33.1341
ES616 1992 10 4 4.2826
ES616 1993 01 3 0.683242
ES616 1993 02 2 0.268463
ES616 1993 03 3 3.51535
ES616 1993 04 3 2.97515
ES616 1993 06 3 101.335
ES616 1993 07 3 139.708
ES616 1993 08 3 131.533
ES616 1993 09 3 201.345
ES616 1993 10 2 1.63164
ES616 1994 02 3 5.51798
ES616 1994 03 4 7.0917
ES616 1994 04 4 13.3864
ES616 1994 05 2 0.493798
ES616 1994 06 2 410.496
ES616 1994 07 2 2040.79
ES616 1994 08 2 219.012
ES616 1994 09 2 1150.93
ES616 1995 01 3 1.35163
ES616 1995 02 4 2.78972
ES616 1995 03 4 4.64059
ES616 1995 04 4 15.22
ES616 1995 05 4 6.92841
ES616 1995 06 4 22.405
ES616 1995 07 4 29.5687
ES616 1995 08 4 48.4366
ES616 1995 09 4 8.44067
ES616 1995 10 4 12.0623
ES616 1995 11 4 0.657762
ES616 1996 05 5 4.94698
ES616 1996 06 5 28.4854
ES616 1996 07 5 52.0816
ES616 1996 08 5 16.88
ES616 1996 09 5 17.4355
ES616 1996 10 3 2.89025
ES616 1997 02 4 15.0501
ES616 1997 03 4 6.70486
ES616 1997 05 4 3.95234
ES616 1997 06 4 15.4478
ES616 1997 07 4 17.2454
ES616 1997 08 4 38.9838
ES616 1997 09 4 42.3966
ES616 1998 03 4 1.5818
ES616 1998 06 4 22.2309
ES616 1998 07 4 44.6693
ES616 1998 08 4 142.173
ES616 1998 09 4 27.0324
ES616 1998 10 4 19.2035
ES616 1998 11 3 1.3368
ES616 1999 02 3 10.3599
ES616 1999 03 3 4.16153
ES616 1999 04 3 43.2488
ES616 1999 05 3 51.0984
ES616 1999 06 3 15.1705
ES616 1999 07 3 26.6399
ES616 1999 08 3 37.5598
ES616 1999 09 3 4.04433
ES616 1999 10 3 0.0299664
ES616 1999 11 2 0.136986
ES616 2000 02 2 0.806764
ES616 2000 03 2 7.49749
ES616 2000 04 3 1.76099
ES616 2000 05 3 21.0693
ES616 2000 06 3 10.6615
ES616 2000 07 3 178.105
ES616 2000 08 3 352.372
ES616 2000 09 3 56.3537
ES616 2000 10 3 8.08217
ES616 2001 04 5 8.36422
ES616 2001 06 5 318.902
ES616 2001 07 5 858.355
ES616 2001 08 5 59.2708
ES616 2001 09 5 14.2361
ES616 2001 10 5 5.65344
ES616 2001 11 2 0.638057
ES616 2001 12 2 1.09478
ES616 2002 01 2 1.28411
ES616 2002 02 2 19.4214
ES616 2002 03 2 4.36435
ES616 2002 04 4 6.51892
ES616 2002 05 4 47.8222
ES616 2002 06 4 118.661
ES616 2002 07 4 500.281
ES616 2002 08 4 283.383
ES616 2002 09 4 220.42
ES616 2002 10 2 18.09
ES616 2002 11 3 1.11816
ES616 2003 03 3 3.36979
ES616 2003 04 4 0.544476
ES616 2003 05 5 27.3409
ES616 2003 06 5 58.6339
ES616 2003 07 5 133.258
ES616 2003 08 5 82.6766
ES616 2003 09 5 57.811
ES616 2003 10 2 1.23652
ES616 2004 03 3 18.8897
ES616 2004 04 2 0.362801
ES616 2004 06 2 91.293
ES616 2004 07 2 128.726
ES616 2004 08 2 4123.96
ES616 2004 09 2 34.479
ES616 2004 10 2 62.7387
ES616 2004 11 2 8.65464
ES616 2005 01 2 4.48818
ES616 2005 02 2 18.5858
ES616 2005 03 2 24.6683
ES616 2005 04 2 64.7712
ES616 2005 05 2 45.9589
ES616 2005 06 2 36.5133
ES616 2005 07 2 68.8554
ES616 2005 08 2 7270.22
ES616 2005 09 2 10.8061
ES616 2005 10 2 4.3159
ES616 2005 11 3 0.0566236
ES616 2006 03 2 0.039924
ES616 2006 04 3 1.16864
ES616 2006 05 3 32.9738
ES616 2006 06 3 182.369
ES616 2006 07 3 275.253
ES616 2006 08 3 446.157
ES616 2006 09 3 34.8892
ES616 2006 10 3 12.3709
ES617 1985 01 3 49.4915
ES617 1985 02 2 6.17003
ES617 1985 03 5 26.7969
ES617 1985 04 4 7.10665
ES617 1985 05 5 1.64666
ES617 1985 06 5 454.058
ES617 1985 07 5 451.353
ES617 1985 08 5 2516.2
ES617 1985 09 5 197.169
ES617 1985 10 5 853.996
ES617 1985 11 5 175.942
ES617 1985 12 3 0.399212
ES617 1986 03 2 16.3299
ES617 1986 05 5 11.505
ES617 1986 06 5 1292.46
ES617 1986 07 5 1673.84
ES617 1986 08 5 2377.63
ES617 1986 09 5 304.217
ES617 1986 10 5 23.098
ES617 1986 11 2 1.72637
ES617 1987 03 4 16.2202
ES617 1987 04 2 0.718141
ES617 1987 05 2 40.015
ES617 1987 06 2 96.5408
ES617 1987 07 2 227.088
ES617 1987 08 2 500.558
ES617 1987 09 2 16.0435
ES617 1988 01 2 1.93081
ES617 1988 03 4 4.59254
ES617 1988 04 3 10.023
ES617 1988 06 3 47.2435
ES617 1988 07 3 422.957
ES617 1988 08 3 494.095
ES617 1988 09 3 657.385
ES617 1988 10 5 62.7238
ES617 1988 11 2 2.99952
ES617 1989 03 3 0.970032
ES617 1989 04 3 1.5284
ES617 1989 05 4 9.62281
ES617 1989 06 4 243.424
ES617 1989 07 4 410.758
ES617 1989 08 4 595.544
ES617 1989 09 4 176.618
ES617 1989 10 4 105.591
ES617 1990 01 2 1.86896
ES617 1990 02 5 8.23075
ES617 1990 03 5 28.2707
ES617 1990 04 3 4.54261
ES617 1990 06 3 280.391
ES617 1990 07 3 872.615
ES617 1990 08 3 2225.09
ES617 1990 09 3 465.901
ES617 1990 10 3 578.391
ES617 1990 11 4 9.0812
ES617 1991 01 2 2.8402
ES617 1991 03 2 2.5018
ES617 1991 04 2 12.2509
ES617 1991 05 2 4199.25
ES617 1991 06 2 148.055
ES617 1991 07 2 1335.83
ES617 1991 08 2 10443.9
ES617 1991 09 2 280.892
ES617 1991 10 2 86.2637
ES617 1991 11 2 64.7319
ES617 1992 01 4 0.450147
ES617 1992 02 5 2.60785
ES617 1992 03 5 10.0094
ES617 1992 04 5 9.01435
ES617 1992 05 5 126.187
ES617 1992 06 5 177.3
ES617 1992 07 5 245.677
ES617 1992 08 5 4014.46
ES617 1992 09 5 135.645
ES617 1992 10 5 116.902
ES617 1992 11 5 13.9792
ES617 1992 12 2 1.33186
ES617 1993 01 5 11.7332
ES617 1993 02 4 1.60939
ES617 1993 03 4 8.99769
ES617 1993 04 4 12.5046
ES617 1993 05 3 2.3276
ES617 1993 06 3 21.1397
ES617 1993 07 3 323.22
ES617 1993 08 3 1837.65
ES617 1993 09 3 2494.56
ES617 1993 10 3 243.066
ES617 1993 11 3 1.20567
ES617 1993 12 3 8.76626
ES617 1994 01 3 12.711
ES617 1994 02 3 11.7754
ES617 1994 03 3 12.135
ES617 1994 04 3 15.2661
ES617 1994 05 3 18.5183
ES617 1994 06 3 203.027
ES617 1994 07 3 1760.02
ES617 1994 08 3 647.934
ES617 1994 09 3 361.837
ES617 1994 10 3 11.5294
ES617 1994 11 4 104.464
ES617 1994 12 4 21.8361
ES617 1995 01 4 324.693
ES617 1995 02 4 1.14543
ES617 1995 03 4 28.3199
ES617 1995 04 4 22.9284
ES617 1995 05 4 36.7116
ES617 1995 06 4 6.70995
ES617 1995 07 4 1769.18
ES617 1995 08 4 42.1182
ES617 1995 09 4 1866.76
ES617 1995 10 4 25.1701
ES617 1995 11 4 14.0623
ES617 1996 02 4 15.3787
ES617 1996 03 3 13.0951
ES617 1996 04 4 9.68161
ES617 1996 05 2 1.8527
ES617 1996 06 2 0.50653
ES617 1996 07 4 14.8565
ES617 1996 08 4 7.78267
ES617 1996 09 4 1.928
ES617 1996 10 5 0.894515
ES617 1997 02 5 4.31329
ES617 1997 03 5 2.31112
ES617 1997 04 5 1.19276
ES617 1997 05 5 3.01526
ES617 1997 06 4 40.3728
ES617 1997 07 4 45.5182
ES617 1997 08 4 7.90712
ES617 1997 09 4 11.435
ES617 1997 10 4 1.68103
ES617 1998 01 4 2.41274
ES617 1998 03 5 2.52281
ES617 1998 04 3 5.58524
ES617 1998 05 5 26.5254
ES617 1998 06 5 10.2793
ES617 1998 07 5 10.8448
ES617 1998 08 5 183.404
ES617 1998 09 5 42.6396
ES617 1998 10 5 82.1447
ES617 1998 11 5 27.1315
ES617 1998 12 2 1.85764
ES617 1999 01 4 1.6463
ES617 1999 02 4 5.19101
ES617 1999 03 5 1.85039
ES617 1999 04 5 23.1655
ES617 1999 05 5 7.39585
ES617 1999 06 5 143.898
ES617 1999 07 5 231.893
ES617 1999 08 5 55.3862
ES617 1999 09 5 257.123
ES617 1999 10 5 4.18992
ES617 1999 12 4 2.18608
ES617 2000 02 3 2.83564
ES617 2000 03 3 5.41572
ES617 2000 04 3 4.29864
ES617 2000 05 2 0.458897
ES617 2000 06 2 96.9177
ES617 2000 07 2 71.0801
ES617 2000 08 2 149.745
ES617 2000 09 2 103.138
ES617 2000 10 2 13.8225
ES617 2000 11 4 0.830647
ES617 2000 12 2 2.7473
ES617 2001 02 5 3.03408
ES617 2001 03 5 3.54283
ES617 2001 04 5 7.95071
ES617 2001 05 5 22.7294
ES617 2001 06 5 58.5738
ES617 2001 07 5 645.695
ES617 2001 08 5 74.6339
ES617 2001 09 5 8.1158
ES617 2002 01 2 3.33486
ES617 2002 02 2 4.18708
ES617 2002 03 2 0.0396289
ES617 2002 04 4 0.39699
ES617 2002 05 4 8.58977
ES617 2002 06 4 18.7387
ES617 2002 07 4 495.765
ES617 2002 08 4 279.352
ES617 2002 09 4 10.7662
ES617 2002 10 4 55.225
ES617 2002 11 4 158.603
ES617 2002 12 2 1.45172
ES617 2003 01 2 3.638
ES617 2003 02 2 8.02622
ES617 2003 03 4 3.75389
ES617 2003 04 3 1.53965
ES617 2003 05 4 5.78511
ES617 2003 06 4 52.7021
ES617 2003 07 4 84.479
ES617 2003 08 4 187.179
ES617 2003 09 4 90.9939
ES617 2003 11 4 0.282118
ES617 2004 01 4 19.7572
ES617 2004 02 2 0.148371
ES617 2004 03 2 3.34305
ES617 2004 04 5 4.3036
ES617 2004 05 3 1.28556
ES617 2004 06 3 20.4839
ES617 2004 07 3 602.038
ES617 2004 08 3 1275.07
ES617 2004 09 3 15.8152
ES617 2004 10 3 21.2283
ES617 2004 11 3 2.41098
ES617 2005 01 3 6.10435
ES617 2005 02 3 115.686
ES617 2005 03 4 4.94828
ES617 2005 04 4 25.7803
ES617 2005 05 4 15.8221
ES617 2005 06 4 457.007
ES617 2005 07 4 766.777
ES617 2005 08 4 248.554
ES617 2005 09 4 4.82202
ES617 2005 10 5 51.9861
ES617 2005 11 5 6.60184
ES617 2005 12 2 1.2058
ES617 2006 01 3 1.59346
ES617 2006 02 2 0.163628
ES617 2006 03 5 1.44605
ES617 2006 05 5 2.72801
ES617 2006 06 5 13.0919
ES617 2006 07 5 863.827
ES617 2006 08 5 121.087
ES617 2006 09 5 99.7997
ES617 2006 10 5 307.856
ES618 1985 06 3 58.6097
ES618 1985 07 3 278.028
ES618 1985 08 3 2002.44
ES618 1985 09 3 127.535
ES618 1985 10 3 7.30764
ES618 1986 06 3 452.116
ES618 1986 07 3 2816.77
ES618 1986 08 3 1005.86
ES618 1986 09 3 134.503
ES618 1987 05 2 41.9896
ES618 1987 06 2 460.525
ES618 1987 07 2 236.357
ES618 1987 08 2 2017.93
ES618 1987 09 2 19.785
ES618 1988 07 2 116.751
ES618 1988 08 2 549.715
ES618 1988 09 2 153.336
ES618 1988 10 2 15.7515
ES618 1989 05 2 0.120066
ES618 1989 06 2 146.898
ES618 1989 07 2 1317.66
ES618 1989 08 2 969.526
ES618 1989 09 2 91.6732
ES618 1989 10 4 14.118
ES618 1990 06 4 37.6835
ES618 1990 07 4 79.8777
ES618 1990 08 4 134.786
ES618 1990 09 4 70.0559
ES618 1990 10 4 40.9878
ES618 1991 05 4 117.216
ES618 1991 06 4 1230.09
ES618 1991 07 4 5390.28
ES618 1991 08 4 2729.31
ES618 1991 09 4 242.497
ES618 1991 10 4 30.9776
ES618 1992 03 5 48.1931
ES618 1992 04 4 51.1129
ES618 1992 06 4 51.485
ES618 1992 07 4 184.352
ES618 1992 08 4 127.424
ES618 1992 09 4 45.397
ES618 1992 10 4 13.8883
ES618 1993 06 5 24.5319
ES618 1993 07 5 650.776
ES618 1993 08 5 49.6343
ES618 1993 09 5 47.07
ES618 1994 03 3 1.27746
ES618 1994 04 4 2.42636
ES618 1994 05 4 2.87084
ES618 1994 06 4 94.0506
ES618 1994 07 4 1518.08
ES618 1994 08 4 89.6825
ES618 1994 09 4 175.754
ES618 1994 10 3 1.04013
ES618 1995 01 2 2.71597
ES618 1995 02 2 0.244694
ES618 1995 03 5 4.70106
ES618 1995 04 4 75.651
ES618 1995 05 4 1030.55
ES618 1995 06 4 74.372
ES618 1995 07 4 364.51
ES618 1995 08 4 39.7709
ES618 1995 09 4 886.32
ES618 1995 10 4 2.09125
ES618 1996 06 4 12.3941
ES618 1996 07 4 35.349
ES618 1996 08 4 86.4605
ES618 1996 09 4 12.7307
ES618 1996 10 4 4.4539
ES618 1997 02 3 0.203862
ES618 1997 04 2 0.140437
ES618 1997 05 3 2.08441
ES618 1997 06 3 9.89692
ES618 1997 07 3 22.4734
ES618 1997 08 3 39.3493
ES618 1997 09 3 8.26871
ES618 1997 10 4 0.739865
ES618 1998 03 4 1.84364
ES618 1998 05 2 0.0735732
ES618 1998 06 2 16.4935
ES618 1998 07 2 342.934
ES618 1998 08 2 118.522
ES618 1998 09 2 58.8856
ES618 1998 10 4 3.27124
ES618 1999 02 4 6.29744
ES618 1999 03 4 8.93324
ES618 1999 04 4 0.973153
ES618 1999 05 4 58.9881
ES618 1999 06 4 8.94385
ES618 1999 07 4 30.7917
ES618 1999 08 4 5.64196
ES618 1999 09 4 19.1
ES618 1999 10 4 0.591385
ES618 2000 02 2 3.9072
ES618 2000 03 2 3.5742
ES618 2000 06 2 62.4417
ES618 2000 07 2 117.356
ES618 2000 08 2 65.8856
ES618 2000 09 2 60.7005
ES618 2000 10 2 8.50148
ES618 2001 04 4 2.21712
ES618 2001 05 3 1.34017
ES618 2001 06 3 140.606
ES618 2001 07 3 173.77
ES618 2001 08 3 128.219
ES618 2001 09 3 11.0784
ES618 2002 05 3 13.9062
ES618 2002 06 3 63.9542
ES618 2002 07 3 332.102
ES618 2002 08 3 90.3449
ES618 2002 09 3 22.4765
ES618 2003 03 3 5.50906
ES618 2003 04 3 0.813454
ES618 2003 05 4 2.03294
ES618 2003 06 4 20.1551
ES618 2003 07 4 938.095
ES618 2003 08 4 350.9
ES618 2003 09 4 64.9491
ES618 2004 06 4 1028.53
ES618 2004 07 4 339.531
ES618 2004 08 4 239.476
ES618 2004 09 4 120.182
ES618 2004 10 4 32.285
ES618 2004 11 2 7.61523
ES618 2004 12 3 4.2246
ES618 2005 01 3 1.79212
ES618 2005 02 3 2.38143
ES618 2005 03 3 7.94842
ES618 2005 04 3 31.918
ES618 2005 05 3 13.6785
ES618 2005 06 3 160.835
ES618 2005 07 3 496.117
ES618 2005 08 3 96.6004
ES618 2005 09 3 80.0811
ES618 2005 10 5 7.52876
ES618 2006 04 2 0.0550736
ES618 2006 05 2 5.32665
ES618 2006 06 2 109.974
ES618 2006 07 2 129.084
ES618 2006 08 2 282.35
ES618 2006 09 2 153.672
ES618 2006 10 2 3.12656
ES620 1985 04 4 17.2453
ES620 1985 06 3 8.54866
ES620 1985 07 2 0.145109
ES620 1985 08 3 0.63882
ES620 1985 09 4 1.03581
ES620 1985 10 3 0.136161
ES620 1985 11 2 2.62318
ES620 1986 05 2 0.424809
ES620 1986 07 4 39.7135
ES620 1986 09 2 0.944472
ES620 1987 04 2 69.0896
ES620 1987 05 3 2.54605
ES620 1987 06 2 0.0903565
ES620 1987 07 2 11.7686
ES620 1987 08 4 0.675437
ES620 1988 04 2 1.13233
ES620 1988 07 4 5.53586
ES620 1988 10 2 2.44238
ES620 1988 11 2 3.73172
ES620 1989 02 2 1.82562
ES620 1989 06 3 0.350422
ES620 1989 07 3 51.3027
ES620 1989 08 3 19.6633
ES620 1989 09 4 2.09461
ES620 1989 10 2 0.811494
ES620 1990 02 3 0.145434
ES620 1990 04 2 0.347439
ES620 1990 05 2 0.0508141
ES620 1990 06 2 379.936
ES620 1990 07 2 243.598
ES620 1990 08 2 53.8938
ES620 1990 09 2 107.579
ES620 1990 10 5 36.2277
ES620 1990 11 2 0.339919
ES620 1990 12 5 4.96142
ES620 1991 01 2 0.501604
ES620 1991 02 3 0.876008
ES620 1991 03 2 0.11112
ES620 1991 04 2 0.166272
ES620 1991 05 5 10.0723
ES620 1991 06 5 101.898
ES620 1991 07 5 923.55
ES620 1991 08 5 137.513
ES620 1991 09 5 277.052
ES620 1991 11 2 1.31979
ES620 1992 01 3 0.247488
ES620 1992 03 3 0.117357
ES620 1992 04 3 13.6282
ES620 1992 05 3 111.823
ES620 1992 07 3 24.3698
ES620 1992 08 3 80.6359
ES620 1992 09 3 54.062
ES620 1992 10 3 28.2884
ES620 1992 11 3 7.19169
ES620 1992 12 5 3.3187
ES620 1993 01 3 0.232104
ES620 1993 02 3 4.66812
ES620 1993 03 2 0.135059
ES620 1993 04 3 8.2765
ES620 1993 05 2 0.438072
ES620 1993 06 2 245.868
ES620 1993 07 2 60.6539
ES620 1993 08 2 248.778
ES620 1993 09 2 88.2519
ES620 1993 10 2 8.95767
ES620 1993 12 3 0.861813
ES620 1994 01 3 0.441126
ES620 1994 02 3 12.456
ES620 1994 03 3 11.905
ES620 1994 04 3 162.475
ES620 1994 05 3 95.8893
ES620 1994 06 3 52.0013
ES620 1994 07 3 28597.1
ES620 1994 08 3 167.689
ES620 1994 09 3 20.4417
ES620 1994 12 2 0.432366
ES620 1995 01 4 1.88213
ES620 1995 02 3 2.08052
ES620 1995 03 3 14.6923
ES620 1995 04 3 13.899
ES620 1995 05 3 5.67429
ES620 1995 06 3 14.9927
ES620 1995 07 3 19.78
ES620 1995 08 3 4.26088
ES620 1995 09 3 3.8415
ES620 1995 10 3 2.02509
ES620 1995 11 4 2.97626
ES620 1996 01 2 10.926
ES620 1996 02 2 29.6948
ES620 1996 03 2 6.25853
ES620 1996 04 5 3.15532
ES620 1996 05 3 13.4521
ES620 1996 06 3 317.79
ES620 1996 07 3 6.9554
ES620 1996 08 3 8.10297
ES620 1996 09 2 0.12634
ES620 1996 10 2 4.0577
ES620 1996 11 2 0.149283
