ES523 1992 12 4 622.523
ES523 1993 01 5 10.1758
ES523 1993 02 4 2.72822
ES523 1993 03 4 30.4896
ES523 1993 04 4 45.1873
ES523 1993 05 4 16.6001
ES523 1993 06 4 55.0079
ES523 1993 07 4 77.0553
ES523 1993 08 4 7955.93
ES523 1993 09 4 339.622
ES523 1993 10 4 116.44
ES523 1993 12 3 1.5099
ES523 1994 01 3 490.179
ES523 1994 02 3 156.286
ES523 1994 03 3 106.627
ES523 1994 04 3 297.888
ES523 1994 05 3 2014.9
ES523 1994 06 3 5236.09
ES523 1994 07 3 94694.4
ES523 1994 08 3 999.799
ES523 1994 09 3 431.305
ES523 1994 10 3 1.11938
ES523 1994 11 2 1.43296
ES523 1994 12 2 6.92225
ES523 1995 01 2 116.375
ES523 1995 02 2 29.8547
ES523 1995 03 2 28.3164
ES523 1995 04 2 94.4087
ES523 1995 05 2 30.2709
ES523 1995 06 2 2.00821
ES523 1995 07 2 14.1271
ES523 1995 08 2 161.554
ES523 1995 09 2 9.85041
ES523 1995 10 3 2.4224
ES523 1995 11 5 3.62197
ES523 1995 12 5 17.0228
ES523 1996 01 2 0.148825
ES523 1996 02 5 1.67175
ES523 1996 03 5 9.57392
ES523 1996 04 3 6.1864
ES523 1996 05 3 2.03645
ES523 1996 06 3 29.391
ES523 1996 07 3 214.436
ES523 1996 08 3 12.3347
ES523 1996 09 3 4.06761
ES523 1996 10 3 1.52233
ES523 1996 11 5 0.985272
ES523 1997 02 2 0.118254
ES523 1997 03 2 9.55728
ES523 1997 04 2 4.59378
ES523 1997 05 5 1.95569
ES523 1997 06 5 5.18938
ES523 1997 07 5 124.425
ES523 1997 08 5 24.5385
ES523 1997 09 5 7.17524
ES523 1997 10 4 1.80215
ES523 1997 11 4 1.02599
ES523 1998 02 4 1.19925
ES523 1998 03 4 4.17478
ES523 1998 04 4 34.7179
ES523 1998 05 3 1.6985
ES523 1998 06 3 10.1434
ES523 1998 07 3 240.114
ES523 1998 08 3 30.8577
ES523 1998 09 3 19.0078
ES523 1998 10 3 408.354
ES523 1998 11 3 14.1806
ES523 1998 12 3 0.978122
ES523 1999 01 3 15.8904
ES523 1999 02 3 52.6136
ES523 1999 03 3 36.8105
ES523 1999 04 3 16.3839
ES523 1999 05 3 5.92884
ES523 1999 06 3 331.977
ES523 1999 07 3 223.275
ES523 1999 08 3 4186.47
ES523 1999 09 3 55.2207
ES523 1999 10 4 2.3238
ES523 1999 11 4 22.1458
ES523 1999 12 4 274.55
ES523 2000 01 2 0.101474
ES523 2000 02 2 23.3066
ES523 2000 03 2 22.3681
ES523 2000 04 2 21.7343
ES523 2000 05 2 42.3421
ES523 2000 06 2 15.1597
ES523 2000 07 2 57.8091
ES523 2000 08 2 224.578
ES523 2000 09 2 2351.26
ES523 2000 10 2 35.7398
ES523 2000 11 2 6.60106
ES523 2000 12 2 9.68625
ES523 2001 01 5 1.05381
ES523 2001 02 5 3.92494
ES523 2001 03 5 93.7346
ES523 2001 04 5 7.53456
ES523 2001 05 5 36.1005
ES523 2001 06 5 423.659
ES523 2001 07 5 38.2901
ES523 2001 08 5 313.718
ES523 2001 09 5 6.45669
ES523 2001 10 4 0.336803
ES523 2001 11 2 0.0479254
ES523 2002 01 4 0.572193
ES523 2002 02 4 13.0873
ES523 2002 03 4 0.831698
ES523 2002 04 4 0.15644
ES523 2002 05 4 0.311793
ES523 2002 06 4 60.1354
ES523 2002 07 4 2.05136
ES523 2002 08 4 2.97138
ES523 2002 09 4 2.92908
ES523 2002 10 4 111.921
ES523 2002 11 4 22.0304
ES523 2002 12 4 0.946682
ES523 2003 01 4 4.21052
ES523 2003 02 4 40.3469
ES523 2003 03 4 1.11439
ES523 2003 04 5 1.41346
ES523 2003 05 5 0.670372
ES523 2003 06 5 24.0125
ES523 2003 07 5 14.7195
ES523 2003 08 5 1695.97
ES523 2003 09 5 11.2079
ES523 2003 10 2 0.442068
ES523 2003 11 2 0.0502516
ES523 2003 12 2 5.92001
ES523 2004 01 2 4.70579
ES523 2004 02 2 4.28814
ES523 2004 03 2 3.51093
ES523 2004 04 2 4.06149
ES523 2004 05 2 0.989025
ES523 2004 06 2 1.90176
ES523 2004 07 2 22.3611
ES523 2004 08 2 365.343
ES523 2004 09 2 3.23363
ES523 2004 10 2 8.16031
ES523 2004 11 2 98.1161
ES523 2004 12 3 2.39115
ES523 2005 01 3 8.35016
ES523 2005 02 3 119.363
ES523 2005 03 3 54.5021
ES523 2005 04 3 69.3648
ES523 2005 05 3 22.2151
ES523 2005 06 3 464.654
ES523 2005 07 3 336.77
ES523 2005 08 3 9.70272
ES523 2005 09 3 7.88091
ES523 2005 10 3 0.152892
ES523 2005 11 4 5.32949
ES523 2005 12 4 0.25649
ES523 2006 01 2 0.0358818
ES523 2006 02 2 24.8362
ES523 2006 03 2 2156.62
ES523 2006 04 2 8.69401
ES523 2006 05 2 10.2477
ES523 2006 06 2 10.3178
ES523 2006 07 2 127.265
ES523 2006 08 2 26.9771
ES523 2006 09 2 11.5717
ES523 2006 10 2 29.1213
ES523 2006 11 3 63.9883
ES523 2006 12 4 0.140773
ES530 1985 01 3 4.59572
ES530 1985 02 3 21.7225
ES530 1985 03 3 1.15885
ES530 1985 04 4 3.72582
ES530 1985 05 4 1.84444
ES530 1985 06 4 33.7237
ES530 1985 07 4 338.386
ES530 1985 08 4 184.416
ES530 1985 09 4 64.5962
ES530 1985 10 2 1.35012
ES530 1985 11 4 8.17081
ES530 1986 01 4 4.61597
ES530 1986 02 3 3.66045
ES530 1986 03 5 3.69858
ES530 1986 04 5 20.6402
ES530 1986 05 5 4.51192
ES530 1986 06 5 191.695
ES530 1986 07 5 57.7889
ES530 1986 08 5 83.6584
ES530 1986 09 5 24.0397
ES530 1986 10 3 4.24179
ES530 1986 11 2 0.540665
ES530 1987 01 2 1.0164
ES530 1987 03 4 7.33349
ES530 1987 04 3 1.32317
ES530 1987 05 3 15.2084
ES530 1987 06 3 42.6126
ES530 1987 07 3 270.648
ES530 1987 08 3 833.08
ES530 1987 09 3 68.6787
ES530 1987 10 3 83.9282
ES530 1988 02 5 12.8728
ES530 1988 03 4 15.6099
ES530 1988 04 3 2.1092
ES530 1988 05 2 0.0910682
ES530 1988 06 2 6.60043
ES530 1988 07 2 49.2764
ES530 1988 08 2 330.876
ES530 1988 09 2 28.8872
ES530 1988 10 2 11.6823
ES530 1988 11 4 2.53463
ES530 1989 01 2 0.122588
ES530 1989 02 2 0.427067
ES530 1989 03 2 4.29603
ES530 1989 04 5 4.56143
ES530 1989 05 5 16.5566
ES530 1989 06 5 28.5596
ES530 1989 07 5 11.055
ES530 1989 08 5 98.127
ES530 1989 09 5 8.81958
ES530 1989 10 5 14.5562
ES530 1989 11 3 7.38728
ES530 1989 12 2 189.554
ES530 1990 01 4 39.1288
ES530 1990 02 4 1.11452
ES530 1990 03 3 0.58676
ES530 1990 04 4 3.68248
ES530 1990 05 4 13.3019
ES530 1990 06 4 7.79364
ES530 1990 07 4 34.8199
ES530 1990 08 4 404.451
ES530 1990 09 4 1218.17
ES530 1990 11 2 5.169
ES530 1990 12 2 0.320652
ES530 1991 03 2 14.3989
ES530 1991 04 2 4.14946
ES530 1991 05 2 1.02703
ES530 1991 06 2 5.79686
ES530 1991 07 2 307.58
ES530 1991 08 2 25.6643
ES530 1991 09 2 56.6758
ES530 1991 10 2 0.232343
ES530 1991 11 2 8.45683
ES530 1992 01 3 0.35751
ES530 1992 02 3 0.218096
ES530 1992 03 5 9.74046
ES530 1992 04 5 7.74826
ES530 1992 05 4 0.850395
ES530 1992 06 4 1.83501
ES530 1992 07 4 165.68
ES530 1992 08 4 1191.52
ES530 1992 09 4 58.4794
ES530 1992 10 4 10.2702
ES530 1992 11 3 1.76376
ES530 1992 12 3 80.0943
ES530 1993 03 3 9.18419
ES530 1993 04 3 236.109
ES530 1993 05 3 86.5076
ES530 1993 06 3 120.601
ES530 1993 07 3 1027.27
ES530 1993 08 3 75.9058
ES530 1993 09 3 565.901
ES530 1993 10 4 8.07986
ES530 1993 12 2 0.477744
ES530 1994 01 5 6.41062
ES530 1994 02 4 5.38953
ES530 1994 03 5 69.4623
ES530 1994 04 5 7.70573
ES530 1994 05 5 34.8712
ES530 1994 06 5 948.975
ES530 1994 07 5 28.3164
ES530 1994 08 5 477.265
ES530 1994 09 5 32.4012
ES530 1994 10 2 12.0419
ES530 1995 01 2 0.651049
ES530 1995 02 3 0.77052
ES530 1995 03 3 11.6757
ES530 1995 04 3 33.3612
ES530 1995 05 3 5.28872
ES530 1995 06 3 3.60778
ES530 1995 07 3 193.375
ES530 1995 08 3 131.536
ES530 1995 09 3 7.96768
ES530 1995 10 2 0.112579
ES530 1995 11 5 0.837128
ES530 1996 03 3 4.63199
ES530 1996 04 3 44.8451
ES530 1996 05 3 0.775364
ES530 1996 06 3 1.28408
ES530 1996 07 3 58.1999
ES530 1996 08 3 4.14504
ES530 1996 09 3 1.18129
ES530 1996 10 3 5.20772
ES530 1996 12 3 2.99637
ES530 1997 02 5 12.8735
ES530 1997 03 5 11.2146
ES530 1997 04 5 0.753403
ES530 1997 05 5 1.46135
ES530 1997 06 5 1.84742
ES530 1997 07 5 5.58846
ES530 1997 08 5 7.56242
ES530 1997 09 5 4.57475
ES530 1997 10 4 4.27122
ES530 1997 11 2 2.99564
ES530 1998 01 2 13.9013
ES530 1998 02 3 0.434055
ES530 1998 03 3 17.6475
ES530 1998 04 3 30.1817
ES530 1998 05 3 1.05146
ES530 1998 06 3 2.22825
ES530 1998 07 3 2.27681
ES530 1998 08 3 54.239
ES530 1998 09 3 16.7566
ES530 1998 10 3 1.96819
ES530 1999 01 5 2.95203
ES530 1999 02 5 39.3845
ES530 1999 03 5 55.0592
ES530 1999 04 5 31.5519
ES530 1999 05 5 37.9919
ES530 1999 06 5 12.5452
ES530 1999 07 5 126.574
ES530 1999 08 5 261.372
ES530 1999 09 5 7.77701
ES530 1999 10 5 1055.95
ES530 1999 11 5 9.61537
ES530 1999 12 5 203.46
ES530 2000 01 4 4.44142
ES530 2000 02 4 6.65823
ES530 2000 03 4 9.36151
ES530 2000 04 4 10.4091
ES530 2000 05 4 99.6595
ES530 2000 06 4 5.18055
ES530 2000 07 4 5.67932
ES530 2000 08 4 468.005
ES530 2000 09 4 6.66165
ES530 2000 10 4 13.7218
ES530 2000 11 4 424.057
ES530 2000 12 5 1.31137
ES530 2001 01 5 1.90937
ES530 2001 02 3 2.85924
ES530 2001 03 3 8.9857
ES530 2001 04 3 39.5035
ES530 2001 05 3 121.709
ES530 2001 06 3 48.9717
ES530 2001 07 3 6.58159
ES530 2001 08 3 98.584
ES530 2001 09 3 1.1876
ES530 2001 10 3 3.11688
ES530 2001 11 2 0.0109555
ES530 2001 12 4 2.51934
ES530 2002 01 5 4.19723
ES530 2002 02 5 2.92094
ES530 2002 03 5 20.6571
ES530 2002 04 3 0.0251578
ES530 2002 05 3 0.0740706
ES530 2002 06 3 3.0683
ES530 2002 07 3 28.316
ES530 2002 08 3 2.71645
ES530 2002 09 3 0.424266
ES530 2002 10 3 3.82395
ES530 2002 11 2 0.064918
ES530 2002 12 4 0.45203
ES530 2003 01 4 0.277845
ES530 2003 03 4 0.143592
ES530 2003 04 2 0.0675726
ES530 2003 05 2 1.03894
ES530 2003 06 2 22.6349
ES530 2003 07 2 12.3365
ES530 2003 08 2 88.367
ES530 2003 09 2 3.54698
ES530 2003 10 4 14.2904
ES530 2003 11 2 0.00708463
ES530 2003 12 4 0.0380862
ES530 2004 01 4 6.17337
ES530 2004 02 4 0.525761
ES530 2004 03 4 3.15806
ES530 2004 04 4 3.67863
ES530 2004 05 4 0.553376
ES530 2004 06 4 3.26236
ES530 2004 07 4 50.3231
ES530 2004 08 4 37.9558
ES530 2004 09 4 7.78295
ES530 2004 10 4 8.45569
ES530 2004 11 4 1.43495
ES530 2004 12 2 0.0119324
ES530 2005 01 2 4.33306
ES530 2005 02 2 156.576
ES530 2005 03 2 22.6465
ES530 2005 04 2 2.00743
ES530 2005 05 2 1.19893
ES530 2005 06 2 38.9444
ES530 2005 07 2 10.388
ES530 2005 08 2 37.9167
ES530 2005 09 2 1.67498
ES530 2005 10 4 0.0650952
ES530 2005 12 2 0.0148071
ES530 2006 01 4 0.132225
ES530 2006 02 5 2.8444
ES530 2006 03 4 0.330415
ES530 2006 04 4 4.43856
ES530 2006 05 4 7.86056
ES530 2006 06 4 1.27361
ES530 2006 07 4 10.1822
ES530 2006 08 4 75.4615
ES530 2006 09 4 0.459202
ES530 2006 10 4 1.27044
ES530 2006 11 4 1.84732
ES530 2006 12 3 0.0207163
ES611 1985 02 4 294.481
ES611 1985 03 5 118.405
ES611 1985 04 5 8.53622
ES611 1985 06 4 581.546
ES611 1985 07 4 52.0125
ES611 1985 08 5 225.06
ES611 1985 09 4 54.3044
ES611 1985 10 4 100.309
ES611 1985 11 2 1483.5
ES611 1986 02 2 5.19912
ES611 1986 06 2 551.015
ES611 1986 07 3 3.99234
ES611 1986 08 3 15.8533
ES611 1986 09 4 1.14661
ES611 1987 04 2 3.42942
ES611 1987 05 2 0.564901
ES611 1987 06 5 20.3323
ES611 1987 07 3 5.67116
ES611 1987 08 3 152.894
ES611 1987 09 3 27.4848
ES611 1987 10 2 1.75356
ES611 1988 06 4 5.40086
ES611 1988 07 5 64.6723
ES611 1988 08 5 17.4784
ES611 1988 09 5 4.4654
ES611 1988 10 2 1.33909
ES611 1989 06 2 229.511
ES611 1989 07 2 420.32
ES611 1989 08 2 152.55
ES611 1989 09 3 3.02083
ES611 1989 10 5 9.00584
ES611 1990 06 5 416.012
ES611 1990 07 5 398.479
ES611 1990 08 5 1775.84
ES611 1990 09 5 827.412
ES611 1990 10 5 1057.64
ES611 1991 03 3 4.76436
ES611 1991 04 2 2.34553
ES611 1991 05 5 141.671
ES611 1991 06 5 317.898
ES611 1991 07 5 587.344
ES611 1991 08 5 10392.8
ES611 1991 09 5 509.172
ES611 1991 10 5 64.9125
ES611 1992 01 3 35.7678
ES611 1992 04 4 134.986
ES611 1992 05 4 3.27133
ES611 1992 06 4 36.1859
ES611 1992 07 4 43.7018
ES611 1992 08 4 304.377
ES611 1992 09 4 205.803
ES611 1992 10 4 728.253
ES611 1993 01 4 55.0216
ES611 1993 03 2 3.31667
ES611 1993 04 2 6.11204
ES611 1993 06 2 302.114
ES611 1993 07 2 101.625
ES611 1993 08 2 963.219
ES611 1993 09 2 213.975
ES611 1993 10 2 80.4232
ES611 1994 02 2 165.387
ES611 1994 03 2 70.2205
ES611 1994 04 4 63.267
ES611 1994 05 4 123.984
ES611 1994 06 4 617.781
ES611 1994 07 4 5597.45
ES611 1994 08 4 2238.1
ES611 1994 09 4 238.472
ES611 1995 01 4 11.8564
ES611 1995 02 4 171.846
ES611 1995 03 4 7.38627
ES611 1995 04 4 14.588
ES611 1995 05 4 37.7998
ES611 1995 06 4 10.6257
ES611 1995 07 4 145.514
ES611 1995 08 4 48.2841
ES611 1995 09 2 0.887326
ES611 1995 10 3 16.9845
ES611 1995 11 3 61.129
ES611 1996 01 3 0.294044
ES611 1996 02 3 34.7465
ES611 1996 03 2 0.245812
ES611 1996 04 3 4.98175
ES611 1996 05 3 5.26422
ES611 1996 06 3 8.63807
ES611 1996 07 3 7.13072
ES611 1996 08 3 122.822
ES611 1996 09 3 4.08929
ES611 1996 10 3 1.42786
ES611 1996 11 2 2.43584
ES611 1997 03 4 0.409641
ES611 1997 05 2 0.90195
ES611 1997 06 2 44.7851
ES611 1997 07 2 71.7224
ES611 1997 08 2 9.50463
ES611 1997 09 2 347.445
ES611 1998 02 2 1.31749
ES611 1998 03 2 5.50563
ES611 1998 04 2 11.3636
ES611 1998 05 2 5.87909
ES611 1998 06 2 71.8404
ES611 1998 07 2 1136.14
ES611 1998 08 2 36.9208
ES611 1998 09 2 166.652
ES611 1998 10 2 155.783
ES611 1998 11 2 56.6099
ES611 1998 12 3 9.18664
ES611 1999 01 5 5.26396
ES611 1999 02 5 67.5108
ES611 1999 03 3 4.82392
ES611 1999 04 3 4.11557
ES611 1999 05 3 12.9299
ES611 1999 06 3 6.53683
ES611 1999 07 3 3.2433
ES611 1999 08 3 1482.45
ES611 1999 09 3 25.7466
ES611 1999 10 3 6.81761
ES611 1999 11 3 0.424412
ES611 2000 01 2 2.72376
ES611 2000 02 2 23.5983
ES611 2000 03 2 0.752793
ES611 2000 04 2 52.1794
ES611 2000 06 2 94.5952
ES611 2000 07 2 301.383
ES611 2000 08 2 228.424
ES611 2000 09 2 19.6417
ES611 2000 10 4 29.8549
ES611 2001 01 4 26.1221
ES611 2001 02 4 4.34282
ES611 2001 03 4 1.68651
ES611 2001 04 4 21.2582
ES611 2001 05 4 16.0987
ES611 2001 06 4 261.071
ES611 2001 07 4 28.4215
ES611 2001 08 4 4.06718
ES611 2001 09 4 60.8217
ES611 2001 10 4 2.7669
ES611 2001 11 2 32.095
ES611 2002 02 2 2.13283
ES611 2002 06 2 2699.48
ES611 2002 07 2 48.7406
ES611 2002 08 2 2.36211
ES611 2002 09 4 12.2129
ES611 2002 10 4 181.821
ES611 2002 11 5 3.34017
ES611 2003 01 2 0.163672
ES611 2003 02 3 9.5713
ES611 2003 03 2 0.0850582
ES611 2003 04 4 12.434
ES611 2003 05 4 10.6182
ES611 2003 06 4 566.585
ES611 2003 07 4 384.008
ES611 2003 08 4 157.188
ES611 2003 09 4 1.55472
ES611 2003 10 4 5.79169
ES611 2003 11 3 1.74521
ES611 2004 01 2 0.250269
ES611 2004 02 3 1.32012
ES611 2004 03 2 0.0196804
ES611 2004 04 4 2.21566
ES611 2004 05 5 1.96325
ES611 2004 06 5 17.7217
ES611 2004 07 5 7.02102
ES611 2004 08 5 244.422
ES611 2004 09 3 55.5259
ES611 2004 10 3 5.05888
ES611 2004 11 3 72.4898
ES611 2004 12 4 3.18162
ES611 2005 01 5 2.56153
ES611 2005 02 5 20.9606
ES611 2005 03 5 9.68497
ES611 2005 04 4 15.4827
ES611 2005 05 4 127.983
ES611 2005 06 4 20.3989
ES611 2005 07 4 43.2165
ES611 2005 08 4 457.03
ES611 2005 09 4 5.6552
ES611 2005 10 5 1.24763
ES611 2005 11 5 7.79316
ES611 2005 12 5 3.34358
ES611 2006 02 3 4.85045
ES611 2006 03 3 4.96382
ES611 2006 04 5 1.59186
ES611 2006 05 2 0.2661
ES611 2006 06 2 17.2921
ES611 2006 07 2 4.10147
ES611 2006 08 2 7.18971
ES611 2006 09 2 21.1635
ES611 2006 10 2 24.931
ES611 2006 11 2 0.0332925
ES612 1985 02 2 6.78902
ES612 1985 03 3 1.37905
ES612 1985 04 3 107.526
ES612 1985 06 3 127.085
ES612 1985 07 3 1378.65
ES612 1985 08 3 533.108
ES612 1985 09 3 3849.45
ES612 1985 10 3 592.493
ES612 1985 11 3 17.8568
ES612 1986 01 2 1.27025
ES612 1986 04 2 3.02546
ES612 1986 05 2 4.99682
ES612 1986 06 2 611.08
ES612 1986 07 2 911.089
ES612 1986 08 2 3588.22
ES612 1986 09 2 540.778
ES612 1986 10 3 33.5136
ES612 1986 12 2 1.55368
ES612 1987 06 2 169.911
ES612 1987 07 2 641.995
ES612 1987 08 2 879.968
ES612 1987 09 2 153.048
ES612 1988 07 2 152.379
ES612 1988 08 2 1082.29
ES612 1988 09 2 331.908
ES612 1988 10 2 270.082
ES612 1989 02 2 4.90135
ES612 1989 04 3 8.84344
ES612 1989 05 2 0.611465
ES612 1989 06 4 19.7631
ES612 1989 07 4 2383.45
ES612 1989 08 4 649.362
ES612 1989 09 4 486.838
ES612 1989 10 4 118.777
ES612 1990 02 3 1.48445
ES612 1990 03 2 82.4322
ES612 1990 06 3 6.23156
ES612 1990 07 3 200.237
ES612 1990 08 3 377.758
ES612 1990 09 3 426.225
ES612 1990 10 3 37.7424
ES612 1990 11 2 279.721
ES612 1991 01 2 8.29871
ES612 1991 05 3 8.67654
ES612 1991 06 3 93.8858
ES612 1991 07 3 2093.22
ES612 1991 08 3 2557.66
ES612 1991 09 3 188.565
ES612 1991 10 3 18.7496
ES612 1992 01 4 39.5974
ES612 1992 02 3 4.20588
ES612 1992 03 4 25.9848
ES612 1992 04 2 2.7635
ES612 1992 05 2 5.927
ES612 1992 06 2 19.8811
ES612 1992 07 2 455.361
ES612 1992 08 2 544.238
ES612 1992 09 2 1035.91
ES612 1992 10 2 17.1173
ES612 1993 01 3 14.1654
ES612 1993 02 2 1.81355
ES612 1993 03 2 1.16367
ES612 1993 04 2 7.34238
ES612 1993 05 4 45.519
ES612 1993 06 4 16.4294
ES612 1993 07 4 80.5815
ES612 1993 08 4 2759.46
ES612 1993 09 4 246.898
ES612 1993 10 4 11.3451
ES612 1994 03 3 0.38256
ES612 1994 04 3 2.44904
ES612 1994 05 4 1.76838
ES612 1994 06 4 267.23
ES612 1994 07 4 2824.98
ES612 1994 08 4 1485.07
ES612 1994 09 4 481.866
ES612 1994 10 4 10.7857
ES612 1995 03 5 274.809
ES612 1995 04 5 7.22181
ES612 1995 05 5 4.69839
ES612 1995 06 5 121.993
ES612 1995 07 5 78.3704
ES612 1995 08 5 110.021
ES612 1995 09 5 129.09
ES612 1995 10 5 39.1949
ES612 1996 03 4 10.9748
ES612 1996 04 3 2.26012
ES612 1996 06 4 14.1678
ES612 1996 07 4 1.7194
ES612 1996 08 4 121.822
ES612 1996 09 4 12.8321
ES612 1996 10 5 12.238
ES612 1997 02 5 5.9913
ES612 1997 03 5 97.724
ES612 1997 04 5 25.7688
ES612 1997 05 5 16.7778
ES612 1997 06 5 6.02772
ES612 1997 07 5 47.6806
ES612 1997 08 5 1368.66
ES612 1997 09 5 16.3067
ES612 1997 10 2 29.4976
ES612 1998 03 5 3.97029
ES612 1998 04 3 3.44915
ES612 1998 05 3 5.70263
ES612 1998 06 3 6.67902
ES612 1998 07 3 165.217
ES612 1998 08 3 545.308
ES612 1998 09 3 79.5747
ES612 1998 10 3 6.64006
ES612 1998 11 3 69.4619
ES612 1998 12 3 21.6456
ES612 1999 01 2 1.03738
ES612 1999 02 3 1.1574
ES612 1999 03 5 13.1671
ES612 1999 04 5 2.92936
ES612 1999 05 3 2.60883
ES612 1999 06 3 6.24141
ES612 1999 07 3 48.5882
ES612 1999 08 3 275.82
ES612 1999 09 3 1.33624
ES612 1999 10 3 3.61124
ES612 1999 11 3 1.99437
ES612 2000 02 2 0.0076462
ES612 2000 03 2 18.9999
ES612 2000 04 3 0.583423
ES612 2000 05 4 1.19147
ES612 2000 06 4 219.947
ES612 2000 07 4 141.573
ES612 2000 08 4 132.654
ES612 2000 09 4 17.3341
ES612 2000 10 4 5.2898
ES612 2001 02 3 3.36513
ES612 2001 03 2 2.31246
ES612 2001 05 2 30.2363
ES612 2001 06 2 57.1279
ES612 2001 07 2 63.3939
ES612 2001 08 2 67.7335
ES612 2001 09 2 7.70509
ES612 2001 10 4 221.535
ES612 2001 11 4 1.36093
ES612 2001 12 4 0.1618
ES612 2002 01 3 0.316833
ES612 2002 02 4 2.3106
ES612 2002 03 5 3.92416
ES612 2002 04 3 6.80518
ES612 2002 05 3 3.11024
ES612 2002 06 3 10.5735
ES612 2002 07 3 63.4102
ES612 2002 08 3 144.062
ES612 2002 09 3 4.05179
ES612 2002 10 3 4.376
ES612 2003 01 3 3.75202
ES612 2003 04 2 0.055745
ES612 2003 05 4 0.396491
ES612 2003 06 4 13.005
ES612 2003 07 4 39.0041
ES612 2003 08 4 105.405
ES612 2003 09 4 80.7246
ES612 2003 10 4 0.289943
ES612 2004 01 2 1.25706
ES612 2004 02 2 3.78562
ES612 2004 03 2 0.0235815
ES612 2004 04 2 0.045186
ES612 2004 05 2 0.0441808
ES612 2004 06 2 19.6266
ES612 2004 07 2 266.593
ES612 2004 08 2 142.165
ES612 2004 09 2 62.5965
ES612 2004 10 2 27.4544
ES612 2004 11 4 0.729212
ES612 2004 12 2 1.29548
ES612 2005 01 2 30.954
ES612 2005 02 2 25.2132
ES612 2005 03 5 3.76135
ES612 2005 04 5 6.09008
ES612 2005 05 5 8.53602
ES612 2005 06 5 364.712
ES612 2005 07 5 26.7858
ES612 2005 08 5 53.0958
ES612 2005 09 5 18.7053
ES612 2005 10 5 22.8231
ES612 2005 11 4 47.1747
ES612 2006 03 3 1.99336
ES612 2006 04 3 2.14217
ES612 2006 05 2 1.62458
ES612 2006 06 2 10.5844
ES612 2006 07 2 718.226
ES612 2006 08 2 354.877
ES612 2006 09 2 236.074
ES612 2006 10 2 58.0342
ES612 2006 11 2 1.69249
ES612 2006 12 3 0.875973
ES613 1985 05 2 24.9026
ES613 1985 06 2 225.217
ES613 1985 07 2 5596.13
ES613 1985 08 2 913.617
ES613 1985 09 2 221.028
ES613 1985 10 2 66.0646
ES613 1986 06 2 23.3772
ES613 1986 07 2 3093.43
ES613 1986 08 2 314.015
ES613 1986 09 2 208.047
ES613 1986 10 2 0.111768
ES613 1987 03 2 6.76565
ES613 1987 06 2 136.023
ES613 1987 07 2 14.1666
ES613 1987 08 2 99.1326
ES613 1987 09 2 8.74853
ES613 1988 06 4 7.45822
ES613 1988 07 4 63.4889
ES613 1988 08 4 47.9665
ES613 1988 09 4 39.5398
ES613 1988 10 5 23.9096
ES613 1989 04 2 0.577505
ES613 1989 06 2 420.564
ES613 1989 07 2 1651.4
ES613 1989 08 2 3337.57
ES613 1989 09 2 80.1868
ES613 1989 10 2 255.163
ES613 1990 04 2 0.591675
ES613 1990 06 2 45.9381
ES613 1990 07 2 273.372
ES613 1990 08 2 254.272
ES613 1990 09 2 37.9363
ES613 1990 10 3 20.2179
ES613 1991 05 3 120.057
ES613 1991 06 3 960.842
ES613 1991 07 3 667.817
ES613 1991 08 3 1252.61
ES613 1991 09 3 21.4096
ES613 1991 10 3 24.8566
ES613 1992 03 2 0.716515
ES613 1992 04 3 1.12846
ES613 1992 05 3 28.0764
ES613 1992 06 3 18.7265
ES613 1992 07 3 65.0321
ES613 1992 08 3 110.29
ES613 1992 09 3 38.7074
ES613 1992 10 4 0.393765
ES613 1993 03 2 0.793278
ES613 1993 04 2 1.38302
ES613 1993 06 2 24.0879
ES613 1993 07 2 34.3401
ES613 1993 08 2 73.0113
ES613 1993 09 2 36.7686
ES613 1993 10 4 2.28424
ES613 1994 03 4 6.8708
ES613 1994 04 2 1.43676
ES613 1994 05 3 5.07875
ES613 1994 06 3 369.45
ES613 1994 07 3 270.931
ES613 1994 08 3 83.2362
ES613 1994 09 3 31.1773
ES613 1994 10 3 14.9514
ES613 1995 02 3 1.72936
ES613 1995 03 5 2.92712
ES613 1995 04 5 8.23523
ES613 1995 05 5 12.2925
ES613 1995 06 5 102.486
ES613 1995 07 5 437.379
ES613 1995 08 5 49.6654
ES613 1995 09 5 17.7516
ES613 1995 10 5 9.61135
ES613 1995 11 3 4.35759
ES613 1996 06 3 8.48997
ES613 1996 07 3 43.134
ES613 1996 08 3 6.27316
ES613 1996 09 5 4.0099
ES613 1996 10 3 0.738514
ES613 1997 02 2 2.51618
ES613 1997 03 5 11.034
ES613 1997 04 2 1.05863
ES613 1997 05 3 3.15981
ES613 1997 06 4 1.43255
ES613 1997 07 4 26.2157
ES613 1997 08 4 45.6488
ES613 1997 09 4 15.7777
ES613 1997 10 3 2.27966
ES613 1998 03 2 1.28018
ES613 1998 05 2 0.209776
ES613 1998 06 4 19.3188
ES613 1998 07 4 38.9315
ES613 1998 08 4 65.1884
ES613 1998 09 4 16.8988
ES613 1998 10 4 11.2222
ES613 1998 12 2 12.2185
ES613 1999 01 2 1.25019
ES613 1999 02 2 0.657195
ES613 1999 03 4 2.56499
ES613 1999 04 4 3.65816
ES613 1999 05 4 3.92636
ES613 1999 06 4 19.5643
ES613 1999 07 4 15.4906
ES613 1999 08 4 190.082
ES613 1999 09 5 0.176358
ES613 1999 10 2 0.160835
ES613 1999 11 3 0.696451
ES613 2000 06 3 12.4579
ES613 2000 07 3 266.674
ES613 2000 08 3 134.485
ES613 2000 09 3 16.9093
ES613 2000 10 3 2.24646
ES613 2000 11 2 0.0935125
ES613 2001 04 2 3.52619
ES613 2001 05 2 1.89686
ES613 2001 06 2 148.236
ES613 2001 07 2 65.5233
ES613 2001 08 2 37.3379
ES613 2001 09 2 12.1198
ES613 2001 10 3 2.15406
ES613 2002 04 4 1.98426
ES613 2002 05 4 22.4876
ES613 2002 06 4 521.679
ES613 2002 07 4 150.637
ES613 2002 08 4 155.031
ES613 2002 09 4 48.0604
ES613 2002 10 2 0.142157
ES613 2003 05 2 12.2637
ES613 2003 06 2 169.915
ES613 2003 07 2 954.52
ES613 2003 08 2 390.266
ES613 2003 09 2 33.0133
ES613 2003 10 3 11.1337
ES613 2004 05 2 0.199041
ES613 2004 06 2 923.663
ES613 2004 07 2 239.218
ES613 2004 08 2 129.614
ES613 2004 09 2 117.953
ES613 2004 10 2 171.281
ES613 2004 11 3 20.793
ES613 2005 02 3 3.57242
ES613 2005 03 3 10.3071
ES613 2005 04 3 10.3145
ES613 2005 05 3 28.7201
ES613 2005 06 3 75.5169
ES613 2005 07 3 100.338
ES613 2005 08 3 91.2426
ES613 2005 09 3 58.9537
ES613 2005 10 3 1.79228
ES613 2005 11 3 2.15057
ES613 2006 03 3 1.39447
ES613 2006 05 3 0.815622
ES613 2006 06 3 140.737
ES613 2006 07 3 80.2932
ES613 2006 08 3 33.8734
ES613 2006 09 3 66.0621
ES613 2006 10 3 57.1875
ES614 1985 01 3 8.5064
ES614 1985 02 3 235.546
ES614 1985 03 3 127.435
ES614 1985 04 3 16.0145
ES614 1985 05 4 7.03535
ES614 1985 06 4 17.0147
ES614 1985 07 4 574.563
ES614 1985 08 4 1554.65
ES614 1985 09 4 129.23
ES614 1985 10 4 6.7513
ES614 1985 11 2 12.3118
ES614 1986 01 2 8.91201
ES614 1986 03 2 14.1053
ES614 1986 04 3 6.17396
ES614 1986 05 3 11.6047
ES614 1986 06 3 39.787
ES614 1986 07 3 545.889
ES614 1986 08 4 165.763
ES614 1986 09 5 5.29793
ES614 1987 01 4 30.4402
ES614 1987 03 4 1.51092
ES614 1987 04 3 6.03119
ES614 1987 05 3 64.8708
ES614 1987 06 3 8.14252
ES614 1987 07 4 43.2607
ES614 1987 08 4 353.796
ES614 1987 09 4 4.03578
ES614 1988 01 2 3.68776
ES614 1988 02 2 5.16988
ES614 1988 03 2 13.7148
ES614 1988 04 2 5.97843
ES614 1988 06 2 12.9098
ES614 1988 07 2 87.4603
ES614 1988 08 2 577.699
ES614 1988 09 2 65.5777
ES614 1988 10 2 52.7919
ES614 1989 01 2 9.18072
ES614 1989 02 5 10.2676
ES614 1989 03 2 11.8772
ES614 1989 04 2 1.77876
ES614 1989 05 2 4.03988
ES614 1989 06 2 69.4439
ES614 1989 07 2 165.846
ES614 1989 08 2 214.343
ES614 1989 09 2 10.0085
ES614 1989 10 3 0.749982
ES614 1990 02 3 10.2355
ES614 1990 03 3 33.1936
ES614 1990 04 2 140.96
ES614 1990 06 2 173.438
ES614 1990 07 2 209.947
ES614 1990 08 2 611.922
ES614 1990 09 2 93.5383
ES614 1990 10 4 3.56014
ES614 1991 01 3 49.0245
ES614 1991 02 3 3.80025
ES614 1991 04 3 20.8102
ES614 1991 05 3 12.1033
ES614 1991 06 3 20.6333
ES614 1991 07 3 558.804
ES614 1991 08 3 523.548
ES614 1991 09 3 81.2067
