PT164 2004 09 2 17.942
PT164 2004 10 2 35.9455
PT164 2004 11 2 2.29901
PT164 2004 12 2 0.276595
PT164 2005 01 2 16.5206
PT164 2005 02 2 37.8308
PT164 2005 03 2 30.7641
PT164 2005 04 2 5.9065
PT164 2005 05 2 17.6778
PT164 2005 06 2 1172.76
PT164 2005 07 125 7784.29
PT164 2005 08 114 41830.3
PT164 2005 09 114 1057.02
PT164 2005 10 114 2865.98
PT164 2005 11 3 0.0538638
PT164 2005 12 3 11.8833
PT164 2006 01 3 6.90754
PT164 2006 02 3 2.37138
PT164 2006 03 3 0.325117
PT164 2006 04 3 7.40727
PT164 2006 05 3 3.70166
PT164 2006 06 3 11.2172
PT164 2006 07 3 58.7168
PT164 2006 08 98 932.444
PT164 2006 09 98 18.0024
PT164 2006 10 4 0.0984702
PT164 2006 11 2 0.00114384
PT164 2006 12 2 0.055453
PT164 2007 01 2 0.00115158
PT164 2007 03 4 0.237653
PT164 2007 04 4 2.23913
PT164 2007 05 3 0.106642
PT164 2007 06 3 0.00538093
PT164 2007 07 3 3.63582
PT164 2007 08 3 101.098
PT164 2007 09 3 1.86197
PT164 2007 10 3 2.73014
PT164 2007 11 3 9.5279
PT164 2007 12 3 0.339571
PT165 1980 03 2 2.97582
PT165 1980 04 2 12.3659
PT165 1980 05 5 49.1881
PT165 1980 07 5 397.331
PT165 1980 08 5 677.987
PT165 1980 09 120 2338.23
PT165 1980 10 5 6.71772
PT165 1981 01 5 50.7477
PT165 1981 02 5 72.1822
PT165 1981 03 3 1.35069
PT165 1981 04 4 2.42031
PT165 1981 05 4 12.4954
PT165 1981 06 4 57.0434
PT165 1981 07 4 620.183
PT165 1981 08 89 1687.9
PT165 1981 09 89 358.08
PT165 1981 10 89 17.492
PT165 1981 11 89 32.471
PT165 1982 03 4 14.8633
PT165 1982 05 4 8.41467
PT165 1982 06 4 16.9221
PT165 1982 07 4 182.84
PT165 1982 08 120 932.295
PT165 1982 09 101 1146.14
PT165 1983 01 2 0.430935
PT165 1983 02 2 0.101411
PT165 1983 06 2 22.0302
PT165 1983 07 2 85.1347
PT165 1983 08 123 186.009
PT165 1983 09 277 2354.36
PT165 1983 10 277 47.0145
PT165 1984 02 277 1.74843
PT165 1984 03 277 560.562
PT165 1984 04 277 9.17928
PT165 1984 06 3 4.71654
PT165 1984 07 98 278.344
PT165 1984 08 265 3828.37
PT165 1984 09 305 1421.25
PT165 1984 10 305 7.3856
PT165 1985 03 305 35.9007
PT165 1985 05 2 1.1288
PT165 1985 06 2 34.383
PT165 1985 07 183 556.662
PT165 1985 08 468 4227.25
PT165 1985 09 298 5200.43
PT165 1985 10 88 357.436
PT165 1986 03 3 1.45343
PT165 1986 05 3 58.6914
PT165 1986 06 3 747.32
PT165 1986 07 245 2715.15
PT165 1986 08 191 658.291
PT165 1986 09 191 212.965
PT165 1986 10 191 5.60305
PT165 1987 03 3 24.2753
PT165 1987 04 2 18.7445
PT165 1987 05 2 22.6327
PT165 1987 06 2 113.208
PT165 1987 07 132 591.905
PT165 1987 08 248 6982.75
PT165 1987 09 216 1908.54
PT165 1988 06 2 0.249088
PT165 1988 07 2 14.9055
PT165 1988 08 108 354.807
PT165 1988 09 188 709.988
PT165 1988 10 188 152.751
PT165 1989 06 188 43.5605
PT165 1989 07 255 3629.79
PT165 1989 08 257 2244.08
PT165 1989 09 201 1052.33
PT165 1989 10 146 1282.49
PT165 1990 03 4 1.63155
PT165 1990 04 2 5.90165
PT165 1990 06 2 582.865
PT165 1990 07 294 6806.16
PT165 1990 08 273 6474.25
PT165 1990 09 154 567.582
PT165 1990 10 154 50.2686
PT165 1991 01 3 0.434066
PT165 1991 02 2 0.163352
PT165 1991 03 2 37.8138
PT165 1991 04 2 106.973
PT165 1991 05 123 332.602
PT165 1991 06 124 75.1297
PT165 1991 07 286 1050.27
PT165 1991 08 392 6719.09
PT165 1991 09 132 193.803
PT165 1991 10 132 10.4419
PT165 1992 01 2 0.534794
PT165 1992 03 4 239.819
PT165 1992 04 3 0.440241
PT165 1992 05 3 47.2874
PT165 1992 06 3 16.8191
PT165 1992 07 263 618.921
PT165 1992 08 532 2668.5
PT165 1992 09 119 268.885
PT165 1992 10 119 0.888756
PT165 1993 01 5 1.51774
PT165 1993 02 5 52.9911
PT165 1993 03 5 42.9145
PT165 1993 04 5 6.91639
PT165 1993 05 2 0.217035
PT165 1993 06 2 6.78993
PT165 1993 07 152 545.953
PT165 1993 08 458 3002.87
PT165 1993 09 98 164.459
PT165 1994 01 98 0.780825
PT165 1994 02 98 0.424956
PT165 1994 03 98 56.473
PT165 1994 04 98 32.5112
PT165 1994 05 98 17.2623
PT165 1994 06 92 179.838
PT165 1994 07 234 117.87
PT165 1994 08 460 3833.66
PT165 1994 09 365 2970.09
PT165 1994 10 365 148.516
PT165 1995 01 365 32.5271
PT165 1995 02 4 2.29647
PT165 1995 03 4 159.07
PT165 1995 04 123 317.628
PT165 1995 05 123 23.9627
PT165 1995 06 118 97.0167
PT165 1995 07 408 1218.82
PT165 1995 08 787 23438.7
PT165 1995 09 162 282.924
PT165 1995 10 123 400.075
PT165 1996 02 123 6.39138
PT165 1996 03 123 49.9275
PT165 1996 04 123 31.5583
PT165 1996 05 123 12.0761
PT165 1996 06 123 281.613
PT165 1996 07 277 1937.57
PT165 1996 08 315 1948
PT165 1996 09 250 750.402
PT165 1996 10 250 82.3907
PT165 1996 11 250 9.82587
PT165 1996 12 2 0.0402742
PT165 1997 01 4 2.89697
PT165 1997 02 4 8.47305
PT165 1997 03 206 228.027
PT165 1997 04 134 241.58
PT165 1997 05 134 6.08932
PT165 1997 06 134 2.31112
PT165 1997 07 128 87.5204
PT165 1997 08 194 97.511
PT165 1997 09 370 463
PT165 1998 02 2 0.558216
PT165 1998 03 2 2.5893
PT165 1998 04 2 2.06182
PT165 1998 05 2 25.6688
PT165 1998 06 2 20.396
PT165 1998 07 283 786.549
PT165 1998 08 848 22827.4
PT165 1998 09 265 1020.32
PT165 1998 10 265 9.61361
PT165 1998 11 265 1.24463
PT165 1998 12 265 0.096096
PT165 1999 01 265 30.836
PT165 1999 02 108 81.1111
PT165 1999 03 108 76.313
PT165 1999 04 108 59.5235
PT165 1999 05 108 19.4435
PT165 1999 06 157 470.712
PT165 1999 07 322 895.691
PT165 1999 08 310 2328.06
PT165 1999 09 168 244.655
PT165 1999 10 168 2.2687
PT165 1999 12 2 0.00652239
PT165 2000 01 2 55.5698
PT165 2000 02 2 96.8372
PT165 2000 03 268 1581.25
PT165 2000 04 268 6.79873
PT165 2000 05 268 11.8168
PT165 2000 06 84 218.239
PT165 2000 07 205 1367.77
PT165 2000 08 356 1932.49
PT165 2000 09 302 1988.25
PT165 2000 10 302 190.32
PT165 2001 01 302 7.0934
PT165 2001 02 302 21.3989
PT165 2001 03 302 4.65659
PT165 2001 04 302 20.8047
PT165 2001 05 302 21.8066
PT165 2001 06 86 1069.53
PT165 2001 07 115 262.637
PT165 2001 08 260 3559.75
PT165 2001 09 287 6504.19
PT165 2001 10 287 5.43844
PT165 2001 11 114 258.622
PT165 2001 12 178 117.46
PT165 2002 01 5 1.47766
PT165 2002 02 5 79.6538
PT165 2002 03 5 63.7428
PT165 2002 04 5 50.0211
PT165 2002 05 5 14.435
PT165 2002 06 5 222.189
PT165 2002 07 275 8153.11
PT165 2002 08 353 2285.28
PT165 2002 09 353 257.947
PT165 2002 10 4 0.405443
PT165 2002 11 4 0.00881233
PT165 2002 12 3 0.356736
PT165 2003 01 3 4.89584
PT165 2003 02 3 7.78297
PT165 2003 03 3 83.39
PT165 2003 04 3 27.3971
PT165 2003 05 96 296.908
PT165 2003 06 138 159.376
PT165 2003 07 171 337.072
PT165 2003 08 255 3795.28
PT165 2003 09 170 2207.16
PT165 2003 10 170 44.6516
PT165 2004 02 170 31.116
PT165 2004 03 170 187.142
PT165 2004 04 170 16.5819
PT165 2004 05 170 10.4155
PT165 2004 06 170 35.4942
PT165 2004 07 238 4504.61
PT165 2004 08 238 32.3507
PT165 2004 09 87 206.377
PT165 2004 10 87 171.939
PT165 2004 11 87 74.6975
PT165 2004 12 87 3.78903
PT165 2005 01 87 36.3101
PT165 2005 02 175 498.569
PT165 2005 03 121 244.043
PT165 2005 04 121 47.7299
PT165 2005 05 121 24.6715
PT165 2005 06 107 1945.49
PT165 2005 07 208 2032.21
PT165 2005 08 314 20564.7
PT165 2005 09 162 1961.72
PT165 2005 10 81 2664.35
PT165 2005 11 81 2.77875
PT165 2005 12 81 6.33278
PT165 2006 01 81 7.84231
PT165 2006 02 81 39.6638
PT165 2006 03 81 72.6145
PT165 2006 04 81 16.4625
PT165 2006 05 81 55.2698
PT165 2006 06 85 114.618
PT165 2006 07 110 86.4082
PT165 2006 08 246 2988.06
PT165 2006 09 246 290.072
PT165 2006 10 4 1.1237
PT165 2006 11 3 0.0297635
PT165 2006 12 3 4.6811
PT165 2007 01 3 66.146
PT165 2007 02 4 0.125827
PT165 2007 03 4 28.7638
PT165 2007 04 4 5.26145
PT165 2007 05 4 2.99851
PT165 2007 06 4 0.701723
PT165 2007 07 4 13.9194
PT165 2007 08 4 22.0576
PT165 2007 09 95 74.2768
PT165 2007 10 107 236.517
PT165 2007 11 221 714.732
PT165 2007 12 221 36.0464
PT166 1980 04 2 14.5102
PT166 1980 07 2 1853.58
PT166 1980 08 2 421.278
PT166 1980 09 2 281.467
PT166 1980 10 2 3.56669
PT166 1981 01 2 17.9358
PT166 1981 02 2 61.8158
PT166 1981 03 3 2.35769
PT166 1981 05 3 0.433759
PT166 1981 06 3 7.22927
PT166 1981 07 3 2106.8
PT166 1981 08 3 866.026
PT166 1981 09 3 29.0467
PT166 1982 06 3 3.8607
PT166 1982 07 3 14.1251
PT166 1982 08 3 79.1137
PT166 1982 09 3 14.289
PT166 1983 02 2 0.0696159
PT166 1983 03 2 0.476488
PT166 1983 05 2 0.335169
PT166 1983 06 3 59.3396
PT166 1983 07 3 25.2736
PT166 1983 08 3 40.6128
PT166 1983 09 3 231.441
PT166 1983 10 3 5.31392
PT166 1984 01 2 0.633875
PT166 1984 02 2 1.34271
PT166 1984 03 5 3.41838
PT166 1984 05 2 0.397537
PT166 1984 06 3 1.00482
PT166 1984 07 3 1559.5
PT166 1984 08 3 36.7651
PT166 1984 09 3 23.4312
PT166 1985 07 5 53.4896
PT166 1985 09 5 320.179
PT166 1985 10 5 854.089
PT166 1986 06 5 0.874637
PT166 1986 07 5 13699.4
PT166 1986 08 5 36.3094
PT166 1987 06 3 4.9844
PT166 1987 07 3 0.221636
PT166 1987 08 2 1.14863
PT166 1987 09 4 2.66966
PT166 1988 05 2 0.0976183
PT166 1988 06 2 0.146172
PT166 1988 07 2 4.24789
PT166 1988 08 2 9.87516
PT166 1988 09 2 104.577
PT166 1988 10 2 8.41025
PT166 1988 11 2 0.0660207
PT166 1989 07 2 2201.77
PT166 1989 08 2 411.546
PT166 1989 09 2 12.4478
PT166 1989 10 2 9.01635
PT166 1990 01 2 0.354424
PT166 1990 03 2 15.0991
PT166 1990 06 2 62.871
PT166 1990 07 2 219.962
PT166 1990 08 2 1395.38
PT166 1990 09 2 7.69527
PT166 1990 10 4 7.98177
PT166 1991 03 3 0.615124
PT166 1991 04 3 2.07439
PT166 1991 05 3 125.333
PT166 1991 06 3 6174.97
PT166 1991 07 3 6648.82
PT166 1991 08 3 9497.93
PT166 1991 09 3 242.793
PT166 1991 10 3 6.28169
PT166 1992 08 3 599.34
PT166 1993 01 5 0.144261
PT166 1993 02 5 14.998
PT166 1993 03 5 11.8723
PT166 1993 04 5 1.25372
PT166 1993 05 2 0.0168983
PT166 1993 06 2 1.25369
PT166 1993 07 2 5.17233
PT166 1993 08 2 22.4282
PT166 1993 09 2 1.47813
PT166 1994 01 4 0.0624862
PT166 1994 02 2 0.0492613
PT166 1994 03 2 1.07016
PT166 1994 04 2 1.016
PT166 1994 05 2 1.82788
PT166 1994 06 2 8.81859
PT166 1994 07 2 0.932433
PT166 1994 08 2 56.3133
PT166 1994 09 2 136.454
PT166 1994 10 5 2.02751
PT166 1995 01 5 0.457567
PT166 1995 02 3 0.0465728
PT166 1995 03 3 2.95594
PT166 1995 04 3 8.83887
PT166 1995 05 3 12.614
PT166 1995 06 3 261.952
PT166 1995 07 3 47.5168
PT166 1995 08 3 5114.71
PT166 1995 09 3 57.2992
PT166 1995 10 3 19.0382
PT166 1995 11 2 1.30413
PT166 1995 12 2 1.59186
PT166 1996 02 3 0.185062
PT166 1996 03 2 0.0584825
PT166 1996 04 2 1.49344
PT166 1996 05 5 1.33787
PT166 1996 06 5 5.6284
PT166 1996 07 5 3935.3
PT166 1996 08 5 72.9237
PT166 1996 09 5 1.85053
PT166 1996 10 5 1.88619
PT166 1996 11 5 3.22442
PT166 1997 02 2 0.0136412
PT166 1997 03 2 4.04289
PT166 1997 04 2 4.13445
PT166 1997 05 2 2.76738
PT166 1997 06 2 0.59093
PT166 1997 07 2 5.20818
PT166 1997 08 2 1.64256
PT166 1997 09 2 4.72589
PT166 1997 10 2 1.7775
PT166 1998 01 2 0.57147
PT166 1998 02 2 0.99168
PT166 1998 03 2 1.95147
PT166 1998 04 3 0.423759
PT166 1998 05 2 0.0376145
PT166 1998 06 2 1.28268
PT166 1998 07 2 1246.23
PT166 1998 08 2 10342.5
PT166 1998 09 2 2.35159
PT166 1998 10 2 7.57138
PT166 1998 11 4 0.124563
PT166 1998 12 4 0.429319
PT166 1999 01 4 3.14788
PT166 1999 02 4 105.345
PT166 1999 03 4 1.85297
PT166 1999 04 4 4.1522
PT166 1999 05 4 3.11302
PT166 1999 06 4 282
PT166 1999 07 4 2582.9
PT166 1999 08 4 0.976657
PT166 1999 09 4 172.159
PT166 1999 10 5 6.48619
PT166 1999 11 5 4.18404
PT166 2000 01 3 0.0104666
PT166 2000 02 3 2.4779
PT166 2000 03 3 10.7828
PT166 2000 04 2 0.0191314
PT166 2000 05 3 1.98924
PT166 2000 06 3 223.341
PT166 2000 07 3 34.2183
PT166 2000 08 3 7041.57
PT166 2000 09 3 479.424
PT166 2000 10 3 15.102
PT166 2001 02 5 0.605898
PT166 2001 04 5 0.451524
PT166 2001 05 3 2.8296
PT166 2001 06 3 65.8379
PT166 2001 07 3 6.75966
PT166 2001 08 3 53.6013
PT166 2001 09 3 801.1
PT166 2001 10 4 0.173406
PT166 2001 11 4 2.06835
PT166 2001 12 4 0.754988
PT166 2002 01 2 1.30258
PT166 2002 02 4 0.796984
PT166 2002 03 3 1.34367
PT166 2002 04 5 9.6236
PT166 2002 05 5 1.39852
PT166 2002 06 5 103.84
PT166 2002 07 5 3429.36
PT166 2002 08 5 418.405
PT166 2002 09 5 2.96482
PT166 2003 01 2 1.38969
PT166 2003 02 3 1.12958
PT166 2003 03 3 0.879441
PT166 2003 04 3 2.856
PT166 2003 05 3 7.87968
PT166 2003 06 3 887.917
PT166 2003 07 3 35780.7
PT166 2003 08 3 49801.3
PT166 2003 09 3 255.599
PT166 2003 10 5 6.09286
PT166 2003 12 2 0.616015
PT166 2004 02 2 0.717476
PT166 2004 03 2 0.00590605
PT166 2004 04 3 0.241704
PT166 2004 05 4 0.447787
PT166 2004 06 4 23.0387
PT166 2004 07 4 260.971
PT166 2004 08 4 15.5478
PT166 2004 09 4 9.94705
PT166 2004 10 2 0.442901
PT166 2004 11 3 1.06242
PT166 2004 12 2 0.00538408
PT166 2005 01 2 0.0531104
PT166 2005 02 4 0.136381
PT166 2005 03 4 1.39382
PT166 2005 04 5 0.172239
PT166 2005 05 5 1.25962
PT166 2005 06 5 11.497
PT166 2005 07 5 1352.42
PT166 2005 08 5 4905.43
PT166 2005 09 5 3812.16
PT166 2005 10 5 6.55519
PT166 2005 11 2 0.0930744
PT166 2006 02 3 0.191481
PT166 2006 03 3 0.0303917
PT166 2006 04 2 0.0111424
PT166 2006 05 2 5.8759
PT166 2006 06 2 1.15415
PT166 2006 07 2 4.73169
PT166 2006 08 2 1820.48
PT166 2006 09 2 50.1253
PT166 2006 10 2 0.0127344
PT166 2007 01 2 0.00253935
PT166 2007 04 2 0.718526
PT166 2007 05 4 0.88508
PT166 2007 06 4 1.50787
PT166 2007 07 4 9.93729
PT166 2007 08 4 3.57798
PT166 2007 09 4 0.194592
PT166 2007 10 5 0.518423
PT166 2007 11 5 2.44434
PT166 2007 12 4 0.793777
PT167 1980 05 2 17.9556
PT167 1980 07 3 151.246
PT167 1980 08 3 429.674
PT167 1980 09 3 497.004
PT167 1980 10 3 78.8333
PT167 1981 01 2 2.40425
PT167 1981 02 5 3.25946
PT167 1981 05 3 366.408
PT167 1981 06 5 16.7421
PT167 1981 07 5 293.221
PT167 1981 08 5 13.1767
PT167 1981 09 5 6.46732
PT167 1981 10 2 0.24042
PT167 1981 11 2 0.315131
PT167 1982 06 2 38.6544
PT167 1982 07 2 16.8877
PT167 1982 08 2 59.8788
PT167 1982 09 2 106.89
PT167 1983 07 5 5.83385
PT167 1983 08 5 49.002
PT167 1983 09 5 173.041
PT167 1983 10 5 62.056
PT167 1984 02 2 0.688745
PT167 1984 03 2 317.822
PT167 1984 04 2 1.09582
PT167 1984 07 2 46.5056
PT167 1984 08 2 419.661
PT167 1984 09 2 475.994
PT167 1985 06 5 1.32307
PT167 1985 07 5 650.22
PT167 1985 08 5 535.183
PT167 1985 09 5 1982.59
PT167 1985 10 5 228.789
PT167 1986 03 2 2.75718
PT167 1986 06 2 16.1168
PT167 1986 07 2 1150.95
PT167 1986 08 2 1996.46
PT167 1986 09 2 26.0399
PT167 1987 06 2 31.8316
PT167 1987 07 2 62.4917
PT167 1987 08 2 418.969
PT167 1987 09 2 229.379
PT167 1988 07 4 6.51815
PT167 1988 08 4 63.0014
PT167 1988 09 4 1317.03
PT167 1988 10 4 1504
PT167 1989 06 3 34.779
PT167 1989 07 3 703.953
PT167 1989 08 3 2129.52
PT167 1989 09 90 889.223
PT167 1989 10 90 1486.93
PT167 1990 06 90 103.316
PT167 1990 07 111 1645.65
PT167 1990 08 152 6271.73
PT167 1990 09 82 994.132
PT167 1990 10 82 13.3455
PT167 1991 02 2 0.557205
PT167 1991 04 2 12.0977
PT167 1991 05 2 592.381
PT167 1991 06 2 596.453
PT167 1991 07 2 981.472
PT167 1991 08 113 3252.7
PT167 1991 09 113 2671.99
PT167 1991 10 113 49.5864
PT167 1992 05 113 5.97351
PT167 1992 06 113 6.80807
PT167 1992 07 89 536.915
PT167 1992 08 163 572.151
PT167 1992 09 163 31.8925
PT167 1992 10 163 1.34082
PT167 1993 01 3 3.96906
PT167 1993 02 3 23.9572
PT167 1993 03 3 18.9698
PT167 1993 04 3 9.85085
PT167 1993 05 2 0.79552
PT167 1993 06 4 0.104833
PT167 1993 07 4 159.807
PT167 1993 08 4 866.199
PT167 1993 09 4 222.017
PT167 1994 03 3 2.18318
PT167 1994 04 3 19.3873
PT167 1994 05 5 18.8727
PT167 1994 06 5 15.8097
PT167 1994 07 5 165.085
PT167 1994 08 121 2918.39
PT167 1994 09 118 599.16
PT167 1994 10 118 528.269
PT167 1995 02 2 2.50663
PT167 1995 03 2 49.4403
PT167 1995 04 2 81.2736
PT167 1995 05 2 8.35712
PT167 1995 06 2 129.986
PT167 1995 07 89 619.5
PT167 1995 08 88 6991.59
PT167 1995 09 88 63.9321
PT167 1995 10 88 194.061
PT167 1995 11 3 2.01912
PT167 1996 02 3 1.37592
PT167 1996 03 3 4.37513
PT167 1996 04 3 5.3369
PT167 1996 05 5 0.0235659
PT167 1996 06 5 17.698
PT167 1996 07 82 1161.22
PT167 1996 08 82 1783.79
PT167 1996 09 82 1520.4
PT167 1996 10 82 49.9104
PT167 1996 11 4 3.77286
PT167 1997 02 4 13.7258
PT167 1997 03 4 33.2954
PT167 1997 04 4 12.8125
PT167 1997 05 4 2.77559
PT167 1997 06 4 7.78671
PT167 1997 07 4 245.324
PT167 1997 08 4 243.541
PT167 1997 09 93 85.632
PT167 1997 10 94 286.315
PT167 1998 01 2 0.000852595
PT167 1998 02 2 9.34473
PT167 1998 03 2 142.992
PT167 1998 05 5 1.34705
PT167 1998 06 5 1.86702
PT167 1998 07 82 777.739
PT167 1998 08 230 6597.94
PT167 1998 09 106 923.358
PT167 1998 10 106 28.7024
PT167 1998 11 4 2.20779
PT167 1998 12 4 1.62504
PT167 1999 01 4 2.46119
PT167 1999 02 4 89.5241
PT167 1999 03 4 2.00693
PT167 1999 04 4 10.4152
PT167 1999 05 2 0.311194
PT167 1999 06 2 218.026
PT167 1999 07 2 794.17
PT167 1999 08 2 193.463
PT167 1999 09 2 157.423
PT167 1999 10 2 10.3147
PT167 1999 11 4 11.5328
PT167 1999 12 2 2.15883
PT167 2000 01 2 15.5875
PT167 2000 02 2 61.934
PT167 2000 03 2 1794.23
PT167 2000 05 3 0.00161274
PT167 2000 06 3 50.1038
PT167 2000 07 88 521.128
PT167 2000 08 88 3756.71
PT167 2000 09 88 1778.78
PT167 2000 10 88 366.204
PT167 2001 02 3 0.961836
PT167 2001 04 3 8.41868
PT167 2001 05 2 0.51855
PT167 2001 06 2 227.764
PT167 2001 07 2 326.981
PT167 2001 08 2 2762.31
PT167 2001 09 97 2667.59
PT167 2001 10 97 176.48
PT167 2001 11 97 111.664
PT167 2001 12 97 10.8893
PT167 2002 01 4 0.00324864
PT167 2002 02 4 26.3691
PT167 2002 03 4 161.475
PT167 2002 04 4 9.03202
PT167 2002 05 4 53.0064
PT167 2002 06 4 26.5365
PT167 2002 07 92 1819.34
PT167 2002 08 140 732.032
PT167 2002 09 140 345.513
PT167 2002 10 2 0.00062894
PT167 2003 03 5 1.36341
PT167 2003 04 2 0.403199
PT167 2003 05 2 17.9619
PT167 2003 06 2 712.494
PT167 2003 07 82 851.823
PT167 2003 08 89 2893.14
PT167 2003 09 89 1142.25
PT167 2003 10 89 14.7828
PT167 2003 11 4 2.19429
PT167 2003 12 3 21.5227
PT167 2004 01 3 0.00167999
PT167 2004 02 2 0.00119259
PT167 2004 03 5 1.69536
PT167 2004 04 5 1.37872
PT167 2004 05 5 0.00345155
PT167 2004 06 5 3.92076
PT167 2004 07 5 382.569
PT167 2004 08 5 13.9975
PT167 2004 09 5 21.9651
PT167 2004 10 5 5.45511
PT167 2004 11 5 4.13667
PT167 2005 01 5 360.949
PT167 2005 02 5 53.4068
PT167 2005 03 5 175.96
PT167 2005 04 5 8.43752
PT167 2005 05 5 148.739
PT167 2005 06 5 414.228
PT167 2005 07 5 5142.09
PT167 2005 08 5 373.307
PT167 2005 09 5 7.55099
PT167 2005 10 5 246.522
PT167 2005 11 2 0.50138
PT167 2005 12 2 211.573
PT167 2006 01 5 0.812886
PT167 2006 02 5 3.38013
PT167 2006 03 3 0.425426
PT167 2006 04 3 0.878322
PT167 2006 05 3 3.08771
PT167 2006 06 3 20.1087
PT167 2006 07 3 480.961
PT167 2006 08 3 698.274
PT167 2006 09 3 57.3239
PT167 2006 10 3 0.799142
PT167 2006 11 2 0.0119499
PT167 2006 12 2 0.0139655
PT167 2007 01 4 0.018673
PT167 2007 03 4 6.66899
PT167 2007 04 4 1.73474
PT167 2007 05 4 0.0433515
PT167 2007 06 4 0.438834
PT167 2007 07 4 2.44081
PT167 2007 08 4 75.8626
PT167 2007 09 4 137.568
PT167 2007 10 4 48.9338
PT167 2007 11 4 167.029
PT167 2007 12 4 59.805
PT168 1980 07 4 159.944
PT168 1980 08 4 2488.36
PT168 1980 09 4 3365.04
PT168 1980 10 3 100.82
PT168 1981 01 4 118.575
PT168 1981 02 4 15.1258
PT168 1981 06 4 13.2257
PT168 1981 07 4 1210.51
PT168 1981 08 4 2332.89
PT168 1981 09 4 679.56
PT168 1982 03 2 10.2015
PT168 1982 06 2 0.0788649
PT168 1982 07 2 591.41
PT168 1982 08 2 1251.07
PT168 1982 09 2 1470.36
PT168 1983 01 2 2.83978
PT168 1983 04 4 3.35302
PT168 1983 06 5 2.54716
PT168 1983 07 5 267.109
PT168 1983 08 5 1285.78
PT168 1983 09 123 4695.25
PT168 1983 10 123 139.955
PT168 1984 02 2 2.15486
PT168 1984 03 4 21.2032
PT168 1984 07 4 269.789
PT168 1984 08 125 6556.54
PT168 1984 09 244 7297.2
PT168 1984 10 244 58.3579
PT168 1985 07 244 1872.08
PT168 1985 08 282 23352.1
PT168 1985 09 230 14887.6
PT168 1985 10 136 2370.94
PT168 1986 05 136 41.0126
PT168 1986 06 136 165.723
PT168 1986 07 87 8772.17
PT168 1986 08 142 5364.1
PT168 1986 09 142 875.412
PT168 1986 10 2 0.346077
PT168 1987 06 2 37.6397
PT168 1987 07 2 726.844
PT168 1987 08 195 3034.15
PT168 1987 09 131 2921.05
PT168 1988 05 2 0.0965241
PT168 1988 07 2 27.7888
PT168 1988 08 107 1117.93
PT168 1988 09 338 5092.45
PT168 1988 10 338 308.156
PT168 1989 02 338 18.1571
PT168 1989 03 338 8.75984
PT168 1989 05 338 1299.49
PT168 1989 06 338 18.6812
PT168 1989 07 107 563.431
PT168 1989 08 288 5082.13
PT168 1989 09 379 5536.73
PT168 1989 10 197 1912.21
PT168 1990 01 2 1.5358
PT168 1990 05 2 8.82253
PT168 1990 06 2 332.391
PT168 1990 07 132 6516.18
PT168 1990 08 230 27131.2
PT168 1990 09 258 3227.69
PT168 1990 10 258 209.43
PT168 1991 04 2 0.56378
PT168 1991 05 5 3.74109
PT168 1991 06 5 686.838
PT168 1991 07 100 1098.77
PT168 1991 08 272 7708.78
PT168 1991 09 222 3492.76
PT168 1991 10 222 157.007
PT168 1992 05 222 4.86011
PT168 1992 06 222 13.6823
PT168 1992 07 116 1486.52
PT168 1992 08 205 1077.57
PT168 1992 09 205 64.9424
PT168 1992 10 5 9.12107
PT168 1993 01 3 7.49736
PT168 1993 02 3 7.97965
PT168 1993 03 3 6.68586
PT168 1993 04 3 15.2625
PT168 1993 05 2 0.141062
PT168 1993 06 4 1.0905
PT168 1993 07 4 57.0808
PT168 1993 08 127 1488.87
PT168 1993 09 97 384.974
PT168 1994 02 2 0.69851
PT168 1994 03 2 9.74451
PT168 1994 04 2 34.8734
PT168 1994 05 2 15.739
PT168 1994 06 2 88.9556
PT168 1994 07 102 1942.06
PT168 1994 08 315 20429.8
PT168 1994 09 357 11906.1
PT168 1994 10 357 1602.61
PT168 1995 01 357 18.8614
PT168 1995 02 4 4.62446
PT168 1995 03 4 48.7945
PT168 1995 04 4 165.76
PT168 1995 05 4 100.485
PT168 1995 06 4 1936.9
PT168 1995 07 85 3112.8
PT168 1995 08 223 3058.56
PT168 1995 09 159 1350.95
PT168 1995 10 174 2323.7
PT168 1995 11 174 4.87007
PT168 1996 03 174 6.65264
PT168 1996 04 3 1.14636
PT168 1996 05 5 2.19073
PT168 1996 06 5 225.705
PT168 1996 07 127 3292.96
PT168 1996 08 175 2827.69
PT168 1996 09 190 2195.67
PT168 1996 10 112 950.809
PT168 1996 11 112 11.5474
PT168 1997 02 112 82.1369
PT168 1997 03 100 1707.46
PT168 1997 04 100 68.1099
PT168 1997 05 100 57.139
PT168 1997 06 100 6.71469
PT168 1997 07 100 88.6534
PT168 1997 08 106 556.855
PT168 1997 09 335 1026.35
PT168 1997 10 160 681.017
PT168 1998 02 160 14.4403
PT168 1998 03 160 99.4062
PT168 1998 04 3 11.0633
PT168 1998 05 4 2.32281
PT168 1998 06 4 20.3678
PT168 1998 07 106 206.667
PT168 1998 08 373 18689.7
PT168 1998 09 383 5467.98
PT168 1998 10 383 170.997
PT168 1998 11 383 12.9357
PT168 1998 12 383 23.9757
PT168 1999 01 383 44.2565
PT168 1999 02 383 101.634
PT168 1999 03 383 52.5156
PT168 1999 04 383 162.157
PT168 1999 05 383 21.3052
PT168 1999 06 383 205.777
PT168 1999 07 383 4796.51
PT168 1999 08 150 6019.19
PT168 1999 09 162 1545.89
PT168 1999 10 162 103.359
PT168 1999 11 162 9.23159
PT168 2000 01 162 28.4553
PT168 2000 02 162 163.428
PT168 2000 03 162 304.834
PT168 2000 04 3 0.00294312
PT168 2000 05 2 0.397325
PT168 2000 06 2 322.413
PT168 2000 07 87 5239.26
PT168 2000 08 119 10874.9
PT168 2000 09 202 7384.43
PT168 2000 10 110 737.989
PT168 2001 02 5 3.6972
PT168 2001 04 5 49.5196
PT168 2001 05 4 5.52074
PT168 2001 06 4 304.359
PT168 2001 07 4 1146.62
PT168 2001 08 151 5694.66
PT168 2001 09 192 3570.3
PT168 2001 10 192 116.624
PT168 2001 11 192 38.4732
PT168 2001 12 192 6.28882
PT168 2002 01 3 0.299007
PT168 2002 02 3 20.8693
PT168 2002 03 3 48.6229
PT168 2002 04 3 35.1845
PT168 2002 05 3 25.1505
PT168 2002 06 3 1285.1
PT168 2002 07 152 4282.27
PT168 2002 08 195 1604.71
PT168 2002 09 195 1100.26
PT168 2002 10 2 0.302941
PT168 2002 11 3 2.17325
PT168 2003 01 2 0.386823
PT168 2003 03 2 22.9685
PT168 2003 04 2 6.80314
PT168 2003 05 2 61.8919
PT168 2003 06 2 1271.34
PT168 2003 07 113 2674.52
PT168 2003 08 130 27884.3
PT168 2003 09 149 4152.53
PT168 2003 10 149 87.688
PT168 2003 11 149 2.32229
PT168 2004 02 149 9.27153
PT168 2004 03 149 17.1166
PT168 2004 04 149 66.9299
PT168 2004 05 149 41.8399
PT168 2004 06 149 312.664
PT168 2004 07 149 3153.59
PT168 2004 08 149 607.524
PT168 2004 09 109 1836.06
PT168 2004 10 109 1389.62
PT168 2004 11 109 25.9593
PT168 2004 12 2 2.49054
PT168 2005 01 2 35.4807
PT168 2005 02 2 54.8965
PT168 2005 03 2 240.42
PT168 2005 04 2 28.0867
PT168 2005 05 2 8.35233
PT168 2005 06 2 566.533
PT168 2005 07 113 2527.66
PT168 2005 08 130 3728.48
PT168 2005 09 81 1900.36
PT168 2005 10 81 207.84
PT168 2005 11 5 0.521866
PT168 2005 12 3 0.0206592
PT168 2006 01 3 1.13734
PT168 2006 02 3 16.8078
PT168 2006 03 3 15.8681
PT168 2006 04 4 4.3365
PT168 2006 05 4 25.9136
PT168 2006 06 4 394.65
PT168 2006 07 4 525.67
PT168 2006 08 4 1579.02
PT168 2006 09 96 1651.7
PT168 2006 10 96 12.5323
PT168 2006 11 3 1.54252
PT168 2006 12 3 0.029885
PT168 2007 01 4 1.94438
PT168 2007 02 2 0.0135844
PT168 2007 03 2 4.84417
PT168 2007 04 5 2.43733
PT168 2007 05 5 1.40732
PT168 2007 06 5 1.04772
PT168 2007 07 5 34.3122
PT168 2007 08 5 1291.58
PT168 2007 09 93 1459.54
PT168 2007 10 99 151.582
PT168 2007 11 112 390.967
PT168 2007 12 112 63.4358
PT169 1980 07 112 65.2205
PT169 1980 08 112 36.9484
PT169 1980 09 112 378.774
PT169 1981 01 112 7.14006
PT169 1981 02 112 20.7619
PT169 1981 03 5 3.94134
PT169 1981 06 5 13.1957
PT169 1981 07 5 132.488
PT169 1981 08 5 20.96
PT169 1981 09 5 185.349
PT169 1982 06 2 0.421083
PT169 1982 07 2 6.73345
PT169 1982 08 2 70.5261
PT169 1982 09 2 94.1647
PT169 1983 07 2 71.1202
PT169 1983 08 2 240.559
PT169 1983 09 2 165.454
PT169 1983 10 2 39.8103
PT169 1984 06 2 1.22327
PT169 1984 07 2 247.924
PT169 1984 08 2 590.039
PT169 1984 09 2 431.421
PT169 1985 09 85 1205.8
