ES243 1987 04 2 0.634915
ES243 1987 05 4 7.4918
ES243 1987 06 4 5.99055
ES243 1987 07 4 14.833
ES243 1987 08 4 1014.61
ES243 1987 09 4 425.935
ES243 1988 02 3 6.50435
ES243 1988 03 5 23.2047
ES243 1988 07 5 14.1467
ES243 1988 08 5 128.437
ES243 1988 09 5 201.848
ES243 1988 10 5 513.045
ES243 1988 12 3 2.05722
ES243 1989 01 3 4.54204
ES243 1989 02 3 150.779
ES243 1989 03 3 63.2758
ES243 1989 04 3 12.0014
ES243 1989 05 3 14.313
ES243 1989 06 3 87.8053
ES243 1989 07 3 245.459
ES243 1989 08 3 696.879
ES243 1989 09 3 27.248
ES243 1989 10 3 55.3847
ES243 1989 11 2 0.217352
ES243 1990 02 4 13.5872
ES243 1990 03 4 14.168
ES243 1990 05 4 28.7893
ES243 1990 06 3 4.21824
ES243 1990 07 3 53.3942
ES243 1990 08 3 79.057
ES243 1990 09 3 9.36088
ES243 1990 11 2 0.806694
ES243 1990 12 2 1.97837
ES243 1991 02 5 38.566
ES243 1991 03 2 0.940354
ES243 1991 05 3 2.93478
ES243 1991 06 3 31.9201
ES243 1991 07 3 153.571
ES243 1991 08 3 2542.68
ES243 1991 10 2 34.9447
ES243 1992 01 2 2.21185
ES243 1992 02 2 1.78128
ES243 1992 03 4 2.23223
ES243 1992 04 4 12.7474
ES243 1992 05 4 17.6881
ES243 1992 06 3 0.127508
ES243 1992 07 3 11.9703
ES243 1992 08 3 153.777
ES243 1992 09 3 33.5049
ES243 1993 02 2 0.0655278
ES243 1993 03 2 5.06702
ES243 1993 04 2 13.9303
ES243 1993 06 2 9.27397
ES243 1993 07 2 47.2413
ES243 1993 08 2 34.5283
ES243 1993 09 5 3972.53
ES243 1993 11 2 0.375855
ES243 1994 01 3 6.52231
ES243 1994 02 3 3.62789
ES243 1994 03 3 28.8016
ES243 1994 04 3 13.6756
ES243 1994 05 3 11.8235
ES243 1994 06 3 388.69
ES243 1994 07 3 10162.9
ES243 1994 08 3 368.797
ES243 1994 09 3 677.405
ES243 1994 12 2 0.992849
ES243 1995 01 2 0.137582
ES243 1995 02 4 0.755564
ES243 1995 03 4 11.2123
ES243 1995 04 4 12.2473
ES243 1995 05 5 5.45729
ES243 1995 06 5 2066.95
ES243 1995 07 5 89.3462
ES243 1995 08 5 20.5966
ES243 1995 09 5 6.81134
ES243 1995 10 5 11.8967
ES243 1995 11 5 4.35306
ES243 1996 02 3 1.56108
ES243 1996 03 3 4.02043
ES243 1996 04 3 0.988911
ES243 1996 05 3 24.169
ES243 1996 06 5 1.32889
ES243 1996 07 5 44.6284
ES243 1996 08 5 0.588773
ES243 1996 09 5 18.3837
ES243 1996 10 5 32.8372
ES243 1997 01 2 1.78209
ES243 1997 02 2 8.44113
ES243 1997 03 2 41.7846
ES243 1997 04 2 17.475
ES243 1997 05 2 5.07681
ES243 1997 07 3 0.529478
ES243 1997 08 3 25.7211
ES243 1997 09 3 0.350163
ES243 1997 10 4 0.520143
ES243 1998 02 3 3.51708
ES243 1998 03 3 8.00204
ES243 1998 04 3 9.62733
ES243 1998 05 3 24.0022
ES243 1998 06 3 31.5767
ES243 1998 07 3 8.71366
ES243 1998 08 3 100.128
ES243 1998 09 3 41.0195
ES243 1998 10 3 6.47506
ES243 1998 11 3 2.136
ES243 1998 12 5 2.89909
ES243 1999 01 4 1.23408
ES243 1999 02 4 31.0032
ES243 1999 03 4 8.0417
ES243 1999 04 4 6.98292
ES243 1999 05 4 18.2396
ES243 1999 06 4 5.28562
ES243 1999 07 4 14.9467
ES243 1999 08 4 1.14271
ES243 1999 09 4 1.68996
ES243 1999 11 3 0.463673
ES243 1999 12 3 5.16325
ES243 2000 01 3 7.16064
ES243 2000 02 3 17.6129
ES243 2000 03 3 56.1297
ES243 2000 04 3 5.21175
ES243 2000 05 3 2.94989
ES243 2000 06 3 45.9764
ES243 2000 07 3 3.27807
ES243 2000 08 3 386.768
ES243 2000 09 3 51.313
ES243 2000 10 3 2.14552
ES243 2000 11 2 0.0256504
ES243 2000 12 4 0.969206
ES243 2001 02 4 22.6177
ES243 2001 03 4 7.37651
ES243 2001 04 4 8.81347
ES243 2001 05 4 8.13788
ES243 2001 06 4 157.448
ES243 2001 07 4 364.677
ES243 2001 08 4 87.0822
ES243 2001 09 4 17.6661
ES243 2001 10 5 2.26807
ES243 2001 11 5 1.46161
ES243 2001 12 5 36.5312
ES243 2002 01 5 10.1398
ES243 2002 02 5 54.6019
ES243 2002 03 5 44.1899
ES243 2002 04 5 29.135
ES243 2002 05 5 11.0832
ES243 2002 06 5 3.97276
ES243 2002 07 5 243.04
ES243 2002 08 5 15.8929
ES243 2002 09 5 0.35083
ES243 2002 10 2 0.852838
ES243 2003 01 4 5.16915
ES243 2003 02 3 1.6165
ES243 2003 03 3 8.52765
ES243 2003 04 3 8.8341
ES243 2003 05 3 3.20003
ES243 2003 06 3 15.3788
ES243 2003 07 3 430.986
ES243 2003 08 3 664.714
ES243 2003 09 3 0.428798
ES243 2003 10 2 1.0107
ES243 2003 11 2 0.576905
ES243 2004 01 4 3.63356
ES243 2004 02 3 0.427642
ES243 2004 03 3 4.2066
ES243 2004 04 5 1.75814
ES243 2004 05 5 4.11725
ES243 2004 06 5 43.3836
ES243 2004 07 5 173.721
ES243 2004 08 5 118.587
ES243 2004 09 5 573.01
ES243 2004 10 5 6.19047
ES243 2004 11 5 3.09535
ES243 2004 12 3 0.362908
ES243 2005 01 3 7.5749
ES243 2005 02 3 27.644
ES243 2005 03 3 119.984
ES243 2005 04 3 18.0316
ES243 2005 05 3 40.757
ES243 2005 06 3 9.29323
ES243 2005 07 3 395.72
ES243 2005 08 3 515.696
ES243 2005 09 3 1.81815
ES243 2005 10 3 4.66728
ES243 2005 11 3 0.131218
ES243 2005 12 5 0.682357
ES243 2006 01 3 0.170952
ES243 2006 02 3 44.9762
ES243 2006 03 3 43.2147
ES243 2006 04 3 1.40294
ES243 2006 05 3 3.00847
ES243 2006 06 3 225.074
ES243 2006 07 3 92.4259
ES243 2006 08 3 0.880565
ES243 2006 09 3 0.891528
ES243 2006 10 3 0.120083
ES243 2006 11 3 0.107677
ES300 1985 06 3 49.2092
ES300 1985 07 3 946.132
ES300 1985 08 3 4234.45
ES300 1985 09 3 499.937
ES300 1986 03 3 4.81992
ES300 1986 05 3 9.82617
ES300 1986 06 3 76.8776
ES300 1986 07 3 2208.01
ES300 1986 08 3 288.269
ES300 1986 09 4 3.7423
ES300 1987 01 2 1.41521
ES300 1987 03 5 1.56871
ES300 1987 04 3 12.0331
ES300 1987 05 3 44.0848
ES300 1987 06 98 516.097
ES300 1987 07 98 146.91
ES300 1987 08 98 229.511
ES300 1987 09 2 0.419314
ES300 1988 09 5 9.38284
ES300 1988 10 5 28.5619
ES300 1989 03 4 28.3133
ES300 1989 05 4 1.95718
ES300 1989 06 3 8.21166
ES300 1989 07 3 51.981
ES300 1989 08 3 252.153
ES300 1989 09 3 93.2229
ES300 1990 07 3 1034.02
ES300 1990 08 3 1378.73
ES300 1990 09 3 55.9393
ES300 1991 06 3 283.937
ES300 1991 07 3 2186.26
ES300 1991 08 3 42.9483
ES300 1991 09 4 4.35111
ES300 1991 10 2 0.245752
ES300 1992 01 2 0.848337
ES300 1992 02 3 1.97756
ES300 1992 03 3 11.2529
ES300 1992 04 5 4.97825
ES300 1992 05 5 10.5419
ES300 1992 06 5 6.68681
ES300 1992 07 5 466.913
ES300 1992 08 5 44.9233
ES300 1992 09 5 270.213
ES300 1993 07 5 12.384
ES300 1993 08 5 34.681
ES300 1993 09 5 5.05759
ES300 1993 10 3 1.48111
ES300 1994 01 3 13.9536
ES300 1994 02 3 14.6235
ES300 1994 03 3 52.1683
ES300 1994 04 3 14.9755
ES300 1994 05 3 13.5868
ES300 1994 06 3 152.007
ES300 1994 07 3 383.571
ES300 1994 08 3 610.703
ES300 1994 09 3 478.115
ES300 1994 10 3 11.8024
ES300 1995 01 3 4.72037
ES300 1995 02 3 5.54865
ES300 1995 03 3 28.8075
ES300 1995 04 3 71.1623
ES300 1995 05 3 59.9168
ES300 1995 06 3 19.5131
ES300 1995 07 3 1687.78
ES300 1995 08 3 26.6115
ES300 1995 09 3 4.24651
ES300 1995 10 3 1.45383
ES300 1996 03 2 0.921006
ES300 1996 05 4 0.288513
ES300 1996 06 4 10.6086
ES300 1996 07 4 17.8864
ES300 1996 08 4 12.2723
ES300 1996 09 4 9.73658
ES300 1996 10 4 4.60303
ES300 1997 02 4 1.32944
ES300 1997 03 4 19.8614
ES300 1997 04 4 3.72341
ES300 1997 05 2 0.115375
ES300 1997 06 4 1.46311
ES300 1997 07 4 7.9236
ES300 1997 08 4 11.6364
ES300 1997 09 4 9.3499
ES300 1997 10 3 0.726597
ES300 1998 02 2 0.332268
ES300 1998 03 2 6.57914
ES300 1998 04 3 0.563905
ES300 1998 05 2 0.0702162
ES300 1998 06 2 47.681
ES300 1998 07 2 52.1854
ES300 1998 08 2 28.531
ES300 1998 09 2 75.1565
ES300 1998 10 2 10.2955
ES300 1998 11 2 0.978424
ES300 1999 01 2 6.12119
ES300 1999 02 2 39.7087
ES300 1999 03 2 11.3697
ES300 1999 04 2 23.9926
ES300 1999 05 2 12.0697
ES300 1999 06 2 96.3143
ES300 1999 07 2 295.359
ES300 1999 08 2 755.189
ES300 1999 09 2 15.0325
ES300 1999 10 4 4.66505
ES300 1999 11 3 0.789043
ES300 2000 01 3 0.277306
ES300 2000 02 3 23.8151
ES300 2000 03 3 21.3505
ES300 2000 04 3 1.17412
ES300 2000 05 3 4.13998
ES300 2000 06 3 70.4933
ES300 2000 07 3 370.285
ES300 2000 08 3 1565.81
ES300 2000 09 3 121.053
ES300 2000 10 3 512.825
ES300 2000 11 4 11.7031
ES300 2001 02 2 8.11902
ES300 2001 03 2 9.67507
ES300 2001 04 2 7.60192
ES300 2001 05 2 9.5871
ES300 2001 06 2 507.438
ES300 2001 07 2 619.371
ES300 2001 08 2 842.375
ES300 2001 09 2 66.2034
ES300 2001 10 2 8.66014
ES300 2001 11 2 4.6065
ES300 2002 01 2 0.0156664
ES300 2002 02 2 8.34625
ES300 2002 03 2 1.09032
ES300 2002 04 2 4.08987
ES300 2002 05 2 15.357
ES300 2002 06 2 86.6509
ES300 2002 07 2 254.64
ES300 2002 08 2 1179.26
ES300 2002 09 2 23.5962
ES300 2002 10 2 4.19624
ES300 2002 11 4 1.42664
ES300 2002 12 2 0.323397
ES300 2003 01 3 0.36864
ES300 2003 02 4 0.169264
ES300 2003 03 4 1.46487
ES300 2003 04 4 12.697
ES300 2003 05 4 47.1121
ES300 2003 06 4 1805.82
ES300 2003 07 4 951.656
ES300 2003 08 4 410.122
ES300 2003 09 4 176.185
ES300 2003 10 4 12.3196
ES300 2003 12 3 0.14719
ES300 2004 01 4 0.0535097
ES300 2004 02 4 1.87177
ES300 2004 03 4 1.33236
ES300 2004 04 4 3.53192
ES300 2004 05 5 0.985398
ES300 2004 06 5 59.2089
ES300 2004 07 5 1207.4
ES300 2004 08 5 203.674
ES300 2004 09 5 159.475
ES300 2004 10 5 125.831
ES300 2004 11 5 3.22748
ES300 2004 12 5 2.90571
ES300 2005 01 5 38.9861
ES300 2005 02 5 14.2456
ES300 2005 03 5 50.4241
ES300 2005 04 5 15.2543
ES300 2005 05 5 52.3354
ES300 2005 06 5 89.3258
ES300 2005 07 5 232.844
ES300 2005 08 5 87.5798
ES300 2005 09 5 43.781
ES300 2005 10 5 10.6846
ES300 2005 11 5 0.556756
ES300 2005 12 5 1.54802
ES300 2006 01 3 0.283779
ES300 2006 02 3 1.47071
ES300 2006 03 3 9.77832
ES300 2006 04 3 6.49693
ES300 2006 05 3 17.4611
ES300 2006 06 3 99.1755
ES300 2006 07 3 388.794
ES300 2006 08 3 283.996
ES300 2006 09 3 114.65
ES300 2006 10 3 14.5555
ES300 2006 12 3 0.193885
ES411 1985 01 3 28.9482
ES411 1985 02 2 0.367075
ES411 1985 03 4 7.3488
ES411 1985 04 4 16.4104
ES411 1985 05 4 24.0109
ES411 1985 06 3 8.4775
ES411 1985 07 3 739.948
ES411 1985 08 3 1672.84
ES411 1985 09 3 744.56
ES411 1985 10 3 132.125
ES411 1985 11 2 1.19127
ES411 1985 12 2 104.891
ES411 1986 01 4 44.6507
ES411 1986 03 4 27.0461
ES411 1986 04 4 3.63426
ES411 1986 05 4 17.3932
ES411 1986 06 4 47.951
ES411 1986 07 4 1181.94
ES411 1986 08 4 1013.92
ES411 1986 09 4 385.431
ES411 1987 03 4 64.2014
ES411 1987 04 5 5.38045
ES411 1987 05 4 2.58722
ES411 1987 06 4 28.254
ES411 1987 07 4 47.7531
ES411 1987 08 4 164.453
ES411 1987 09 4 148.589
ES411 1987 10 4 1.48576
ES411 1987 11 4 9.72909
ES411 1987 12 2 51.2685
ES411 1988 02 2 0.928996
ES411 1988 03 2 17.0525
ES411 1988 06 2 2.75392
ES411 1988 07 2 5.1582
ES411 1988 08 2 770.281
ES411 1988 09 2 784.918
ES411 1988 10 2 288.029
ES411 1988 11 3 8.22357
ES411 1988 12 3 12.6402
ES411 1989 01 3 431.75
ES411 1989 02 3 481.259
ES411 1989 03 3 1125.68
ES411 1989 04 3 38.6663
ES411 1989 05 3 83.158
ES411 1989 06 3 196.541
ES411 1989 07 3 608.319
ES411 1989 08 3 406.432
ES411 1989 09 3 156.472
ES411 1989 10 3 145.136
ES411 1989 11 3 5.32247
ES411 1990 01 2 1.59409
ES411 1990 02 2 146.372
ES411 1990 03 2 213.35
ES411 1990 04 2 1.91238
ES411 1990 05 4 2.12582
ES411 1990 06 4 9.07176
ES411 1990 07 4 2079.24
ES411 1990 08 4 1933.23
ES411 1990 09 4 284.323
ES411 1990 10 4 40.7327
ES411 1990 11 3 19.7453
ES411 1990 12 4 45.1139
ES411 1991 01 2 0.222162
ES411 1991 02 4 0.957238
ES411 1991 03 4 3.16234
ES411 1991 04 4 19.281
ES411 1991 05 4 115.21
ES411 1991 06 4 119.958
ES411 1991 07 4 181.024
ES411 1991 08 4 1333.44
ES411 1991 09 4 11.1334
ES411 1991 10 3 0.542121
ES411 1991 11 5 19.6819
ES411 1991 12 5 34.3185
ES411 1992 01 5 145.578
ES411 1992 02 5 187.755
ES411 1992 03 5 62.6647
ES411 1992 04 5 5.73403
ES411 1992 05 5 27.261
ES411 1992 07 5 20.7358
ES411 1992 08 5 44.5229
ES411 1992 09 5 134.657
ES411 1992 10 4 1.67143
ES411 1992 11 3 12.1233
ES411 1992 12 2 0.0531052
ES411 1993 01 2 44.9169
ES411 1993 02 2 7.65219
ES411 1993 03 2 13.0325
ES411 1993 04 2 49.5984
ES411 1993 05 3 44.6138
ES411 1993 06 2 0.0501381
ES411 1993 07 2 536.253
ES411 1993 08 2 467.422
ES411 1993 09 2 85.7938
ES411 1993 10 3 2.2476
ES411 1993 11 4 25.8398
ES411 1993 12 4 68.6567
ES411 1994 01 4 212.315
ES411 1994 02 2 23.2605
ES411 1994 03 2 63.3116
ES411 1994 04 2 493.51
ES411 1994 05 4 0.859782
ES411 1994 06 4 195.729
ES411 1994 07 4 384.011
ES411 1994 08 4 1621.21
ES411 1994 09 4 416.168
ES411 1994 10 4 4.99378
ES411 1994 11 3 3.88512
ES411 1994 12 4 5.77633
ES411 1995 01 4 49.4461
ES411 1995 02 3 74.8015
ES411 1995 03 3 265.781
ES411 1995 04 3 48.0161
ES411 1995 05 3 4.7853
ES411 1995 06 3 40.1478
ES411 1995 07 3 1108.39
ES411 1995 08 3 1551.31
ES411 1995 09 3 231.428
ES411 1995 10 3 28.4339
ES411 1995 11 3 116.667
ES411 1996 02 3 12.7222
ES411 1996 03 3 25.8819
ES411 1996 04 3 19.4132
ES411 1996 05 3 4.92656
ES411 1996 06 3 7.45227
ES411 1996 07 3 93.3747
ES411 1996 08 3 9.95043
ES411 1996 09 3 8.98688
ES411 1996 10 5 2.88839
ES411 1996 11 4 2.27536
ES411 1996 12 2 7.39799
ES411 1997 01 2 0.908551
ES411 1997 02 2 248.584
ES411 1997 03 2 336.688
ES411 1997 04 2 199.882
ES411 1997 07 2 4.02875
ES411 1997 08 2 2.23538
ES411 1997 09 2 21.5282
ES411 1998 01 2 0.12762
ES411 1998 02 3 9.89444
ES411 1998 03 3 235.449
ES411 1998 04 2 1.91808
ES411 1998 06 2 3.90226
ES411 1998 07 2 25.4541
ES411 1998 08 2 68.0283
ES411 1998 09 2 334.42
ES411 1998 10 3 4.65267
ES411 1998 11 3 66.7733
ES411 1998 12 3 24.1204
ES411 1999 01 3 62.7642
ES411 1999 02 3 226.008
ES411 1999 03 3 90.9309
ES411 1999 04 3 46.1927
ES411 1999 05 3 11.0803
ES411 1999 06 3 54.32
ES411 1999 07 3 393.125
ES411 1999 08 3 69.8339
ES411 1999 09 3 402.708
ES411 1999 10 3 3.32403
ES411 1999 11 3 8.17615
ES411 2000 02 3 138.508
ES411 2000 03 3 67.2396
ES411 2000 04 4 8.96649
ES411 2000 06 4 10.5163
ES411 2000 07 4 383.706
ES411 2000 08 4 260.802
ES411 2000 09 4 4124.3
ES411 2000 10 4 33.6526
ES411 2000 11 3 3.96328
ES411 2000 12 2 6.00456
ES411 2001 02 2 7.47031
ES411 2001 03 3 1.77474
ES411 2001 04 3 29.0432
ES411 2001 05 3 32.748
ES411 2001 06 3 80.3291
ES411 2001 07 3 258.126
ES411 2001 08 3 783.473
ES411 2001 09 3 149.976
ES411 2001 10 5 18.3342
ES411 2001 11 5 1.5489
ES411 2001 12 4 2.94499
ES411 2002 01 4 32.18
ES411 2002 02 4 224.89
ES411 2002 03 4 16.3657
ES411 2002 04 2 0.250909
ES411 2002 05 5 1.24807
ES411 2002 06 5 63.6246
ES411 2002 07 5 50.7622
ES411 2002 08 5 295.774
ES411 2002 09 5 7.74217
ES411 2002 10 3 6.08553
ES411 2003 01 2 28.2972
ES411 2003 02 4 5.44348
ES411 2003 03 4 9.09707
ES411 2003 04 3 0.118451
ES411 2003 05 3 9.54762
ES411 2003 06 3 69.7003
ES411 2003 07 3 73.7219
ES411 2003 08 3 7145.29
ES411 2003 09 3 564.808
ES411 2003 10 4 2.14938
ES411 2004 01 5 5.18067
ES411 2004 02 5 12.6153
ES411 2004 03 5 143.061
ES411 2004 04 5 14.1159
ES411 2004 05 3 0.0366456
ES411 2004 06 3 1.31748
ES411 2004 07 3 199.764
ES411 2004 08 3 114.07
ES411 2004 09 3 118.787
ES411 2004 10 3 146.618
ES411 2004 11 3 11.3657
ES411 2004 12 3 4.36979
ES411 2005 01 3 64.4547
ES411 2005 02 3 136.4
ES411 2005 03 3 87.3779
ES411 2005 04 3 6.72947
ES411 2005 05 3 39.7184
ES411 2005 06 3 20.8574
ES411 2005 07 3 44.403
ES411 2005 08 3 1155.86
ES411 2005 09 3 190.871
ES411 2005 10 3 16.1529
ES411 2005 11 5 0.0836295
ES411 2005 12 5 6.82695
ES411 2006 01 3 2.75933
ES411 2006 02 3 47.3215
ES411 2006 03 3 15.8043
ES411 2006 04 3 118.928
ES411 2006 05 3 2.59496
ES411 2006 06 3 90.4299
ES411 2006 07 3 271.501
ES411 2006 08 3 1660.57
ES411 2006 09 3 1878.43
ES411 2006 10 3 7.27468
ES411 2006 12 3 0.329714
ES412 1985 01 2 39.791
ES412 1985 02 2 187.072
ES412 1985 03 2 29.1991
ES412 1985 04 2 780.285
ES412 1985 05 2 1.37536
ES412 1985 07 2 13.7959
ES412 1985 08 2 86.9647
ES412 1985 09 2 1608.24
ES412 1985 10 2 1656.05
ES412 1985 11 5 24.0544
ES412 1985 12 5 452.996
ES412 1986 01 2 9.12695
ES412 1986 03 2 42.896
ES412 1986 04 2 14.8186
ES412 1986 05 2 272.295
ES412 1986 06 2 27.7196
ES412 1986 07 2 758.444
ES412 1986 08 2 2012.78
ES412 1986 09 2 724.615
ES412 1986 10 2 1.31631
ES412 1987 03 2 87.171
ES412 1987 04 2 56.9897
ES412 1987 05 2 143.186
ES412 1987 06 4 15.069
ES412 1987 07 3 5.17605
ES412 1987 08 3 27.8162
ES412 1987 09 3 1634.22
ES412 1988 02 4 9.76009
ES412 1988 03 5 17.2718
ES412 1988 07 2 0.533646
ES412 1988 08 5 3.70757
ES412 1988 09 5 86.2566
ES412 1988 10 5 315.596
ES412 1988 11 5 115.12
ES412 1988 12 3 22.209
ES412 1989 01 3 158.058
ES412 1989 02 93 2099.53
ES412 1989 03 93 1510.28
ES412 1989 05 93 83.8351
ES412 1989 06 93 21.8066
ES412 1989 07 93 1504.32
ES412 1989 08 93 1142.14
ES412 1989 09 93 96.5645
ES412 1989 10 93 482.863
ES412 1989 11 93 23.0846
ES412 1989 12 2 5.07578
ES412 1990 01 2 1.30848
ES412 1990 02 2 94.9944
ES412 1990 03 2 389.738
ES412 1990 04 2 13.3707
ES412 1990 05 2 12.0065
ES412 1990 06 4 1.88012
ES412 1990 07 4 355.541
ES412 1990 08 4 859.822
ES412 1990 09 4 45.9474
ES412 1990 10 4 78.1909
ES412 1991 01 2 0.534375
ES412 1991 02 2 150.843
ES412 1991 03 2 28.6473
ES412 1991 04 2 459.935
ES412 1991 05 2 117.15
ES412 1991 06 5 33.3942
ES412 1991 07 5 441.245
ES412 1991 08 5 803.136
ES412 1991 09 5 47.1152
ES412 1991 11 2 3.49224
ES412 1991 12 4 16.8582
ES412 1992 01 4 121.812
ES412 1992 02 4 321.427
ES412 1992 03 4 356.882
ES412 1992 04 4 44.0913
ES412 1992 05 4 101.466
ES412 1992 07 3 4.35564
ES412 1992 08 3 47.9311
ES412 1992 09 4 31.0328
ES412 1992 11 4 39.7395
ES412 1993 01 3 21.9866
ES412 1993 02 4 7.37458
ES412 1993 03 4 75.6156
ES412 1993 04 4 41.4625
ES412 1993 06 4 3.61153
ES412 1993 07 4 61.5411
ES412 1993 08 4 27.0838
ES412 1993 09 4 46.2543
ES412 1994 02 4 14.554
ES412 1994 03 4 372.475
ES412 1994 04 4 6.3777
ES412 1994 05 5 70.3895
ES412 1994 06 5 15.2928
ES412 1994 07 5 1.45686
ES412 1994 08 5 305.093
ES412 1994 09 5 344.451
ES412 1994 10 5 11.759
ES412 1994 11 3 24.4444
ES412 1994 12 2 6.27565
ES412 1995 02 2 113.392
ES412 1995 03 2 440.091
ES412 1995 04 2 1192.89
ES412 1995 05 2 2.16826
ES412 1995 06 4 13.703
ES412 1995 07 4 41.6983
ES412 1995 08 4 223.952
ES412 1995 09 4 354.418
ES412 1995 10 4 417.949
ES412 1995 11 4 1098.67
ES412 1995 12 2 3.51494
ES412 1996 01 3 6.87918
ES412 1996 02 2 1.81772
ES412 1996 03 2 91.8652
ES412 1996 04 2 195.59
ES412 1996 05 2 79.2554
ES412 1996 06 2 20.4986
ES412 1996 07 2 227.855
ES412 1996 08 2 55.8946
ES412 1996 09 2 124.943
ES412 1996 10 2 18.1818
ES412 1996 11 3 2.25565
ES412 1997 02 3 154.189
ES412 1997 03 3 1301.65
ES412 1997 04 3 952.26
ES412 1997 05 5 7.31519
ES412 1997 07 2 1.14384
ES412 1997 08 5 0.61874
ES412 1997 09 5 16.731
ES412 1997 10 4 0.588783
ES412 1998 01 2 0.25608
ES412 1998 02 2 276.902
ES412 1998 03 2 610.331
ES412 1998 04 2 37.4224
ES412 1998 05 3 30.9338
ES412 1998 06 2 0.0249716
ES412 1998 07 2 9.78779
ES412 1998 08 2 503.078
ES412 1998 09 2 531.968
ES412 1998 10 2 9.1552
ES412 1998 11 2 21.337
ES412 1999 01 2 14.7149
ES412 1999 02 2 5.33036
ES412 1999 03 2 205.041
ES412 1999 04 2 106.003
ES412 1999 05 2 102.049
ES412 1999 06 2 31.1922
ES412 1999 07 2 37.9967
ES412 1999 08 2 93.1163
ES412 1999 09 2 109.483
ES412 1999 10 2 22.7654
ES412 2000 01 2 8.64709
ES412 2000 02 2 53.7408
ES412 2000 03 114 1648.55
ES412 2000 04 4 2.64701
ES412 2000 05 5 8.49282
ES412 2000 06 5 3.27518
ES412 2000 07 5 953.3
ES412 2000 08 5 769.905
ES412 2000 09 5 1209.67
ES412 2000 10 5 283.583
ES412 2000 12 4 98.6295
ES412 2001 01 2 0.105312
ES412 2001 02 2 16.2523
ES412 2001 03 2 30.4459
ES412 2001 04 2 97.9995
ES412 2001 05 2 111.487
ES412 2001 06 2 56.0729
ES412 2001 07 2 122.178
ES412 2001 08 2 467.293
ES412 2001 09 2 65.7654
ES412 2001 10 2 126.07
ES412 2001 11 2 15.0131
ES412 2001 12 5 19.9927
ES412 2002 01 5 90.2957
ES412 2002 02 5 367.515
ES412 2002 03 5 352.332
ES412 2002 04 5 121.643
ES412 2002 05 5 32.5718
ES412 2002 06 5 3.43909
ES412 2002 07 5 10.5658
ES412 2002 08 5 38.8145
ES412 2002 09 5 7.59148
ES412 2002 10 5 5.09805
ES412 2003 02 3 0.335294
ES412 2003 03 3 91.8947
ES412 2003 04 3 50.0341
ES412 2003 05 3 15.2771
ES412 2003 06 5 3.08822
ES412 2003 07 5 160.463
ES412 2003 08 5 3426.08
ES412 2003 09 5 98.1931
ES412 2003 10 5 4.80202
ES412 2004 02 5 36.8583
ES412 2004 03 4 0.492926
ES412 2004 04 4 132.525
ES412 2004 05 4 4.00847
ES412 2004 06 4 5.16188
ES412 2004 07 4 85.6837
ES412 2004 08 4 18.9681
ES412 2004 09 4 194.984
ES412 2004 10 4 252.518
ES412 2005 02 3 0.718162
ES412 2005 03 3 93.0061
ES412 2005 04 3 95.3094
ES412 2005 05 3 15.6044
ES412 2005 06 3 46.2943
ES412 2005 07 3 114.41
ES412 2005 08 3 157.827
ES412 2005 09 3 87.3704
ES412 2005 10 3 49.4712
ES412 2006 02 3 8.85898
ES412 2006 03 3 3.09165
ES412 2006 04 3 71.0805
ES412 2006 05 3 52.1709
ES412 2006 06 3 10.3619
ES412 2006 07 3 18.3369
ES412 2006 08 3 22.2031
ES412 2006 09 3 79.9895
ES412 2006 10 3 3.48943
ES412 2006 11 3 39.5971
ES412 2006 12 3 0.27782
ES413 1985 01 2 1.00305
ES413 1985 02 3 8.65953
ES413 1985 03 3 410.125
ES413 1985 04 3 549.964
ES413 1985 05 3 172.504
ES413 1985 06 3 72.2437
ES413 1985 07 3 761.123
ES413 1985 08 176 16454.2
ES413 1985 09 201 16592.4
ES413 1985 10 201 4398.96
ES413 1985 12 3 114.539
ES413 1986 01 2 4.43265
ES413 1986 03 2 1.2099
ES413 1986 04 2 140.295
ES413 1986 05 2 779.701
ES413 1986 06 2 1398.55
ES413 1986 07 89 4457.06
ES413 1986 08 93 2856.83
ES413 1986 09 93 3222.48
ES413 1986 10 93 17.4438
ES413 1986 11 2 11.5874
ES413 1987 02 2 6.79607
ES413 1987 03 2 260.037
ES413 1987 04 2 64.911
ES413 1987 05 2 204.392
ES413 1987 06 2 100.441
ES413 1987 07 2 474.904
ES413 1987 08 2 9803
ES413 1987 09 84 4688.95
ES413 1988 02 2 10.4106
ES413 1988 03 2 471.806
ES413 1988 06 2 24.6328
ES413 1988 07 2 157.368
ES413 1988 08 2 653.385
ES413 1988 09 204 6455.81
ES413 1988 10 93 1894.61
ES413 1988 11 93 585.16
ES413 1988 12 93 2160.25
ES413 1989 01 93 1462.24
ES413 1989 02 123 2713.2
ES413 1989 03 123 2340.1
ES413 1989 04 123 199.962
ES413 1989 05 123 669.23
ES413 1989 06 123 221.517
ES413 1989 07 123 3716.95
ES413 1989 08 100 1015.77
ES413 1989 09 234 6140.85
ES413 1989 10 205 6182.04
ES413 1989 11 4 8.40924
ES413 1990 01 3 4.43415
ES413 1990 02 3 261.598
ES413 1990 03 104 3361.66
ES413 1990 04 104 441.101
ES413 1990 05 104 428.992
ES413 1990 06 104 143.18
ES413 1990 07 104 3401.59
ES413 1990 08 179 14050.4
ES413 1990 09 189 6030.7
ES413 1990 10 86 2001.38
ES413 1990 11 86 158.181
ES413 1990 12 3 22.7533
ES413 1991 01 5 59.4028
ES413 1991 02 5 85.1441
ES413 1991 03 5 1017.82
ES413 1991 04 5 1174.13
ES413 1991 05 5 2585.23
ES413 1991 06 5 898.486
ES413 1991 07 5 3070.06
ES413 1991 08 120 9562.08
ES413 1991 09 120 695.753
ES413 1991 10 120 43.6374
ES413 1991 11 2 0.251078
ES413 1991 12 2 1089.66
ES413 1992 01 2 727.642
ES413 1992 02 86 1720.67
ES413 1992 03 146 2533.6
ES413 1992 04 146 429.777
ES413 1992 05 146 428.685
ES413 1992 06 2 24.727
ES413 1992 07 2 485.392
ES413 1992 08 2 569.459
ES413 1992 09 2 73.5858
ES413 1992 10 2 12.7
ES413 1992 11 2 141.437
ES413 1993 01 2 100.652
ES413 1993 02 2 1249.05
ES413 1993 03 2 553.295
ES413 1993 04 2 471.209
ES413 1993 05 4 65.4447
ES413 1993 06 4 34.6596
ES413 1993 07 4 57.6543
ES413 1993 08 89 4294.02
ES413 1993 09 89 538.971
ES413 1993 10 2 8.9604
ES413 1993 11 2 54.3183
ES413 1993 12 2 6.48903
ES413 1994 01 4 34.6379
ES413 1994 02 4 873.015
ES413 1994 03 108 2560.65
ES413 1994 04 108 2134.65
ES413 1994 05 108 295.484
ES413 1994 06 108 170.211
ES413 1994 07 108 1685.63
ES413 1994 08 196 12252.4
ES413 1994 09 134 9622.62
ES413 1994 10 134 684.445
ES413 1994 11 134 529.561
ES413 1995 01 134 88.1356
ES413 1995 02 134 77.7264
ES413 1995 03 106 4105.4
ES413 1995 04 118 3753.43
ES413 1995 05 118 114.231
ES413 1995 06 118 358.178
ES413 1995 07 118 233.291
ES413 1995 08 120 2635.67
ES413 1995 09 120 1531.96
ES413 1995 10 120 824.037
ES413 1995 11 5 27.7853
ES413 1996 02 5 46.9241
ES413 1996 03 5 93.2423
ES413 1996 04 5 145.464
ES413 1996 06 5 87.7017
ES413 1996 07 5 4776.98
ES413 1996 08 5 1117.22
ES413 1996 09 96 991.831
ES413 1996 10 96 181.954
ES413 1996 11 96 390.54
ES413 1997 02 96 1918.47
ES413 1997 03 265 10148.3
ES413 1997 04 265 1953.85
ES413 1997 05 265 265.75
ES413 1997 06 265 381.203
ES413 1997 07 265 176.593
ES413 1997 08 265 37.0761
ES413 1997 09 265 243.611
ES413 1997 10 265 566.011
ES413 1997 11 3 11.668
ES413 1998 01 2 12.0197
ES413 1998 02 2 647.039
ES413 1998 03 104 3527.37
ES413 1998 04 2 11.7358
ES413 1998 05 2 8.78233
ES413 1998 06 2 48.6182
ES413 1998 07 2 431.348
ES413 1998 08 231 7410.25
ES413 1998 09 231 2321.48
ES413 1998 10 231 47.5617
ES413 1998 11 231 66.1872
ES413 1998 12 231 753.222
ES413 1999 01 231 340.833
ES413 1999 02 92 2211.91
ES413 1999 03 92 1486.22
ES413 1999 04 92 802.37
ES413 1999 05 3 37.6071
ES413 1999 06 3 330.899
ES413 1999 07 3 2371.83
ES413 1999 08 129 4332.89
ES413 1999 09 100 846.153
ES413 1999 10 100 49.3706
ES413 1999 11 4 13.5944
ES413 1999 12 2 2.68002
ES413 2000 01 2 198.088
ES413 2000 02 2 1424.9
ES413 2000 03 294 14272.6
ES413 2000 04 294 57.9444
ES413 2000 05 294 67.3227
ES413 2000 06 294 420.807
