ITF21 1986 03 3 6.93072
ITF21 1986 04 3 8.96168
ITF21 1986 07 2 0.553799
ITF21 1986 08 3 27.8275
ITF21 1986 09 3 20.9131
ITF21 1986 10 2 2.37556
ITF21 1987 02 3 4.11092
ITF21 1987 03 3 194.998
ITF21 1987 04 3 58.2655
ITF21 1987 05 3 1.56552
ITF21 1987 06 2 5.13359
ITF21 1987 07 2 29.5131
ITF21 1987 08 2 532.078
ITF21 1987 09 2 132.908
ITF21 1987 10 3 11.7144
ITF21 1988 02 4 13.296
ITF21 1988 03 3 70.5524
ITF21 1988 04 3 6.39005
ITF21 1988 07 5 22.453
ITF21 1988 08 5 129.705
ITF21 1988 09 5 51.4203
ITF21 1988 10 2 2.59052
ITF21 1988 12 4 13.376
ITF21 1989 01 4 14.8632
ITF21 1989 02 4 146.78
ITF21 1989 03 4 64.1689
ITF21 1989 04 4 9.58361
ITF21 1989 05 2 1.27292
ITF21 1989 08 3 0.517535
ITF21 1989 12 2 11.2867
ITF21 1990 01 3 13.8949
ITF21 1990 02 3 16.8891
ITF21 1990 03 3 52.8245
ITF21 1990 05 2 2.80537
ITF21 1990 06 5 31.0675
ITF21 1990 07 5 186.181
ITF21 1990 08 5 104.175
ITF21 1990 09 3 11.9817
ITF21 1991 01 2 1.17537
ITF21 1991 02 4 11.4849
ITF21 1991 03 5 71.5657
ITF21 1991 04 3 16.6188
ITF21 1991 07 3 3.57288
ITF21 1991 08 2 0.589945
ITF21 1991 09 2 29.7937
ITF21 1992 02 5 32.6171
ITF21 1992 03 5 62.2944
ITF21 1992 05 2 0.424221
ITF21 1992 07 2 1.63763
ITF21 1992 08 2 211.445
ITF21 1992 09 2 249.5
ITF21 1993 01 2 1.12427
ITF21 1993 02 2 41.2149
ITF21 1993 03 3 78.0174
ITF21 1993 04 3 4.91904
ITF21 1993 06 5 1.11199
ITF21 1993 07 5 114.891
ITF21 1993 08 5 339.934
ITF21 1993 09 3 7.5679
ITF21 1994 03 4 27.5295
ITF21 1994 04 2 5.45552
ITF21 1994 08 2 19.1378
ITF21 1994 09 2 8.5503
ITF21 1994 10 2 8.64128
ITF21 1995 02 2 27.9202
ITF21 1995 03 2 19.884
ITF21 1995 04 2 40.6011
ITF21 1995 05 3 1.3694
ITF21 1995 07 3 4.45799
ITF21 1995 08 3 3.67487
ITF21 1995 09 5 6.01224
ITF21 1995 11 2 1.14092
ITF21 1996 01 2 0.253424
ITF21 1996 03 2 3.45481
ITF21 1996 07 2 36.5841
ITF21 1996 08 2 45.9811
ITF21 1996 09 2 0.720881
ITF21 1996 10 2 0.205555
ITF21 1997 01 2 0.0617743
ITF21 1997 02 2 8.79369
ITF21 1997 03 2 111.498
ITF21 1997 04 2 23.2153
ITF21 1997 05 2 1.43957
ITF21 1997 06 4 1.32703
ITF21 1997 07 4 82.0831
ITF21 1997 08 4 53.2679
ITF21 1997 09 4 41.7635
ITF21 1997 10 4 4.30383
ITF21 1997 12 2 2.15068
ITF21 1998 02 2 9.82015
ITF21 1998 03 3 5.22648
ITF21 1998 04 5 36.805
ITF21 1998 06 2 0.71163
ITF21 1998 07 2 23.2357
ITF21 1998 08 2 31.6319
ITF21 1998 09 4 18.2919
ITF21 1999 03 3 5.42755
ITF21 1999 08 2 2.80881
ITF21 1999 09 2 1.29115
ITF21 1999 10 2 10.1877
ITF21 2000 02 5 7.55109
ITF21 2000 03 3 5.69369
ITF21 2000 04 4 12.775
ITF21 2000 07 3 4.32439
ITF21 2000 08 3 94.4433
ITF21 2000 09 3 114.246
ITF21 2001 03 3 7.56856
ITF21 2001 07 5 9.07007
ITF21 2001 08 5 27.7995
ITF21 2001 09 2 3.07344
ITF21 2001 10 3 6.59002
ITF21 2001 11 2 8.96438
ITF21 2002 02 2 3.61044
ITF21 2002 03 2 20.817
ITF21 2002 07 4 19.4881
ITF21 2003 02 4 6.50716
ITF21 2003 03 4 19.63
ITF21 2003 04 4 5.38305
ITF21 2003 05 4 3.15473
ITF21 2003 06 2 5.24165
ITF21 2003 07 2 12.5005
ITF21 2003 08 2 7.98488
ITF21 2003 09 4 1.793
ITF21 2004 01 3 6.88094
ITF21 2004 02 3 1.19764
ITF21 2004 03 5 3.49764
ITF21 2004 05 2 0.0356383
ITF21 2004 06 2 0.477188
ITF21 2004 07 2 3.83202
ITF21 2004 08 2 36.8173
ITF21 2004 09 2 34.4835
ITF21 2004 11 3 0.0978394
ITF21 2005 01 3 4.2368
ITF21 2005 03 3 34.0245
ITF21 2005 04 3 30.0433
ITF21 2005 05 3 2.22134
ITF21 2005 06 4 1.51967
ITF21 2005 07 4 149.28
ITF21 2005 08 4 18.209
ITF21 2006 02 2 0.0454964
ITF21 2006 04 3 0.663422
ITF21 2006 06 2 0.914723
ITF21 2006 07 2 70.3915
ITF21 2006 08 5 13.5556
ITF21 2006 09 5 31.7811
ITF21 2006 11 2 0.57069
ITF22 1985 03 2 0.825144
ITF22 1985 04 2 6.5694
ITF22 1985 07 2 1293.59
ITF22 1985 08 2 399.56
ITF22 1985 09 2 376.043
ITF22 1985 10 2 297.656
ITF22 1986 04 2 4.78191
ITF22 1986 05 2 0.152601
ITF22 1986 06 3 1.11862
ITF22 1986 08 3 133.534
ITF22 1986 09 3 98.8917
ITF22 1986 10 2 2.68112
ITF22 1987 05 2 3.80181
ITF22 1987 06 2 3.04785
ITF22 1987 07 2 176.057
ITF22 1987 08 2 716.509
ITF22 1987 09 4 35.4942
ITF22 1988 03 3 4.09077
ITF22 1988 07 3 3078.87
ITF22 1988 08 3 9903.54
ITF22 1988 09 3 10.0843
ITF22 1989 03 2 17.7823
ITF22 1989 04 2 78.7994
ITF22 1989 07 3 43.6299
ITF22 1989 08 4 33.9217
ITF22 1990 02 2 1.87168
ITF22 1990 03 3 3.4775
ITF22 1990 06 2 3.1598
ITF22 1990 07 2 271.44
ITF22 1990 08 2 384.617
ITF22 1990 09 5 10.239
ITF22 1991 03 2 0.891625
ITF22 1991 04 2 2.02962
ITF22 1991 07 2 100.644
ITF22 1991 08 2 153.873
ITF22 1991 09 2 274.198
ITF22 1992 02 2 4.44071
ITF22 1992 03 3 8.43108
ITF22 1992 07 4 8.10754
ITF22 1992 08 4 1108.66
ITF22 1992 09 4 121.174
ITF22 1993 03 2 3.96265
ITF22 1993 04 2 1.3944
ITF22 1993 07 2 699.787
ITF22 1993 08 2 400.619
ITF22 1993 09 5 62.9588
ITF22 1994 03 5 8.90299
ITF22 1994 04 4 5.41481
ITF22 1994 06 2 1.12597
ITF22 1994 07 2 14.2495
ITF22 1994 08 2 101.442
ITF22 1994 09 2 370.812
ITF22 1995 02 5 5.89154
ITF22 1995 03 5 13.2216
ITF22 1995 04 4 2.82018
ITF22 1995 05 4 4.97081
ITF22 1995 06 4 3.24775
ITF22 1995 07 4 541.498
ITF22 1995 08 4 39.9864
ITF22 1995 09 3 2.24761
ITF22 1996 01 2 0.0424233
ITF22 1996 04 2 0.149045
ITF22 1996 07 2 107.851
ITF22 1996 08 2 161.906
ITF22 1997 02 3 1.96571
ITF22 1997 03 3 43.947
ITF22 1997 04 3 13.2698
ITF22 1997 05 4 8.71008
ITF22 1997 06 5 5.00505
ITF22 1997 07 4 26.471
ITF22 1997 08 4 62.4709
ITF22 1997 09 4 18.1888
ITF22 1997 10 2 2.8277
ITF22 1998 02 2 25.9854
ITF22 1998 03 2 3.67387
ITF22 1998 04 3 6.03185
ITF22 1998 06 2 0.793398
ITF22 1998 07 3 413.767
ITF22 1998 08 5 10.4362
ITF22 1998 09 2 1.1168
ITF22 1999 07 2 6.3316
ITF22 1999 08 2 50.3174
ITF22 2000 03 2 6.3563
ITF22 2000 04 2 1.43647
ITF22 2000 06 2 4.50199
ITF22 2000 07 2 851.737
ITF22 2000 08 2 167.51
ITF22 2000 09 5 45.9073
ITF22 2001 03 4 45.4315
ITF22 2001 06 2 1.05591
ITF22 2001 07 2 73.2104
ITF22 2001 08 2 241.154
ITF22 2001 09 2 147.163
ITF22 2001 10 4 9.6906
ITF22 2002 02 3 28.423
ITF22 2002 03 5 2.03694
ITF22 2002 07 2 1.53176
ITF22 2002 08 2 27.0379
ITF22 2002 10 2 0.377547
ITF22 2003 03 2 22.2305
ITF22 2003 04 2 5.2114
ITF22 2003 05 2 3.87895
ITF22 2003 06 2 12.7574
ITF22 2003 07 2 111.876
ITF22 2003 08 2 104.964
ITF22 2004 03 2 6.3675
ITF22 2004 04 2 2.72726
ITF22 2004 05 2 0.161275
ITF22 2004 07 5 1.72126
ITF22 2004 08 5 42.0144
ITF22 2004 09 5 13.1682
ITF22 2005 01 3 2.25532
ITF22 2005 04 3 17.6997
ITF22 2005 07 3 8.28578
ITF22 2005 08 4 2.1506
ITF22 2005 09 4 2.8732
ITF22 2006 03 2 0.853912
ITF22 2006 04 2 19.022
ITF22 2006 05 2 59.6959
ITF22 2006 07 2 28.8327
ITF22 2006 08 4 1.036
ITF22 2006 09 4 11.8131
ITF31 1985 02 5 3.93153
ITF31 1985 03 4 6.46229
ITF31 1985 04 3 1.93418
ITF31 1985 05 3 2.63291
ITF31 1985 06 3 202.861
ITF31 1985 07 184 1067.13
ITF31 1985 08 180 2069.12
ITF31 1985 09 115 913.443
ITF31 1985 10 115 269.763
ITF31 1985 12 115 12.5818
ITF31 1986 04 115 23.082
ITF31 1986 05 5 3.82553
ITF31 1986 06 5 17.3638
ITF31 1986 07 5 17.5361
ITF31 1986 08 5 193.743
ITF31 1986 09 5 290.275
ITF31 1986 11 4 21.0752
ITF31 1986 12 4 61.5062
ITF31 1987 03 4 33.2973
ITF31 1987 04 4 57.5909
ITF31 1987 05 3 1.93522
ITF31 1987 06 3 16.3825
ITF31 1987 07 3 805.114
ITF31 1987 08 134 1075.1
ITF31 1987 09 134 186.739
ITF31 1987 10 134 101.293
ITF31 1987 11 4 6.87465
ITF31 1988 01 2 1.27824
ITF31 1988 02 5 8.43756
ITF31 1988 03 5 8.91573
ITF31 1988 04 5 5.35144
ITF31 1988 05 2 2.21721
ITF31 1988 06 2 1.72499
ITF31 1988 07 93 644.854
ITF31 1988 08 137 917.376
ITF31 1988 09 137 321.112
ITF31 1988 10 2 8.29326
ITF31 1988 12 2 2.89672
ITF31 1989 01 2 147.642
ITF31 1989 02 2 141.544
ITF31 1989 03 2 52.7591
ITF31 1989 04 2 0.36912
ITF31 1989 05 2 0.331886
ITF31 1989 06 4 7.6249
ITF31 1989 07 4 44.0536
ITF31 1989 08 4 285.537
ITF31 1989 09 4 29.5708
ITF31 1989 10 2 0.136327
ITF31 1989 11 4 9.28731
ITF31 1989 12 3 4.4217
ITF31 1990 01 3 92.7064
ITF31 1990 02 4 4.3462
ITF31 1990 03 4 151.546
ITF31 1990 04 2 1.11219
ITF31 1990 05 2 9.86106
ITF31 1990 06 2 457.046
ITF31 1990 07 200 742.397
ITF31 1990 08 104 368.807
ITF31 1990 09 104 45.0822
ITF31 1990 10 3 1.75265
ITF31 1990 11 2 1.87012
ITF31 1990 12 4 4.61446
ITF31 1991 01 4 7.77767
ITF31 1991 02 4 14.8506
ITF31 1991 03 4 9.91221
ITF31 1991 04 4 2.12345
ITF31 1991 06 4 24.7584
ITF31 1991 07 85 493.43
ITF31 1991 08 120 313.208
ITF31 1991 09 120 509.823
ITF31 1991 10 5 4.57156
ITF31 1991 12 5 40.6014
ITF31 1992 01 5 19.9093
ITF31 1992 02 5 34.2292
ITF31 1992 03 5 137.278
ITF31 1992 04 5 2.25863
ITF31 1992 05 5 18.2506
ITF31 1992 06 5 15.157
ITF31 1992 07 5 176.215
ITF31 1992 08 170 999.576
ITF31 1992 09 126 1035.91
ITF31 1992 11 2 0.510878
ITF31 1992 12 2 0.383235
ITF31 1993 01 4 5.2028
ITF31 1993 02 4 395.931
ITF31 1993 03 4 45.5349
ITF31 1993 04 4 7.87752
ITF31 1993 05 2 0.20157
ITF31 1993 06 2 95.9769
ITF31 1993 07 194 1183.45
ITF31 1993 08 179 2004.68
ITF31 1993 09 179 131.841
ITF31 1993 10 2 0.291055
ITF31 1994 03 2 52.4702
ITF31 1994 04 2 1.82786
ITF31 1994 05 4 1.21842
ITF31 1994 06 4 66.27
ITF31 1994 07 4 217.019
ITF31 1994 08 134 378.183
ITF31 1994 09 134 40.302
ITF31 1994 10 134 22.7312
ITF31 1994 11 134 51.1572
ITF31 1994 12 5 1.88044
ITF31 1995 01 3 4.33304
ITF31 1995 03 4 7.26825
ITF31 1995 04 4 30.6545
ITF31 1995 06 4 54.2705
ITF31 1995 07 4 284.554
ITF31 1995 08 89 450.392
ITF31 1995 09 5 3.06356
ITF31 1995 10 5 33.6893
ITF31 1995 11 3 3.94971
ITF31 1996 01 4 8.63947
ITF31 1996 02 4 22.777
ITF31 1996 03 4 102.861
ITF31 1996 04 2 0.198
ITF31 1996 06 2 30.9643
ITF31 1996 07 102 815.042
ITF31 1996 08 102 286.779
ITF31 1996 09 102 10.0325
ITF31 1996 12 3 7.65875
ITF31 1997 01 2 2.6923
ITF31 1997 02 5 36.3451
ITF31 1997 03 5 149.924
ITF31 1997 04 5 70.6326
ITF31 1997 05 5 15.0919
ITF31 1997 06 5 150.702
ITF31 1997 07 5 527.938
ITF31 1997 08 5 431.912
ITF31 1997 09 5 20.1179
ITF31 1997 10 5 86.474
ITF31 1998 01 2 1.05619
ITF31 1998 02 5 62.4307
ITF31 1998 03 5 11.5533
ITF31 1998 06 3 2.05039
ITF31 1998 07 3 318.593
ITF31 1998 08 3 178.73
ITF31 1998 09 3 83.0138
ITF31 1998 12 2 3.73289
ITF31 1999 01 2 5.33268
ITF31 1999 02 4 9.1982
ITF31 1999 03 2 0.27368
ITF31 1999 06 3 5.68914
ITF31 1999 07 3 65.1218
ITF31 1999 08 3 268.248
ITF31 1999 09 3 23.0167
ITF31 1999 10 2 22.4652
ITF31 2000 01 3 21.4786
ITF31 2000 02 3 35.2017
ITF31 2000 03 3 9.08213
ITF31 2000 05 2 13.5292
ITF31 2000 06 2 62.6392
ITF31 2000 07 2 155.077
ITF31 2000 08 2 523.761
ITF31 2000 09 2 433.973
ITF31 2001 04 2 3.63498
ITF31 2001 06 2 30.5622
ITF31 2001 07 2 196.774
ITF31 2001 08 2 399.289
ITF31 2001 09 2 54.1562
ITF31 2001 10 2 179.962
ITF31 2001 11 5 37.8313
ITF31 2002 02 3 2.08776
ITF31 2002 03 3 59.733
ITF31 2002 04 2 1.74745
ITF31 2002 06 2 36.3157
ITF31 2002 07 2 155.302
ITF31 2002 08 5 10.8678
ITF31 2002 09 3 5.01835
ITF31 2002 10 2 2.00418
ITF31 2003 02 2 1.15609
ITF31 2003 03 2 37.6889
ITF31 2003 04 4 15.3486
ITF31 2003 05 4 10.7032
ITF31 2003 06 4 204.623
ITF31 2003 07 4 458.723
ITF31 2003 08 4 2413.32
ITF31 2003 09 4 67.1006
ITF31 2004 02 2 0.650907
ITF31 2004 03 2 3.591
ITF31 2004 06 2 0.241974
ITF31 2004 07 2 160.515
ITF31 2004 08 2 181.947
ITF31 2004 09 2 224.337
ITF31 2004 11 2 0.609545
ITF31 2005 01 2 0.57199
ITF31 2005 02 3 8.69694
ITF31 2005 03 4 2.70186
ITF31 2005 04 2 1.46578
ITF31 2005 05 4 1.99839
ITF31 2005 06 4 13.5392
ITF31 2005 07 4 204.102
ITF31 2005 08 4 209.082
ITF31 2005 10 2 5.7652
ITF31 2006 02 4 6.90613
ITF31 2006 04 3 4.49302
ITF31 2006 05 2 11.8175
ITF31 2006 06 3 13.4412
ITF31 2006 07 3 475.959
ITF31 2006 08 3 299.147
ITF31 2006 09 3 195.787
ITF32 1985 02 3 3.6388
ITF32 1985 04 3 22.8217
ITF32 1985 06 5 15.6221
ITF32 1985 07 5 615.522
ITF32 1985 08 110 813.17
ITF32 1985 09 110 497.767
ITF32 1985 10 110 451.935
ITF32 1986 05 3 3.98382
ITF32 1986 08 3 35.5747
ITF32 1986 09 3 53.378
ITF32 1986 10 2 0.503622
ITF32 1987 03 5 14.3469
ITF32 1987 04 5 34.4382
ITF32 1987 05 5 4.05997
ITF32 1987 07 5 68.5532
ITF32 1987 08 5 267.343
ITF32 1987 09 5 77.79
ITF32 1987 10 5 37.645
ITF32 1988 01 2 0.510336
ITF32 1988 04 3 8.679
ITF32 1988 06 2 4.36739
ITF32 1988 07 2 226.474
ITF32 1988 08 88 523.794
ITF32 1988 09 88 148.317
ITF32 1989 01 88 40.8081
ITF32 1989 02 88 24.7393
ITF32 1989 03 4 19.2833
ITF32 1989 04 2 4.10634
ITF32 1989 07 2 1.00903
ITF32 1989 08 3 5.14769
ITF32 1989 09 2 1.21075
ITF32 1990 01 2 0.879789
ITF32 1990 02 2 27.8426
ITF32 1990 03 2 25.3837
ITF32 1990 06 2 38.9783
ITF32 1990 07 2 363.959
ITF32 1990 08 2 119.487
ITF32 1990 09 2 7.45967
ITF32 1990 10 2 1.90396
ITF32 1991 01 3 2.8193
ITF32 1991 02 4 2.82605
ITF32 1991 03 4 46.0152
ITF32 1991 04 2 0.767377
ITF32 1991 06 2 1.49738
ITF32 1991 07 2 24.4293
ITF32 1991 08 2 101.488
ITF32 1991 09 2 121.858
ITF32 1991 10 3 1.32263
ITF32 1992 01 3 6.93864
ITF32 1992 02 3 19.9029
ITF32 1992 03 3 27.4186
ITF32 1992 04 2 1.28716
ITF32 1992 06 2 0.42774
ITF32 1992 07 4 10.1676
ITF32 1992 08 4 358.531
ITF32 1992 09 4 237.494
ITF32 1992 12 2 1.42939
ITF32 1993 01 3 1.4733
ITF32 1993 02 3 58.6064
ITF32 1993 03 3 4.40792
ITF32 1993 04 3 3.26604
ITF32 1993 06 4 7.03633
ITF32 1993 07 4 349.598
ITF32 1993 08 158 1326.69
ITF32 1993 09 158 12.3395
ITF32 1994 03 4 8.69687
ITF32 1994 04 2 0.285862
ITF32 1994 06 2 4.71791
ITF32 1994 08 2 40.3871
ITF32 1994 09 2 4.25839
ITF32 1994 10 4 6.28074
ITF32 1994 12 2 0.338767
ITF32 1995 04 2 0.57026
ITF32 1995 06 3 2.58981
ITF32 1995 07 5 3.70723
ITF32 1995 08 5 9.67838
ITF32 1995 10 2 0.569217
ITF32 1996 03 2 7.84636
ITF32 1996 04 2 2.65321
ITF32 1996 06 2 6.73416
ITF32 1996 07 2 53.8968
ITF32 1996 08 2 168.863
ITF32 1996 09 4 3.5809
ITF32 1996 10 2 1.92425
ITF32 1997 02 2 4.37253
ITF32 1997 03 2 24.8634
ITF32 1997 04 2 5.09352
ITF32 1997 05 2 1.64709
ITF32 1997 06 2 8.46186
ITF32 1997 07 2 147.063
ITF32 1997 08 2 121.692
ITF32 1997 09 2 20.4582
ITF32 1998 02 2 14.4812
ITF32 1998 03 2 3.43995
ITF32 1998 04 2 1.05289
ITF32 1998 06 2 0.211853
ITF32 1998 07 2 37.5433
ITF32 1998 08 2 191.547
ITF32 1998 09 3 3.38209
ITF32 1999 01 2 1.04655
ITF32 1999 02 3 8.07849
ITF32 1999 04 3 3.51511
ITF32 1999 07 2 2.87578
ITF32 1999 08 2 63.4852
ITF32 1999 09 4 3.11368
ITF32 1999 10 2 2.42184
ITF32 1999 11 2 36.249
ITF32 2000 01 2 2.80068
ITF32 2000 02 4 29.0135
ITF32 2000 03 5 17.4915
ITF32 2000 05 3 3.78165
ITF32 2000 06 4 22.1402
ITF32 2000 07 4 141.012
ITF32 2000 08 4 513.578
ITF32 2000 09 4 83.4747
ITF32 2000 10 2 1.11572
ITF32 2000 12 2 16.5973
ITF32 2001 03 2 1.03711
ITF32 2001 07 2 227.595
ITF32 2001 08 2 555.236
ITF32 2001 09 2 19.3666
ITF32 2001 10 2 52.5194
ITF32 2001 11 2 30.1855
ITF32 2002 01 2 0.824321
ITF32 2002 02 2 1.07497
ITF32 2002 03 2 20.8387
ITF32 2002 04 4 2.00474
ITF32 2002 06 2 1.23632
ITF32 2002 07 5 5.00271
ITF32 2002 08 4 2.46116
ITF32 2002 09 3 8.6523
ITF32 2002 10 2 6.3151
ITF32 2002 11 2 13.308
ITF32 2003 02 4 15.4542
ITF32 2003 03 4 32.8294
ITF32 2003 04 4 12.0182
ITF32 2003 05 4 4.30983
ITF32 2003 06 4 13.9517
ITF32 2003 07 88 498.908
ITF32 2003 08 88 429.496
ITF32 2003 09 88 27.181
ITF32 2003 10 4 6.08705
ITF32 2004 03 4 2.67056
ITF32 2004 07 4 27.4535
ITF32 2004 08 4 87.6254
ITF32 2004 09 4 117.863
ITF32 2004 10 4 2.64452
ITF32 2005 01 5 9.08866
ITF32 2005 02 2 0.954195
ITF32 2005 03 2 32.7143
ITF32 2005 04 2 9.92677
ITF32 2005 05 2 7.50074
ITF32 2005 06 2 13.5087
ITF32 2005 07 2 99.5451
ITF32 2005 08 2 128.472
ITF32 2005 09 2 2.925
ITF32 2006 02 3 1.99647
ITF32 2006 03 3 3.56578
ITF32 2006 04 3 9.75066
ITF32 2006 05 2 0.73612
ITF32 2006 07 2 28.2022
ITF32 2006 08 2 21.932
ITF32 2006 09 2 26.2565
ITF32 2006 11 3 3.44917
ITF33 1985 02 2 50.9367
ITF33 1985 04 5 91.3347
ITF33 1985 06 5 53.1637
ITF33 1985 07 5 365.293
ITF33 1985 08 5 469.839
ITF33 1985 09 5 409.949
ITF33 1985 10 5 287.37
ITF33 1985 12 2 1.226
ITF33 1986 05 3 0.438926
ITF33 1986 06 2 7.43386
ITF33 1986 07 5 3.70176
ITF33 1986 08 5 30.171
ITF33 1986 09 5 31.2855
ITF33 1987 03 5 33.3539
ITF33 1987 04 5 21.863
ITF33 1987 05 3 6.30996
ITF33 1987 06 4 9.63189
ITF33 1987 07 4 95.0304
ITF33 1987 08 4 82.4355
ITF33 1987 09 4 37.6028
ITF33 1987 10 4 466.551
ITF33 1988 06 4 2.9398
ITF33 1988 07 4 55.7312
ITF33 1988 08 4 244.964
ITF33 1988 09 4 44.4682
ITF33 1988 10 2 2.14521
ITF33 1989 01 3 2.94508
ITF33 1989 02 3 59.4502
ITF33 1989 03 3 14.6602
ITF33 1989 04 3 18.8921
ITF33 1989 07 3 10.5112
ITF33 1989 08 3 113.812
ITF33 1989 09 3 1.8554
ITF33 1989 10 2 5.22602
ITF33 1990 01 3 4.51183
ITF33 1990 02 2 1.06107
ITF33 1990 03 5 18.8783
ITF33 1990 05 3 1.88134
ITF33 1990 06 3 39.4488
ITF33 1990 07 3 542.702
ITF33 1990 08 3 96.9802
ITF33 1990 09 3 23.2497
ITF33 1991 01 2 1.34044
ITF33 1991 02 2 1.60079
ITF33 1991 03 4 106.071
ITF33 1991 06 4 5.48521
ITF33 1991 07 4 22.5001
ITF33 1991 08 4 102.966
ITF33 1991 09 4 63.2153
ITF33 1991 10 2 3.06222
ITF33 1991 12 3 24.2157
ITF33 1992 01 2 6.5525
ITF33 1992 02 5 13.3097
ITF33 1992 03 5 8.84399
ITF33 1992 04 4 4.8757
ITF33 1992 05 2 0.634015
ITF33 1992 06 5 3.43379
ITF33 1992 07 5 10.4592
ITF33 1992 08 5 62.6126
ITF33 1992 09 5 107.514
ITF33 1992 12 2 1.32898
ITF33 1993 01 3 1.72948
ITF33 1993 02 3 70.6562
ITF33 1993 03 3 5.80698
ITF33 1993 04 3 4.32644
ITF33 1993 06 3 50.0804
ITF33 1993 07 3 474.397
ITF33 1993 08 100 1629.23
ITF33 1993 09 100 182.167
ITF33 1993 10 3 1.6155
ITF33 1994 02 2 0.0401498
ITF33 1994 03 2 35.437
ITF33 1994 04 4 1.22687
ITF33 1994 05 3 19.1276
ITF33 1994 06 3 11.6427
ITF33 1994 07 3 47.025
ITF33 1994 08 3 146.467
ITF33 1994 09 3 45.8733
ITF33 1994 10 3 36.751
ITF33 1994 11 2 2.90306
ITF33 1994 12 3 1.30958
ITF33 1995 01 2 0.110229
ITF33 1995 02 3 3.08052
ITF33 1995 03 3 5.99687
ITF33 1995 04 3 8.89548
ITF33 1995 06 3 5.12755
ITF33 1995 07 3 88.3019
ITF33 1995 08 3 37.0598
ITF33 1995 09 3 16.3979
ITF33 1995 10 3 10.9823
ITF33 1995 11 4 2.31712
ITF33 1996 03 4 7.14378
ITF33 1996 04 4 5.84877
ITF33 1996 06 4 9.74396
ITF33 1996 07 4 146.46
ITF33 1996 08 4 64.3639
ITF33 1996 09 4 6.38544
ITF33 1996 11 4 6.27985
ITF33 1996 12 2 0.29164
ITF33 1997 01 2 1.03696
ITF33 1997 02 3 3.02914
ITF33 1997 03 5 18.7044
ITF33 1997 04 3 0.775923
ITF33 1997 05 4 4.39401
ITF33 1997 06 4 93.2873
ITF33 1997 07 4 126.097
ITF33 1997 08 4 129.552
ITF33 1997 09 4 2.69356
ITF33 1997 10 2 2.07758
ITF33 1998 01 2 2.97632
ITF33 1998 02 2 1.32492
ITF33 1998 06 5 5.66131
ITF33 1998 07 5 20.4525
ITF33 1998 08 5 117.276
ITF33 1998 09 2 9.43701
ITF33 1999 03 2 0.0775596
ITF33 1999 07 2 20.2617
ITF33 1999 08 2 32.712
ITF33 1999 09 3 6.72371
ITF33 2000 02 4 7.30786
ITF33 2000 03 3 4.56101
ITF33 2000 06 3 43.8935
ITF33 2000 07 3 41.2499
ITF33 2000 08 3 269.838
ITF33 2000 09 3 87.3626
ITF33 2001 02 2 0.25343
ITF33 2001 03 2 0.614685
ITF33 2001 04 2 7.4145
ITF33 2001 05 2 3.38304
ITF33 2001 06 2 5.45774
ITF33 2001 07 2 83.7727
ITF33 2001 08 2 212.114
ITF33 2001 09 2 8.6918
ITF33 2001 10 2 7.35658
ITF33 2001 11 4 2.91719
ITF33 2001 12 3 3.43595
ITF33 2002 01 4 1.18782
ITF33 2002 03 4 25.6179
ITF33 2002 04 3 2.20683
ITF33 2002 05 3 0.180927
ITF33 2002 06 3 7.25088
ITF33 2002 07 3 29.321
ITF33 2002 08 3 17.0813
ITF33 2003 02 3 5.83466
ITF33 2003 03 3 95.6431
ITF33 2003 04 3 9.50061
ITF33 2003 05 3 14.0544
ITF33 2003 06 3 12.8955
ITF33 2003 07 3 116.272
ITF33 2003 08 3 261.578
ITF33 2003 09 3 54.1905
ITF33 2004 02 2 0.0438393
ITF33 2004 04 2 3.48393
ITF33 2004 06 3 0.363779
ITF33 2004 07 3 4.45815
ITF33 2004 08 3 68.7917
ITF33 2004 09 3 50.136
ITF33 2004 10 2 1.08994
ITF33 2005 01 3 1.55207
ITF33 2005 02 2 0.126899
ITF33 2005 03 2 1.33222
ITF33 2005 04 4 0.661764
ITF33 2005 05 4 5.57405
ITF33 2005 06 4 22.0147
ITF33 2005 07 4 60.6193
ITF33 2005 08 4 59.2302
ITF33 2005 09 4 0.5095
ITF33 2006 01 2 0.012631
ITF33 2006 02 3 1.58405
ITF33 2006 03 2 0.0074875
ITF33 2006 04 2 1.0538
ITF33 2006 05 2 0.331849
ITF33 2006 06 2 235.598
ITF33 2006 07 2 17.1115
ITF33 2006 08 2 1.43495
ITF33 2006 09 2 11.052
ITF33 2006 10 2 12.5879
ITF34 1985 02 2 0.8472
ITF34 1985 03 5 9.43186
ITF34 1985 04 5 54.9988
ITF34 1985 06 5 10.1483
ITF34 1985 07 119 1155.9
ITF34 1985 08 187 1425.81
ITF34 1985 09 111 1067.56
ITF34 1985 10 111 747.581
ITF34 1986 04 111 19.7399
ITF34 1986 06 2 1.35399
ITF34 1986 07 2 1.69973
ITF34 1986 08 2 196.445
ITF34 1986 09 2 183.761
ITF34 1986 10 3 6.53968
ITF34 1987 03 3 28.288
ITF34 1987 04 3 176.429
ITF34 1987 05 4 2.14185
ITF34 1987 06 3 3.49805
ITF34 1987 07 3 50.7179
ITF34 1987 08 3 298.332
ITF34 1987 09 3 273.773
ITF34 1987 10 3 78.5119
ITF34 1987 12 3 4.16132
ITF34 1988 02 2 4.25568
ITF34 1988 03 2 7.53731
ITF34 1988 04 2 17.1178
ITF34 1988 05 4 3.67459
ITF34 1988 07 4 94.7488
ITF34 1988 08 144 3597.31
ITF34 1988 09 144 1440.64
ITF34 1988 10 3 5.55507
ITF34 1988 12 2 4.34478
ITF34 1989 01 2 33.2333
ITF34 1989 02 2 85.8156
ITF34 1989 03 2 61.2781
ITF34 1989 04 2 74.2985
ITF34 1989 05 3 3.70829
ITF34 1989 07 4 9.68617
ITF34 1989 08 4 18.4001
ITF34 1989 09 4 5.95701
ITF34 1989 12 4 3.76194
ITF34 1990 01 4 112.309
ITF34 1990 02 4 57.3658
ITF34 1990 03 4 126.029
ITF34 1990 04 2 9.24093
ITF34 1990 05 3 1.59151
ITF34 1990 06 3 30.6354
ITF34 1990 07 3 1050.27
ITF34 1990 08 3 219.522
ITF34 1990 09 3 97.0431
ITF34 1990 10 3 8.59156
ITF34 1990 12 2 11.3376
ITF34 1991 01 2 14.511
ITF34 1991 02 2 21.3548
ITF34 1991 03 2 207.217
ITF34 1991 04 5 6.17131
ITF34 1991 05 2 0.18668
ITF34 1991 06 4 0.625959
ITF34 1991 07 4 20.2118
ITF34 1991 08 4 239.428
ITF34 1991 09 4 225.387
ITF34 1991 10 4 19.3416
ITF34 1991 12 5 11.487
ITF34 1992 01 5 84.404
ITF34 1992 02 5 67.2239
ITF34 1992 03 5 128.732
ITF34 1992 04 2 1.24918
ITF34 1992 05 2 31.7383
ITF34 1992 06 2 0.591576
ITF34 1992 07 2 31.2444
ITF34 1992 08 2 493.126
ITF34 1992 09 93 530.001
ITF34 1993 01 5 4.71421
ITF34 1993 02 5 147.316
ITF34 1993 03 5 19.1396
ITF34 1993 04 5 22.5195
ITF34 1993 05 2 0.0857382
ITF34 1993 06 2 21.6254
ITF34 1993 07 103 1400.35
ITF34 1993 08 248 4949.22
ITF34 1993 09 248 215.357
ITF34 1993 10 248 55.8392
ITF34 1994 02 2 1.97902
ITF34 1994 03 2 54.0239
ITF34 1994 05 2 2.0287
ITF34 1994 06 3 1.78561
ITF34 1994 07 5 6.89661
ITF34 1994 08 5 50.3224
ITF34 1994 09 5 137.692
ITF34 1994 10 5 71.6934
ITF34 1994 11 3 15.4044
ITF34 1994 12 3 70.1282
ITF34 1995 02 3 28.871
ITF34 1995 03 2 1.64786
ITF34 1995 04 5 5.17364
ITF34 1995 05 3 4.80736
ITF34 1995 06 2 1.95304
ITF34 1995 07 2 68.9715
ITF34 1995 08 2 73.0763
ITF34 1995 09 3 2.3945
ITF34 1995 10 3 22.9685
ITF34 1995 11 4 6.82606
ITF34 1995 12 2 2.33101
ITF34 1996 02 4 11.4854
ITF34 1996 03 4 34.0708
ITF34 1996 04 4 26.859
ITF34 1996 05 2 0.6965
ITF34 1996 06 4 42.1251
ITF34 1996 07 4 406.3
ITF34 1996 08 145 980.153
ITF34 1996 09 145 18.5236
ITF34 1996 11 145 495.445
ITF34 1997 02 3 6.9866
ITF34 1997 03 3 151.49
ITF34 1997 04 3 31.8695
ITF34 1997 05 2 0.437748
ITF34 1997 06 2 62.5184
ITF34 1997 07 2 285.159
ITF34 1997 08 2 588.398
ITF34 1997 09 2 115.01
ITF34 1997 10 5 13.1408
ITF34 1997 12 2 0.156235
ITF34 1998 01 2 4.76608
ITF34 1998 02 2 83.1739
ITF34 1998 03 2 25.3667
ITF34 1998 04 2 53.0739
ITF34 1998 07 2 436.769
ITF34 1998 08 2 272.364
ITF34 1998 09 2 22.9012
ITF34 1998 12 2 0.529572
ITF34 1999 02 4 4.58269
ITF34 1999 03 5 16.1035
ITF34 1999 05 2 0.726549
ITF34 1999 07 2 3.4563
ITF34 1999 08 2 114.368
ITF34 1999 09 3 7.39084
ITF34 1999 10 3 13.4397
ITF34 1999 11 3 95.7304
ITF34 2000 01 3 6.79341
ITF34 2000 02 3 58.8517
ITF34 2000 03 3 31.7609
ITF34 2000 04 3 3.37337
ITF34 2000 06 3 22.6566
ITF34 2000 07 3 126.429
ITF34 2000 08 105 1282.83
ITF34 2000 09 105 222.833
ITF34 2000 10 5 21.1233
ITF34 2000 11 3 11.1795
ITF34 2000 12 3 5.58775
ITF34 2001 02 2 3.78535
ITF34 2001 03 2 166.962
ITF34 2001 04 2 9.75147
ITF34 2001 05 3 3.40787
ITF34 2001 06 4 3.15696
ITF34 2001 07 4 69.1776
ITF34 2001 08 4 672.004
ITF34 2001 09 4 27.5324
ITF34 2001 10 4 59.2781
ITF34 2001 11 4 64.9473
ITF34 2001 12 2 2.171
ITF34 2002 01 4 2.34097
ITF34 2002 02 5 5.11452
ITF34 2002 03 5 91.1813
ITF34 2002 04 3 14.2849
ITF34 2002 05 3 3.39153
ITF34 2002 07 3 1.5048
ITF34 2002 08 3 5.26632
ITF34 2002 09 2 2.11556
ITF34 2003 02 3 5.96777
ITF34 2003 03 3 71.3452
ITF34 2003 04 3 6.14781
ITF34 2003 05 3 6.98275
ITF34 2003 07 3 141.475
ITF34 2003 08 3 107.352
ITF34 2003 09 3 28.3304
ITF34 2003 10 3 3.02738
ITF34 2004 03 4 4.85651
ITF34 2004 04 2 0.400692
ITF34 2004 07 2 7.55144
ITF34 2004 08 2 117.442
ITF34 2004 09 2 52.8534
ITF34 2004 10 2 32.778
ITF34 2004 11 2 202.607
ITF34 2005 01 2 21.5478
ITF34 2005 03 2 44.647
ITF34 2005 04 2 36.313
ITF34 2005 05 2 18.3898
ITF34 2005 06 5 6.30703
ITF34 2005 07 5 110.704
ITF34 2005 08 5 86.9994
