FR615 1998 07 4 4.99524
FR615 1998 08 4 2.11533
FR615 1998 09 3 17.2486
FR615 1998 12 3 60.329
FR615 1999 01 3 691.29
FR615 1999 03 3 960.461
FR615 1999 04 3 99.3418
FR615 1999 08 3 3.24229
FR615 1999 09 4 0.657395
FR615 1999 11 2 0.382945
FR615 2000 01 2 31.6779
FR615 2000 02 2 291.426
FR615 2000 03 2 27.3753
FR615 2000 04 4 7.04103
FR615 2000 05 2 11.8048
FR615 2000 06 2 0.860185
FR615 2000 07 2 0.401081
FR615 2000 12 2 12.5829
FR615 2001 01 2 12.774
FR615 2001 02 4 72.459
FR615 2001 03 4 349.916
FR615 2001 04 2 6.7839
FR615 2001 05 4 2.76332
FR615 2001 06 3 8.08083
FR615 2001 07 2 2.9059
FR615 2001 08 3 23.3026
FR615 2001 09 3 1.62329
FR615 2001 10 4 1.69005
FR615 2002 01 4 5506.88
FR615 2002 02 4 2761.46
FR615 2002 03 4 40.7645
FR615 2002 04 3 39.1455
FR615 2003 03 3 18.1327
FR615 2003 04 3 70.5656
FR615 2003 06 2 1.39452
FR615 2004 02 2 9.13653
FR615 2004 04 2 2.69681
FR615 2004 09 2 0.0322753
FR615 2005 01 2 35.3111
FR615 2005 03 2 79.8251
FR615 2005 04 2 1.89795
FR615 2005 08 3 1.36208
FR615 2006 01 3 13.7952
FR615 2006 02 2 0.0182096
FR615 2006 03 5 21.8068
FR615 2006 06 5 4.47414
FR615 2006 07 5 12.0969
FR615 2006 08 5 41.8953
FR615 2006 09 5 15.2968
FR615 2006 10 5 12.8936
FR615 2006 11 4 1.0108
FR615 2006 12 3 0.475661
FR621 1993 01 3 358.016
FR621 1993 02 3 527.338
FR621 1993 03 3 805.848
FR621 1993 07 3 21.5699
FR621 1993 08 3 17.8192
FR621 1993 09 4 135.379
FR621 1993 10 4 5.66797
FR621 1993 11 4 76.7367
FR621 1994 01 2 26.437
FR621 1994 02 2 776.566
FR621 1994 03 2 140.087
FR621 1994 04 4 11.8981
FR621 1994 05 3 11.3381
FR621 1994 07 3 22.1195
FR621 1994 08 3 128.38
FR621 1994 09 3 14.2752
FR621 1995 01 3 26.651
FR621 1995 02 3 56.7154
FR621 1995 03 3 608.168
FR621 1995 04 3 698.411
FR621 1995 07 3 8.45894
FR621 1995 08 3 55.6238
FR621 1995 09 3 51.5332
FR621 1995 11 3 162.748
FR621 1995 12 3 125.067
FR621 1996 01 3 83.3554
FR621 1996 02 2 0.809846
FR621 1996 03 2 501.739
FR621 1996 04 2 103.938
FR621 1996 06 2 1.20121
FR621 1996 07 4 11.669
FR621 1996 08 4 9.00644
FR621 1996 09 3 1.51484
FR621 1996 11 4 22.0485
FR621 1997 01 3 43.453
FR621 1997 02 3 1296.41
FR621 1997 03 3 525.327
FR621 1997 04 3 68.6695
FR621 1997 05 2 0.696963
FR621 1997 06 2 3.40953
FR621 1997 07 5 12.11
FR621 1997 08 2 0.515037
FR621 1997 09 2 0.108752
FR621 1997 10 4 1.07729
FR621 1997 11 3 2.3865
FR621 1997 12 3 3.56215
FR621 1998 01 3 400.367
FR621 1998 02 3 1574.46
FR621 1998 03 3 156.385
FR621 1998 04 2 10.7561
FR621 1998 06 4 9.53056
FR621 1998 07 4 79.9309
FR621 1998 08 2 5.44096
FR621 1998 09 3 8.64782
FR621 1998 10 2 8.2764
FR621 1998 11 2 0.53913
FR621 1999 01 2 48.7992
FR621 1999 02 2 0.457755
FR621 1999 03 2 14.1055
FR621 1999 07 2 1.19182
FR621 1999 08 4 2.33234
FR621 1999 09 4 34.3874
FR621 1999 10 5 6.14161
FR621 1999 11 2 0.115533
FR621 2000 01 2 122.013
FR621 2000 02 2 690.35
FR621 2000 03 2 165.407
FR621 2000 04 3 15.113
FR621 2000 07 4 4.95107
FR621 2000 09 3 3.21177
FR621 2000 12 3 7.6706
FR621 2001 02 4 24.7425
FR621 2001 03 4 33.4858
FR621 2001 05 2 2.89754
FR621 2001 07 2 13.4724
FR621 2001 08 2 45.7034
FR621 2001 09 2 46.3993
FR621 2001 10 2 803.684
FR621 2001 11 2 0.129783
FR621 2001 12 2 2.21225
FR621 2002 01 2 662.862
FR621 2002 02 2 4967
FR621 2002 03 2 902.671
FR621 2002 04 2 247.615
FR621 2002 05 2 3.95811
FR621 2002 10 3 1.02061
FR621 2003 01 2 1.67682
FR621 2003 02 3 0.767612
FR621 2003 03 3 27.8421
FR621 2003 04 5 57.9188
FR621 2003 06 2 0.569343
FR621 2003 07 2 106.014
FR621 2003 08 2 125.408
FR621 2003 09 3 4.66742
FR621 2003 11 5 229.762
FR621 2004 02 4 80.8152
FR621 2004 03 4 42.454
FR621 2004 04 4 32.7754
FR621 2004 05 2 0.61015
FR621 2004 06 2 0.355836
FR621 2004 07 3 10.8189
FR621 2004 08 3 25.2688
FR621 2004 09 3 49.8049
FR621 2004 10 3 8.07151
FR621 2004 12 2 109.425
FR621 2005 01 2 129.697
FR621 2005 03 2 58.255
FR621 2005 04 2 103.345
FR621 2005 07 2 4.39517
FR621 2005 10 2 2.80162
FR621 2006 01 2 15.8557
FR621 2006 02 2 48.0786
FR621 2006 03 2 34.2352
FR621 2006 10 2 30.222
FR621 2006 12 3 237.782
FR622 1993 01 3 0.27788
FR622 1993 02 3 50.1461
FR622 1993 03 3 76.5154
FR622 1993 04 4 3.32118
FR622 1993 06 3 0.256152
FR622 1993 08 3 13.3684
FR622 1993 09 5 4.91698
FR622 1994 01 3 3.67854
FR622 1994 02 4 4.40223
FR622 1994 03 4 37.3698
FR622 1994 06 2 0.6488
FR622 1994 07 2 114.972
FR622 1994 08 2 105.253
FR622 1994 09 4 3.62477
FR622 1995 02 2 0.114735
FR622 1995 03 2 9.16842
FR622 1995 04 2 70.4439
FR622 1995 05 2 12.9226
FR622 1995 06 2 15.8575
FR622 1996 01 5 6.29279
FR622 1996 03 5 112.454
FR622 1996 04 5 100.232
FR622 1996 05 2 1.31963
FR622 1996 06 3 0.823262
FR622 1996 07 3 26.2725
FR622 1996 08 2 1.18029
FR622 1996 09 4 2.79134
FR622 1997 02 3 3.2601
FR622 1997 03 3 83.7064
FR622 1997 04 3 6.76271
FR622 1997 07 3 8.01333
FR622 1997 08 3 13.637
FR622 1997 09 3 1.3113
FR622 1998 02 3 121.788
FR622 1998 03 3 31.5496
FR622 1998 04 2 4.71206
FR622 1998 07 2 6.90297
FR622 1998 08 2 50.0461
FR622 1998 09 3 1.60546
FR622 1999 01 2 7.2633
FR622 1999 03 2 105.755
FR622 1999 04 2 17.8677
FR622 1999 05 2 2.55553
FR622 1999 06 2 1.27091
FR622 1999 08 2 6.43188
FR622 1999 09 2 1.12481
FR622 1999 10 2 1.25593
FR622 2000 01 2 0.14676
FR622 2000 02 2 18.8754
FR622 2000 03 2 49.7049
FR622 2000 04 5 8.86292
FR622 2000 05 3 2.17793
FR622 2000 06 4 0.431908
FR622 2000 07 4 2.76225
FR622 2000 08 4 12.2235
FR622 2000 09 4 9.78747
FR622 2001 02 2 0.13668
FR622 2001 03 2 0.142713
FR622 2001 06 3 0.306189
FR622 2001 07 3 1.74503
FR622 2001 08 3 4.54005
FR622 2001 09 3 14.2028
FR622 2001 10 5 11.0086
FR622 2001 11 2 0.0918233
FR622 2001 12 3 20.8741
FR622 2002 01 3 2.05236
FR622 2002 03 3 98.8988
FR622 2002 04 3 35.6711
FR622 2002 06 2 0.459911
FR622 2002 07 2 15.4093
FR622 2002 08 3 0.145458
FR622 2002 09 4 20.9395
FR622 2003 02 3 4.26058
FR622 2003 03 3 77.1859
FR622 2003 04 3 47.7462
FR622 2003 05 2 0.115552
FR622 2003 06 2 317.399
FR622 2003 07 2 119.977
FR622 2003 08 2 478.818
FR622 2003 09 2 16.1705
FR622 2003 10 2 0.146885
FR622 2004 02 2 34.5438
FR622 2004 03 4 0.465993
FR622 2004 04 5 1.9507
FR622 2004 05 5 0.641874
FR622 2004 06 5 13.3413
FR622 2004 07 5 47.8966
FR622 2004 08 5 4.25116
FR622 2004 09 5 10.4774
FR622 2005 01 2 0.286142
FR622 2005 02 2 17.4793
FR622 2005 03 2 71.2585
FR622 2005 04 2 7.32093
FR622 2005 06 2 5.22202
FR622 2005 07 2 81.0602
FR622 2005 08 2 35.475
FR622 2005 09 4 1.25594
FR622 2006 03 5 0.0739848
FR622 2006 04 3 6.08705
FR622 2006 05 5 0.154317
FR622 2006 06 5 24.4826
FR622 2006 07 5 42.4963
FR622 2006 08 5 62.7996
FR622 2006 09 3 0.131083
FR622 2006 11 2 0.453078
FR623 1993 03 2 7.72428
FR623 1994 07 2 70.9379
FR623 1994 08 2 56.0592
FR623 1994 09 2 13.2819
FR623 1995 04 5 16.2958
FR623 1995 05 2 0.284516
FR623 1995 06 4 3.72759
FR623 1995 07 4 125.19
FR623 1995 08 4 17.1733
FR623 1995 09 4 33.7284
FR623 1996 03 2 4.91343
FR623 1996 07 2 20.5921
FR623 1996 08 2 11.2868
FR623 1996 09 2 0.620702
FR623 1996 10 2 29.75
FR623 1997 02 2 405.999
FR623 1997 03 2 86.0438
FR623 1997 04 4 3.55781
FR623 1997 05 2 1.12172
FR623 1997 06 2 11.0958
FR623 1997 07 2 13.9364
FR623 1997 08 3 2.78763
FR623 1997 09 5 4.825
FR623 1997 10 3 1.82791
FR623 1998 01 2 7.3647
FR623 1998 02 2 233.699
FR623 1998 03 2 26.08
FR623 1998 05 3 1.13855
FR623 1998 06 4 4.97201
FR623 1998 07 4 39.7191
FR623 1998 08 4 12.1709
FR623 1998 09 4 7.60151
FR623 1998 10 2 2.22182
FR623 1999 01 3 22.6095
FR623 1999 03 3 11.603
FR623 1999 06 4 2.98349
FR623 1999 07 4 85.234
FR623 1999 08 3 2.7815
FR623 1999 10 3 6.798
FR623 2000 02 3 6.834
FR623 2000 03 3 36.5319
FR623 2000 07 3 14.9759
FR623 2000 08 5 6.14289
FR623 2000 09 5 36.688
FR623 2000 10 2 3.2878
FR623 2000 12 2 0.877907
FR623 2001 02 2 29.7062
FR623 2001 03 2 47.7308
FR623 2001 07 4 5.88274
FR623 2001 08 4 49.7099
FR623 2001 09 4 26.308
FR623 2001 10 4 24.701
FR623 2001 11 4 6.25392
FR623 2001 12 4 42.9828
FR623 2002 01 4 334.128
FR623 2002 02 4 735.8
FR623 2002 03 4 29.2387
FR623 2002 04 5 7.18651
FR623 2002 05 4 5.63539
FR623 2002 07 4 3.23449
FR623 2002 08 2 0.869474
FR623 2002 09 4 5.84732
FR623 2002 10 3 2.60396
FR623 2003 03 3 13.1073
FR623 2003 06 3 13.3004
FR623 2003 07 3 208.091
FR623 2003 08 3 245.84
FR623 2003 09 3 54.786
FR623 2003 10 3 2.13317
FR623 2003 11 3 0.126271
FR623 2003 12 2 0.124317
FR623 2004 02 2 0.423027
FR623 2004 03 2 6.29466
FR623 2004 04 2 0.303495
FR623 2004 05 2 1.71508
FR623 2004 06 2 41.0215
FR623 2004 07 2 415.214
FR623 2004 08 2 77.2135
FR623 2004 09 2 76.1082
FR623 2004 10 2 15.5524
FR623 2005 01 3 23.9111
FR623 2005 03 3 12.542
FR623 2005 04 2 2.06486
FR623 2005 06 2 6.70865
FR623 2005 07 2 143.088
FR623 2005 08 2 104.011
FR623 2005 09 2 2.88216
FR623 2005 10 4 5.16449
FR623 2006 02 4 5.76614
FR623 2006 03 3 6.75001
FR623 2006 04 3 12.5405
FR623 2006 05 4 6.61096
FR623 2006 06 4 99.8796
FR623 2006 07 4 20.3756
FR623 2006 08 4 53.1078
FR623 2006 09 4 9.78357
FR624 1993 08 2 5.51197
FR624 1994 06 4 11.0647
FR624 1994 07 4 5.0462
FR624 1994 08 4 10.8696
FR624 1994 09 4 7.44033
FR624 1995 04 2 1.68457
FR624 1995 07 2 20.4088
FR624 1995 08 2 25.1308
FR624 1995 09 2 9.8462
FR624 1996 07 2 14.4703
FR624 1996 08 2 0.96863
FR624 1996 09 2 6.81862
FR624 1997 03 5 6.96996
FR624 1997 04 5 9.54824
FR624 1997 06 2 0.737955
FR624 1997 08 2 0.52275
FR624 1997 09 2 3.562
FR624 1997 10 3 1.19407
FR624 1997 11 2 0.716115
FR624 1998 06 3 0.815237
FR624 1998 07 2 0.141017
FR624 1998 08 3 0.265269
FR624 1998 09 2 0.537855
FR624 1999 04 2 3.99312
FR624 2001 06 2 0.0364676
FR624 2002 05 2 4.64328
FR624 2003 03 2 0.584962
FR624 2003 06 2 0.954436
FR624 2003 07 4 5.95574
FR624 2003 09 4 10.4025
FR624 2004 03 2 2.87924
FR624 2004 07 3 0.0353051
FR624 2005 03 3 27.9198
FR624 2005 06 4 35.2978
FR625 1993 02 4 6.9374
FR625 1993 03 4 89.4481
FR625 1993 04 2 6.99165
FR625 1993 06 4 0.34245
FR625 1993 07 3 0.210318
FR625 1993 08 3 5.07858
FR625 1993 09 5 0.47376
FR625 1993 11 2 0.0949739
FR625 1994 01 2 0.137812
FR625 1994 03 2 6.36936
FR625 1994 04 3 4.88814
FR625 1994 05 4 0.695262
FR625 1994 06 4 14.7824
FR625 1994 07 4 57.3564
FR625 1994 08 4 20.9598
FR625 1994 09 4 4.21566
FR625 1995 03 4 5.06736
FR625 1995 04 4 47.2443
FR625 1995 05 4 5.65848
FR625 1995 06 4 4.13723
FR625 1995 07 4 151.492
FR625 1995 08 4 9.26091
FR625 1995 09 4 0.631332
FR625 1996 03 4 23.8317
FR625 1996 04 4 13.9284
FR625 1996 05 2 0.323835
FR625 1996 06 4 0.941714
FR625 1997 02 3 1.72853
FR625 1997 03 3 29.7995
FR625 1997 04 3 80.3185
FR625 1997 05 3 5.96288
FR625 1997 06 3 0.788551
FR625 1997 07 3 1.06885
FR625 1997 08 3 3.5707
FR625 1997 09 3 3.55004
FR625 1997 10 2 2.74068
FR625 1998 02 2 24.9538
FR625 1998 03 2 79.5127
FR625 1998 05 2 1.67761
FR625 1998 06 2 0.865869
FR625 1998 07 2 351.158
FR625 1998 08 2 34.3499
FR625 1998 09 3 0.374016
FR625 1999 03 3 45.4818
FR625 1999 04 2 0.384066
FR625 1999 06 2 2.9416
FR625 1999 07 2 7.32748
FR625 2000 03 2 17.4694
FR625 2000 04 3 1.36428
FR625 2000 05 4 0.732949
FR625 2000 06 4 3.23283
FR625 2000 07 4 7.38256
FR625 2000 08 4 17.6639
FR625 2000 09 4 5.85246
FR625 2001 06 4 7.42252
FR625 2001 07 4 13.2814
FR625 2001 08 4 4.84386
FR625 2001 09 4 6.78402
FR625 2002 03 4 52.6025
FR625 2002 04 4 9.80294
FR625 2002 05 2 1.1425
FR625 2002 07 2 6.73492
FR625 2002 08 2 0.29101
FR625 2003 02 2 6.33231
FR625 2003 03 2 52.8751
FR625 2003 04 4 15.2847
FR625 2003 06 4 16.3019
FR625 2003 07 4 38.1061
FR625 2003 08 4 211.555
FR625 2003 09 4 14.0526
FR625 2004 06 4 6.02413
FR625 2004 07 4 36.213
FR625 2005 02 4 2.85149
FR625 2005 03 4 50.487
FR625 2005 04 4 1.86531
FR625 2005 05 4 10.2757
FR625 2005 06 4 2.23986
FR625 2005 07 4 12.398
FR625 2005 08 4 13.5835
FR625 2005 09 4 3.58593
FR625 2006 02 4 2.24035
FR625 2006 03 4 9.58213
FR625 2006 04 4 22.0625
FR625 2006 05 4 0.877273
FR625 2006 06 4 7.80575
FR625 2006 07 4 3.87401
FR625 2006 08 4 7.6416
FR626 1993 02 2 0.518593
FR626 1993 03 4 1.53726
FR626 1996 01 4 7.02506
FR626 1996 02 4 180.599
FR626 1996 03 4 237.652
FR626 1996 04 4 13.0649
FR626 1996 05 4 3.9337
FR626 1996 06 4 14.1358
FR626 1996 07 4 23.5848
FR626 1996 08 3 1.78899
FR626 1996 09 3 10.2186
FR626 1996 10 3 21.2661
FR626 1996 11 3 3.65037
FR626 1997 02 3 198.274
FR626 1997 03 3 621.125
FR626 1997 04 3 63.5014
FR626 1997 05 3 6.14222
FR626 1997 06 3 8.17968
FR626 1997 07 3 5.3842
FR626 1997 08 3 26.8524
FR626 1997 09 3 10.6391
FR626 1997 10 3 35.9736
FR626 1997 11 3 4.90821
FR626 1997 12 3 6.63915
FR626 1998 01 3 29.9066
FR626 1998 02 95 265.113
FR626 1998 03 95 69.7222
FR626 1998 07 95 69.5934
FR626 1998 08 95 17.1794
FR626 1998 09 3 2.88164
FR626 1998 10 2 1.31535
FR626 1998 11 2 19.1227
FR626 1998 12 5 29.618
FR626 1999 01 5 37.8866
FR626 1999 02 2 1.13346
FR626 1999 03 2 87.3171
FR626 1999 04 2 116.378
FR626 1999 05 3 2.74634
FR626 1999 06 3 15.9386
FR626 1999 07 3 5.29136
FR626 1999 08 3 10.6623
FR626 1999 09 2 2.28027
FR626 2002 01 2 1084.36
FR626 2002 02 2 965.297
FR626 2002 03 2 240.027
FR626 2002 04 2 47.8971
FR626 2002 05 2 0.542197
FR626 2002 12 3 2.09066
FR626 2003 02 3 2.39017
FR626 2003 03 3 319.143
FR626 2003 04 5 61.1599
FR626 2003 07 5 24.5901
FR626 2003 08 5 111.731
FR626 2003 11 2 1.74909
FR626 2004 02 2 86.5585
FR626 2004 03 3 28.5178
FR626 2004 04 3 5.01782
FR626 2004 06 2 1.43643
FR626 2004 07 2 20.8895
FR626 2004 09 3 2.63706
FR626 2004 10 3 4.08744
FR626 2004 11 2 5.56481
FR626 2005 01 2 3.92353
FR626 2005 03 2 224.956
FR626 2005 04 5 29.2229
FR626 2005 05 4 117.889
FR626 2005 06 4 9.49392
FR626 2005 07 4 15.2249
FR626 2005 08 4 14.7492
FR626 2005 12 2 1.21732
FR627 1993 01 2 5.37185
FR627 1993 02 2 4.43901
FR627 1993 03 2 32.9425
FR627 1993 04 3 4.70839
FR627 1993 05 2 0.153526
FR627 1993 07 2 3.50411
FR627 1993 08 2 1.12659
FR627 1994 03 4 4.03186
FR627 1994 05 4 2.89415
FR627 1994 06 4 2.45981
FR627 1994 07 4 12.3978
FR627 1994 08 4 57.3885
FR627 1994 09 4 8.80979
FR627 1995 04 3 2.17243
FR627 1995 05 3 22.7302
FR627 1995 07 5 10.1071
FR627 1995 08 3 3.37679
FR627 1995 09 2 2.01874
FR627 1995 11 2 1.53175
FR627 1996 04 2 3.35822
FR627 1996 06 2 12.9919
FR627 1996 07 2 11.0203
FR627 1996 08 2 1.02124
FR627 1996 09 2 0.669276
FR627 1997 03 5 8.9883
FR627 1997 04 3 2.40072
FR627 1997 05 2 4.9154
FR627 1997 07 2 0.726345
FR627 1997 09 2 5.12181
FR627 1997 10 2 0.441078
FR627 1998 07 2 2.68688
FR627 1998 08 4 8.78745
FR627 1999 04 3 7.99848
FR627 1999 07 3 0.475735
FR627 2000 03 2 0.427379
FR627 2001 08 5 1.17
FR627 2001 09 5 4.14785
FR627 2001 11 3 3.72905
FR627 2002 02 3 2.01379
FR627 2002 03 4 14.8062
FR627 2002 04 5 2.85214
FR627 2002 07 2 0.280873
FR627 2002 08 5 4.09281
FR627 2003 03 5 6.88381
FR627 2003 04 5 12.259
FR627 2003 05 2 0.289833
FR627 2003 06 2 7.73216
FR627 2003 07 2 52.6771
FR627 2003 08 2 131.201
FR627 2003 09 2 25.5222
FR627 2003 10 2 3.39828
FR627 2004 02 2 28.9804
FR627 2004 03 2 16.3766
FR627 2004 05 2 4.52012
FR627 2004 06 2 17.7634
FR627 2004 07 2 43.4248
FR627 2005 03 2 15.3887
FR627 2005 04 3 8.53572
FR627 2005 06 2 1.32606
FR627 2005 07 2 22.2259
FR627 2005 08 2 8.60054
FR628 2002 03 2 2.80405
FR628 2002 05 2 0.26809
FR628 2002 06 2 0.220727
FR628 2003 08 3 0.0429256
FR631 1993 03 4 0.69388
FR631 1994 03 5 5.99668
FR631 1994 05 3 2.3804
FR631 1994 06 4 0.48129
FR631 1994 07 2 1.38494
FR631 1995 01 3 0.858072
FR631 1995 02 3 1.04068
FR631 1995 03 3 4.51229
FR631 1995 04 2 0.867335
FR631 1995 06 4 3.0932
FR631 1995 07 4 9.81369
FR631 1995 08 4 15.2695
FR631 1996 03 3 5.83583
FR631 1996 04 3 1.4497
FR631 1996 05 3 2.04383
FR631 1996 06 3 1.1335
FR631 1996 07 2 0.97517
FR631 1997 03 2 7.0163
FR631 1997 04 2 194.12
FR631 1997 05 4 3.84347
FR631 1997 06 3 1.16694
FR631 1997 08 3 0.954322
FR631 1998 02 3 13.9634
FR631 1998 03 2 4.82784
FR631 1998 08 2 2.63095
FR631 2000 01 2 0.0443664
FR631 2000 03 2 15.1743
FR631 2000 04 5 5.9526
FR631 2000 06 3 7.164
FR631 2000 07 3 0.165669
FR631 2001 02 3 3.11263
FR631 2001 04 4 1.10446
FR631 2001 06 4 5.75593
FR631 2001 07 4 0.596878
FR631 2001 08 3 0.0988306
FR631 2001 09 5 0.107874
FR631 2002 02 2 0.0341106
FR631 2002 03 2 15.9375
FR631 2002 04 2 11.5395
FR631 2002 05 2 22.047
FR631 2002 06 5 0.747204
FR631 2002 07 2 2.52148
FR631 2002 08 2 0.00702292
FR631 2002 10 3 0.128524
FR631 2003 03 3 39.1419
FR631 2003 04 3 24.0652
FR631 2003 05 2 0.202644
FR631 2003 06 2 1.42636
FR631 2003 07 3 0.620742
FR631 2003 08 3 10.6132
FR631 2004 05 3 2.08949
FR631 2005 07 2 0.336756
FR631 2006 05 5 4.74071
FR631 2006 06 5 6.49384
FR631 2006 09 2 1.07975
FR632 1993 02 2 0.601422
FR632 1993 03 2 21.2908
FR632 1993 04 2 15.3402
FR632 1993 05 2 0.125558
FR632 1993 08 2 2.7574
FR632 1994 07 2 2.92596
FR632 1995 03 2 5.8196
FR632 1995 04 2 0.201098
FR632 1997 04 2 41.8005
FR632 1997 05 2 0.0490325
FR632 1998 03 2 5.36677
FR632 1998 05 2 5.15949
FR632 1999 04 2 3.46636
FR632 2000 03 3 3.18683
FR632 2000 06 2 4.70036
FR632 2000 09 2 1.32755
FR632 2003 08 2 8.12551
FR632 2003 09 3 3.8091
FR633 1993 03 4 6.1842
FR633 1993 06 2 1.29007
FR633 1995 07 2 45.154
FR633 1995 08 2 67.4721
FR633 1995 09 2 7.01877
FR633 1996 03 2 40.8159
FR633 1996 04 2 72.47
FR633 1996 05 2 5.01156
FR633 1996 06 2 17.635
FR633 1996 07 2 117.431
FR633 1996 08 2 21.5062
FR633 1996 09 2 4.05683
FR633 1997 02 5 11.2353
FR633 1997 03 5 50.1828
FR633 1997 04 5 83.6777
FR633 1997 05 5 3.81375
FR633 1997 07 2 1.70503
FR633 1997 08 2 0.282565
FR633 1998 02 3 2.62406
FR633 1998 03 3 4.28953
FR633 1998 04 2 0.916683
FR633 1998 05 5 4.20178
FR633 2000 03 4 32.595
FR633 2000 04 4 7.3883
FR633 2000 05 2 0.965966
FR633 2000 06 5 1.72787
FR633 2000 07 5 3.25398
FR633 2000 08 5 5.79112
FR633 2000 09 4 2.97587
FR633 2001 04 3 8.29883
FR633 2001 05 2 0.230043
FR633 2001 06 2 3.48184
FR633 2001 07 2 0.145969
FR633 2001 08 2 0.27965
FR633 2001 09 2 0.123157
FR633 2001 10 2 9.46962
FR633 2003 08 2 15.718
FR633 2003 09 2 0.149176
FR711 1993 03 2 7.83038
FR711 1993 04 2 0.297789
FR711 1993 06 2 0.985123
FR711 1993 07 2 0.30382
FR711 1993 08 2 0.316734
FR711 1993 09 2 0.741735
FR711 1994 03 5 3.50866
FR711 1994 07 5 3.16735
FR711 1994 08 4 11.6224
FR711 1995 04 4 9.28832
FR711 1995 05 2 1.83323
FR711 1995 07 2 4.93095
FR711 1996 01 2 2.05784
FR711 1996 02 3 10.2855
FR711 1996 03 3 17.2715
FR711 1996 04 3 7.88481
FR711 1996 07 3 1.88547
FR711 1996 08 3 0.539708
FR711 1996 09 3 2.93168
FR711 1997 02 2 2.85878
FR711 1997 03 2 78.1019
FR711 1997 04 2 42.1091
FR711 1997 08 2 0.918059
FR711 1998 01 2 7.29498
FR711 1998 02 2 4.62751
FR711 1998 03 2 31.0652
FR711 1998 05 2 1.14158
FR711 1998 07 2 28.072
FR711 1998 08 2 5.9687
FR711 1999 03 4 19.3873
FR711 1999 06 2 1.16084
FR711 1999 08 3 2.89378
FR711 2000 02 2 9.02818
FR711 2000 03 3 7.84337
FR711 2000 05 2 1.72129
FR711 2000 06 2 1.39317
FR711 2000 07 2 1.52351
FR711 2002 02 4 8.23384
FR711 2002 03 4 38.9847
FR711 2002 04 5 7.93758
FR711 2003 03 3 11.1827
FR711 2003 04 4 72.47
FR711 2003 06 4 10.7983
FR711 2003 07 2 9.14601
FR711 2003 08 2 329.793
FR711 2005 04 2 7.86258
FR711 2005 06 2 0.62966
FR711 2005 07 2 22.9988
FR711 2005 08 3 2.14568
FR711 2006 02 2 0.538802
FR711 2006 03 4 2.1101
FR711 2006 04 2 1.00991
FR711 2006 07 2 17.5595
FR711 2006 09 2 2.97398
FR712 1985 01 2 17.3995
FR712 1985 02 2 250.657
FR712 1985 03 2 349.818
FR712 1985 04 2 437.863
FR712 1985 05 2 20.9447
FR712 1985 06 3 2.03267
FR712 1985 07 3 57.885
FR712 1985 08 3 235.293
FR712 1985 09 3 220.568
FR712 1985 10 3 145.638
FR712 1985 11 3 8.55214
FR712 1985 12 3 354.858
FR712 1986 01 3 34.2555
FR712 1986 02 3 2.18326
FR712 1986 03 3 75.7392
FR712 1986 04 3 14.4841
FR712 1986 05 3 19.3128
FR712 1986 06 3 48.8199
FR712 1986 07 3 206.107
FR712 1986 08 3 402.926
FR712 1986 09 3 713.988
FR712 1986 10 2 0.633535
FR712 1987 01 2 1.23643
FR712 1987 02 3 1.51373
FR712 1987 03 3 21.1764
FR712 1987 04 3 45.9598
FR712 1987 05 4 3.41487
FR712 1987 06 4 6.5335
FR712 1987 07 4 2.6915
FR712 1987 08 4 5.70093
FR712 1987 09 4 9.96443
FR712 1987 12 3 18.5142
FR712 1988 02 3 20.4786
FR712 1988 03 3 23.509
FR712 1988 04 4 3.83116
FR712 1988 07 3 0.385067
FR712 1988 08 3 12.7022
FR712 1988 09 3 16.1974
FR712 1988 11 2 0.181287
FR712 1988 12 3 0.624
FR712 1989 01 3 3.95359
FR712 1989 02 3 25.0756
FR712 1989 03 3 92.124
FR712 1989 04 3 41.4546
FR712 1989 05 3 31.1772
FR712 1989 06 3 12.5994
FR712 1989 07 3 142.074
FR712 1989 08 3 460.318
FR712 1989 09 3 97.3241
FR712 1989 10 3 88.6052
FR712 1990 01 3 113.655
FR712 1990 02 3 313.418
FR712 1990 03 3 127.921
FR712 1990 04 3 4.1743
FR712 1990 05 3 5.97863
FR712 1990 06 3 0.797226
FR712 1990 07 3 18.9397
FR712 1990 08 3 1560.19
FR712 1990 09 3 113.532
FR712 1990 10 5 4.35949
FR712 1991 01 5 12.943
FR712 1991 02 5 62.9568
FR712 1991 03 5 22.1766
FR712 1991 04 5 26.9358
FR712 1991 05 5 7.07245
FR712 1991 06 5 5.53466
FR712 1991 07 5 55.3111
FR712 1991 08 5 20.704
FR712 1991 09 5 18.4092
FR712 1992 01 5 12.8938
FR712 1992 02 5 106.877
FR712 1992 03 5 132.524
FR712 1992 04 5 44.3263
FR712 1992 05 5 6.59716
FR712 1992 07 3 0.779471
FR712 1992 08 3 10.8002
FR712 1992 09 3 4.82613
FR712 1993 01 3 5.95022
FR712 1993 02 3 15.4002
FR712 1993 03 3 74.3004
FR712 1993 04 3 12.7762
FR712 1993 05 3 2.96119
FR712 1993 06 3 10.1105
FR712 1993 07 3 14.3636
FR712 1993 08 3 208.618
FR712 1993 09 3 0.910607
FR712 1993 11 2 0.288291
FR712 1994 01 2 11.6434
FR712 1994 02 3 1.54305
FR712 1994 03 3 41.2788
FR712 1994 04 3 18.6909
FR712 1994 05 5 1.08302
FR712 1994 06 5 0.868267
FR712 1994 07 5 159.821
FR712 1994 08 5 104.594
FR712 1994 09 5 1.74459
FR712 1994 10 2 0.213566
FR712 1994 12 3 4.44457
FR712 1995 01 2 6.7579
FR712 1995 02 2 17.3818
FR712 1995 03 2 729.973
FR712 1995 04 2 200.851
FR712 1995 05 2 2.14476
FR712 1995 06 2 16.4327
FR712 1995 07 2 168.485
FR712 1995 08 2 34.4037
FR712 1995 09 2 6.75706
FR712 1995 11 4 4.01312
FR712 1995 12 2 0.208944
FR712 1996 02 2 23.5327
FR712 1996 03 2 116.414
FR712 1996 04 2 112.84
FR712 1996 05 2 2.50944
FR712 1996 06 2 4.2387
FR712 1996 07 2 7.06447
FR712 1996 09 2 6.20149
FR712 1996 10 3 4.34074
FR712 1996 11 4 1.04768
FR712 1997 01 2 0.56916
FR712 1997 02 2 98.3976
FR712 1997 03 2 84.086
FR712 1997 04 2 38.2179
FR712 1997 05 2 8.76692
FR712 1997 07 2 2.81152
FR712 1997 08 2 2.23574
FR712 1997 09 2 2.6045
FR712 1997 10 2 2.74436
FR712 1998 02 2 81.7454
FR712 1998 03 2 178.484
FR712 1998 04 2 18.4118
FR712 1998 05 2 6.10108
FR712 1998 06 2 0.116166
FR712 1998 07 2 26.6033
FR712 1998 08 2 138.944
FR712 1998 09 2 8.96149
FR712 1998 11 4 1.20206
FR712 1998 12 4 208.818
FR712 1999 02 4 46.5293
FR712 1999 03 4 191.226
FR712 1999 04 4 85.2348
FR712 1999 05 3 1.5576
FR712 1999 06 3 6.4869
FR712 1999 07 3 17.2412
FR712 1999 08 3 23.1274
FR712 1999 09 3 14.6556
FR712 1999 12 3 1.0437
FR712 2000 01 4 1.26639
FR712 2000 02 4 31.6637
FR712 2000 03 4 66.209
FR712 2000 04 2 0.473591
FR712 2000 05 5 2.07456
FR712 2000 06 5 3.13131
FR712 2000 07 5 24.1482
FR712 2000 08 5 716.335
FR712 2000 09 5 40.0305
FR712 2000 10 2 0.0626835
FR712 2001 02 2 19.0638
FR712 2001 03 3 0.311263
FR712 2001 04 3 5.82868
FR712 2001 05 3 1.99896
FR712 2001 06 3 0.30459
FR712 2001 07 3 65.7157
FR712 2001 08 3 104.091
FR712 2001 09 3 176.675
FR712 2001 10 2 0.205092
FR712 2001 11 3 10.6634
FR712 2001 12 3 5.59118
FR712 2002 01 3 14.1163
FR712 2002 02 3 18.7539
FR712 2002 03 3 100.475
FR712 2002 04 3 155.772
FR712 2002 05 3 9.1975
FR712 2002 06 3 1.21175
FR712 2002 07 3 38.9299
FR712 2002 08 3 12.236
FR712 2002 10 2 0.843671
FR712 2002 11 3 0.557742
FR712 2003 01 2 0.45688
FR712 2003 02 2 7.64976
FR712 2003 03 2 376.616
FR712 2003 04 2 95.3869
FR712 2003 05 2 14.2433
FR712 2003 06 2 58.885
FR712 2003 07 2 180.604
FR712 2003 08 2 1661.43
FR712 2003 09 2 24.3811
FR712 2003 10 3 0.159419
FR712 2004 01 2 0.17745
FR712 2004 02 2 7.34457
FR712 2004 03 2 20.1695
FR712 2004 04 2 14.9803
FR712 2004 05 2 0.0391122
FR712 2004 06 2 7.31184
FR712 2004 07 2 80.5598
FR712 2004 08 2 128.604
FR712 2004 09 2 1.97456
FR712 2004 10 2 14.3469
FR712 2004 11 4 1.01801
FR712 2004 12 5 30.324
FR712 2005 01 5 4.56126
FR712 2005 02 5 7.47211
FR712 2005 03 5 89.4612
FR712 2005 04 5 130.414
FR712 2005 05 5 1.09828
FR712 2005 06 5 13.4882
FR712 2005 07 5 56.1139
FR712 2005 08 5 908.77
FR712 2005 09 5 14.3163
FR712 2005 10 3 6.46617
FR712 2006 02 3 0.713249
FR712 2006 03 3 15.4926
