ITC31 2001 06 3 15.0335
ITC31 2001 07 3 45.0399
ITC31 2001 08 3 122.606
ITC31 2001 09 3 418.414
ITC31 2001 10 3 16.1522
ITC31 2001 11 3 41.8126
ITC31 2001 12 3 1161.34
ITC31 2002 01 3 148.705
ITC31 2002 02 3 201.522
ITC31 2002 03 3 226.296
ITC31 2002 04 3 39.441
ITC31 2002 06 3 1.84357
ITC31 2002 07 3 11.0868
ITC31 2002 08 3 220.291
ITC31 2002 09 3 25.3178
ITC31 2002 10 3 13.4948
ITC31 2002 11 3 1.09315
ITC31 2002 12 2 1.16964
ITC31 2003 01 2 29.6538
ITC31 2003 02 2 145.189
ITC31 2003 03 2 154.543
ITC31 2003 04 2 713.99
ITC31 2003 05 2 9.82338
ITC31 2003 06 2 2.60722
ITC31 2003 07 2 33.8915
ITC31 2003 08 2 521.536
ITC31 2003 09 2 493.412
ITC31 2003 10 2 920.337
ITC31 2003 11 3 0.7972
ITC31 2003 12 3 22.0146
ITC31 2004 01 3 3.21701
ITC31 2004 02 3 15.8582
ITC31 2004 03 3 37.5385
ITC31 2004 04 5 6.12385
ITC31 2004 05 4 0.212829
ITC31 2004 06 2 0.00446089
ITC31 2004 07 2 3.87075
ITC31 2004 08 2 27.6233
ITC31 2004 09 2 176.002
ITC31 2004 10 5 1.29085
ITC31 2004 12 5 9.56924
ITC31 2005 01 5 52.0027
ITC31 2005 02 5 369.323
ITC31 2005 03 5 14.8608
ITC31 2005 04 5 13.1471
ITC31 2005 05 5 6.90271
ITC31 2005 06 5 2.77
ITC31 2005 07 5 4.76321
ITC31 2005 08 5 60.7531
ITC31 2005 09 4 1.34195
ITC31 2005 10 2 0.296552
ITC31 2005 12 3 5.09414
ITC31 2006 01 3 58.5832
ITC31 2006 02 3 7.67277
ITC31 2006 03 3 18.8511
ITC31 2006 04 3 9.97482
ITC31 2006 05 3 1.39401
ITC31 2006 06 3 5.51959
ITC31 2006 07 3 53.1823
ITC31 2006 08 3 74.9631
ITC31 2006 09 3 48.4716
ITC31 2006 11 2 0.0715554
ITC31 2006 12 2 1.78661
ITC32 1985 01 2 66.9874
ITC32 1985 02 2 263.257
ITC32 1985 03 2 147.785
ITC32 1985 04 2 167.876
ITC32 1985 05 3 2.78942
ITC32 1985 06 4 0.648467
ITC32 1985 07 4 27.801
ITC32 1985 08 4 847.004
ITC32 1985 09 4 227.061
ITC32 1985 10 4 142.319
ITC32 1985 11 4 96.1075
ITC32 1985 12 4 152.407
ITC32 1986 01 4 396.359
ITC32 1986 02 4 8.17936
ITC32 1986 03 4 104.717
ITC32 1986 04 4 3.14607
ITC32 1986 05 4 3.11838
ITC32 1986 06 4 5.91824
ITC32 1986 07 4 471.934
ITC32 1986 08 4 795.195
ITC32 1986 09 4 826.955
ITC32 1986 10 4 1182.57
ITC32 1986 11 4 311.599
ITC32 1986 12 4 587.483
ITC32 1987 01 4 361.663
ITC32 1987 02 4 6.39269
ITC32 1987 03 4 142.862
ITC32 1987 04 4 46.2686
ITC32 1987 05 4 23.1904
ITC32 1987 06 4 0.609052
ITC32 1987 07 4 130.073
ITC32 1987 08 4 189.318
ITC32 1987 09 4 113.117
ITC32 1987 10 4 15.6382
ITC32 1987 11 4 33.4398
ITC32 1987 12 4 0.445061
ITC32 1988 01 4 107.799
ITC32 1988 02 4 52.3268
ITC32 1988 03 4 993.284
ITC32 1988 05 2 0.387311
ITC32 1988 06 3 0.189088
ITC32 1988 07 3 3.05532
ITC32 1988 08 3 57.6553
ITC32 1988 09 3 467.155
ITC32 1988 10 3 2.45775
ITC32 1988 11 3 256.879
ITC32 1988 12 3 414.963
ITC32 1989 01 3 920.067
ITC32 1989 02 3 79.8621
ITC32 1989 03 3 47.4456
ITC32 1989 04 5 0.645099
ITC32 1989 05 5 4.80137
ITC32 1989 06 5 11.6013
ITC32 1989 07 5 52.2002
ITC32 1989 08 5 704.131
ITC32 1989 09 5 10.6275
ITC32 1989 10 5 48.7123
ITC32 1989 11 5 6.8189
ITC32 1989 12 5 511.683
ITC32 1990 01 5 2047.41
ITC32 1990 02 5 308.275
ITC32 1990 03 5 3263.14
ITC32 1990 04 3 1.84451
ITC32 1990 05 3 6.47933
ITC32 1990 06 3 28.7299
ITC32 1990 07 3 429.48
ITC32 1990 08 3 701.794
ITC32 1990 09 3 764.759
ITC32 1990 10 4 5.66252
ITC32 1990 11 5 9.76454
ITC32 1990 12 5 39.8004
ITC32 1991 01 5 84.2089
ITC32 1991 02 5 157.637
ITC32 1991 03 5 6.72356
ITC32 1991 04 5 1.69224
ITC32 1991 05 2 0.490707
ITC32 1991 06 4 3.57121
ITC32 1991 07 4 132.403
ITC32 1991 08 4 160.627
ITC32 1991 09 4 238.213
ITC32 1991 11 4 2.11007
ITC32 1991 12 4 943.947
ITC32 1992 01 4 202.767
ITC32 1992 02 4 26.3097
ITC32 1992 03 4 36.1445
ITC32 1992 04 4 8.54039
ITC32 1992 05 4 35.9298
ITC32 1992 06 5 0.250155
ITC32 1992 07 5 3.32834
ITC32 1992 08 5 24.1884
ITC32 1992 09 5 188.616
ITC32 1992 10 2 1.32543
ITC32 1992 11 4 0.17728
ITC32 1992 12 4 38.1157
ITC32 1993 01 4 117.398
ITC32 1993 02 4 668.75
ITC32 1993 03 4 4.44079
ITC32 1993 04 5 4.33899
ITC32 1993 05 3 0.417968
ITC32 1993 06 4 1.4675
ITC32 1993 07 4 32.891
ITC32 1993 08 4 57.4159
ITC32 1993 09 4 16.3745
ITC32 1993 10 2 0.0251148
ITC32 1993 11 2 12.8241
ITC32 1993 12 2 7.34007
ITC32 1994 01 2 487.19
ITC32 1994 02 3 0.646232
ITC32 1994 04 4 0.770011
ITC32 1994 06 2 0.0139114
ITC32 1994 07 2 1.83869
ITC32 1994 08 2 42.61
ITC32 1994 09 2 0.154157
ITC32 1994 10 3 1.71635
ITC32 1994 12 5 1.8448
ITC32 1995 01 5 1395.12
ITC32 1995 02 5 2.33248
ITC32 1995 03 5 82.3029
ITC32 1995 04 5 10.917
ITC32 1995 05 2 0.228466
ITC32 1995 07 2 22.0161
ITC32 1995 08 2 274.608
ITC32 1995 09 2 52.1395
ITC32 1995 10 5 1.39448
ITC32 1995 11 5 52.3608
ITC32 1995 12 2 0.66752
ITC32 1997 01 2 4.47855
ITC32 1997 02 2 323.107
ITC32 1997 03 2 157.62
ITC32 1997 04 2 65.8917
ITC32 1997 05 2 4.5752
ITC32 1997 06 4 0.132403
ITC32 1997 07 4 2.59164
ITC32 1997 08 4 2.24722
ITC32 1997 09 4 1513.6
ITC32 1997 10 4 20.3716
ITC32 1997 11 4 44.7458
ITC32 1997 12 2 46.2082
ITC32 1998 01 4 0.3703
ITC32 1998 02 4 23.169
ITC32 1998 03 4 15.1209
ITC32 1998 04 5 3.85584
ITC32 1998 06 3 0.707153
ITC32 1998 07 4 4.09844
ITC32 1998 08 4 542.664
ITC32 1998 09 4 0.97647
ITC32 1998 10 2 1.59368
ITC32 1998 11 2 58.0823
ITC32 1998 12 2 0.0477979
ITC32 1999 01 2 12.8288
ITC32 1999 02 2 883.983
ITC32 1999 03 2 22.3753
ITC32 1999 04 2 8.30413
ITC32 1999 05 3 0.139962
ITC32 1999 06 3 3.45311
ITC32 1999 07 3 533.254
ITC32 1999 08 3 23.8399
ITC32 1999 09 3 28.4374
ITC32 1999 10 2 0.06399
ITC32 1999 11 5 28.4872
ITC32 1999 12 5 14.547
ITC32 2000 01 5 7.15535
ITC32 2000 02 5 179.816
ITC32 2000 03 5 21.7116
ITC32 2000 04 2 0.102201
ITC32 2000 05 5 0.855498
ITC32 2000 06 2 0.388137
ITC32 2000 07 2 1.59922
ITC32 2000 08 2 29.4787
ITC32 2000 09 2 43.7364
ITC32 2000 10 2 0.00368344
ITC32 2000 11 2 0.04369
ITC32 2001 01 3 1.49476
ITC32 2001 03 2 0.0988421
ITC32 2001 04 4 2.12601
ITC32 2001 05 4 14.6872
ITC32 2001 06 4 3.84114
ITC32 2001 07 4 74.2069
ITC32 2001 08 4 718.812
ITC32 2001 09 4 810.487
ITC32 2001 11 4 91.5901
ITC32 2001 12 4 50.8549
ITC32 2002 01 4 67.2706
ITC32 2002 02 4 1.62969
ITC32 2002 03 4 83.1203
ITC32 2002 04 4 26.3105
ITC32 2002 06 4 1.92602
ITC32 2002 07 4 0.00553813
ITC32 2002 08 4 1.23609
ITC32 2002 11 2 0.041451
ITC32 2002 12 2 0.0251292
ITC32 2003 01 5 3.18915
ITC32 2003 02 5 23.4797
ITC32 2003 03 5 63.4042
ITC32 2003 04 5 2.41226
ITC32 2003 05 3 1.63887
ITC32 2003 06 3 0.0820266
ITC32 2003 07 3 6.97642
ITC32 2003 08 3 466.67
ITC32 2003 09 3 582.975
ITC32 2003 10 3 132.844
ITC32 2003 11 4 0.278822
ITC32 2003 12 4 96.6281
ITC32 2004 01 3 0.0847072
ITC32 2004 02 3 0.0334656
ITC32 2004 03 4 0.191549
ITC32 2004 04 3 0.0401064
ITC32 2004 06 3 0.752537
ITC32 2004 07 3 41.5053
ITC32 2004 08 3 8.48486
ITC32 2004 09 3 10.4344
ITC32 2004 10 2 5.28893
ITC32 2004 11 3 11.2908
ITC32 2004 12 3 1.94174
ITC32 2005 01 3 3.98226
ITC32 2005 02 3 1384.16
ITC32 2005 03 3 2.23566
ITC32 2005 04 3 6.79333
ITC32 2005 05 3 0.037352
ITC32 2005 06 3 0.481525
ITC32 2005 07 3 4.03838
ITC32 2005 08 3 133.61
ITC32 2005 09 4 0.463395
ITC32 2005 12 3 0.101075
ITC32 2006 01 3 7.00486
ITC32 2006 02 2 14.6571
ITC32 2006 03 2 16.6803
ITC32 2006 04 3 0.0635178
ITC32 2006 05 3 2.19336
ITC32 2006 06 3 0.739094
ITC32 2006 07 3 14.9186
ITC32 2006 08 3 3.69007
ITC32 2006 09 3 346.008
ITC32 2006 10 3 0.191017
ITC32 2006 11 2 1.79282
ITC32 2006 12 5 2.20524
ITC33 1985 01 5 30.0392
ITC33 1985 02 5 173.663
ITC33 1985 03 5 347.834
ITC33 1985 04 5 635.812
ITC33 1985 05 5 12.5796
ITC33 1985 06 4 2.59106
ITC33 1985 07 4 29.3117
ITC33 1985 08 83 1003.43
ITC33 1985 09 83 320.921
ITC33 1985 10 97 411.358
ITC33 1985 11 97 6.86306
ITC33 1985 12 97 302.327
ITC33 1986 01 97 329.343
ITC33 1986 02 97 69.425
ITC33 1986 03 97 573.322
ITC33 1986 04 97 19.2753
ITC33 1986 05 97 46.2471
ITC33 1986 06 97 14.4043
ITC33 1986 07 97 16.31
ITC33 1986 08 97 146.062
ITC33 1986 09 97 97.0861
ITC33 1986 10 97 39.747
ITC33 1986 11 97 172.787
ITC33 1986 12 97 1625.99
ITC33 1987 01 97 378.014
ITC33 1987 02 97 74.835
ITC33 1987 03 114 1736.63
ITC33 1987 04 114 203.482
ITC33 1987 05 114 16.9307
ITC33 1987 06 114 5.28399
ITC33 1987 07 114 7.29917
ITC33 1987 08 114 44.2765
ITC33 1987 09 114 289.539
ITC33 1987 10 114 81.4653
ITC33 1987 11 114 12.798
ITC33 1988 01 114 167.695
ITC33 1988 02 114 509.577
ITC33 1988 03 112 1498.34
ITC33 1988 04 5 3.1013
ITC33 1988 05 2 0.150715
ITC33 1988 06 2 0.305377
ITC33 1988 07 2 29.7406
ITC33 1988 08 2 142.514
ITC33 1988 09 2 146.355
ITC33 1988 10 2 415.765
ITC33 1988 11 2 484.545
ITC33 1988 12 108 1619.68
ITC33 1989 01 126 6491.9
ITC33 1989 02 93 1273.74
ITC33 1989 03 93 702.617
ITC33 1989 04 93 10.5566
ITC33 1989 05 93 31.7798
ITC33 1989 06 93 17.0191
ITC33 1989 07 93 40.8985
ITC33 1989 08 93 426.54
ITC33 1989 09 93 28.3529
ITC33 1989 10 93 229.795
ITC33 1989 11 93 11.017
ITC33 1989 12 93 513.443
ITC33 1990 01 93 1291.09
ITC33 1990 02 93 542.857
ITC33 1990 03 99 1257.37
ITC33 1990 04 99 31.7769
ITC33 1990 05 99 22.034
ITC33 1990 06 99 32.1617
ITC33 1990 07 99 106.346
ITC33 1990 08 99 346.768
ITC33 1990 09 99 419.512
ITC33 1990 10 2 0.0136485
ITC33 1990 11 2 7.54422
ITC33 1990 12 2 33.5644
ITC33 1991 01 2 1116.94
ITC33 1991 02 2 364.588
ITC33 1991 03 2 178.371
ITC33 1991 04 2 48.5349
ITC33 1991 05 2 15.7908
ITC33 1991 06 5 2.74633
ITC33 1991 07 5 143.948
ITC33 1991 08 5 186.847
ITC33 1991 09 5 235.975
ITC33 1991 10 2 1.05423
ITC33 1991 11 3 1.18796
ITC33 1991 12 3 603.219
ITC33 1992 01 3 1319.35
ITC33 1992 02 3 308.886
ITC33 1992 03 3 320.056
ITC33 1992 04 3 12.706
ITC33 1992 05 3 33.9904
ITC33 1992 06 3 1.24028
ITC33 1992 07 3 1.21185
ITC33 1992 08 3 12.6049
ITC33 1992 09 3 11.8204
ITC33 1992 11 5 7.94459
ITC33 1992 12 5 965.071
ITC33 1993 01 5 1368.25
ITC33 1993 02 127 2966.98
ITC33 1993 03 127 84.8038
ITC33 1993 04 127 85.866
ITC33 1993 05 5 3.08827
ITC33 1993 06 3 2.92838
ITC33 1993 07 3 62.0448
ITC33 1993 08 3 179.17
ITC33 1993 09 3 8.75154
ITC33 1993 10 2 20.0368
ITC33 1993 11 2 7.33453
ITC33 1993 12 2 5.21378
ITC33 1994 01 2 43.2413
ITC33 1994 02 2 44.9525
ITC33 1994 03 2 92.9628
ITC33 1994 04 2 24.7439
ITC33 1994 06 2 17.0474
ITC33 1994 07 2 19.8527
ITC33 1994 08 2 163.994
ITC33 1994 09 3 0.542799
ITC33 1994 10 3 7.97242
ITC33 1994 12 3 2.88621
ITC33 1995 01 3 288.941
ITC33 1995 02 3 24.7856
ITC33 1995 03 3 675.663
ITC33 1995 04 3 235.537
ITC33 1995 05 4 4.37525
ITC33 1995 06 4 7.26468
ITC33 1995 07 4 46.4974
ITC33 1995 08 4 53.7766
ITC33 1995 09 4 16.5446
ITC33 1995 10 4 7.34671
ITC33 1995 11 4 116.22
ITC33 1995 12 4 11.7513
ITC33 1997 01 4 100.745
ITC33 1997 02 85 1156.51
ITC33 1997 03 134 1529.49
ITC33 1997 04 134 391.327
ITC33 1997 05 134 5.55657
ITC33 1997 07 3 2.37861
ITC33 1997 08 3 19.6607
ITC33 1997 09 3 108.002
ITC33 1997 10 3 5.51763
ITC33 1997 11 4 1.85262
ITC33 1997 12 4 3.99691
ITC33 1998 01 4 31.7773
ITC33 1998 02 4 990.652
ITC33 1998 03 4 466.763
ITC33 1998 04 4 12.6403
ITC33 1998 05 2 1.4596
ITC33 1998 06 4 4.83488
ITC33 1998 07 4 67.3153
ITC33 1998 08 4 149.968
ITC33 1998 09 5 13.8429
ITC33 1998 10 2 0.00953908
ITC33 1998 11 2 38.5645
ITC33 1998 12 2 78.4068
ITC33 1999 01 2 237.457
ITC33 1999 02 2 1254.09
ITC33 1999 03 2 217.699
ITC33 1999 04 2 44.7292
ITC33 1999 05 5 2.1105
ITC33 1999 06 2 2.27754
ITC33 1999 07 2 281.317
ITC33 1999 08 4 5.2196
ITC33 1999 09 4 33.9879
ITC33 1999 10 2 4.35624
ITC33 1999 11 3 0.81886
ITC33 1999 12 3 4.90315
ITC33 2000 01 3 23.3393
ITC33 2000 02 3 398.39
ITC33 2000 03 3 918.163
ITC33 2000 04 5 10.5415
ITC33 2000 05 5 4.18119
ITC33 2000 07 5 23.9574
ITC33 2000 08 5 10.4096
ITC33 2000 09 5 90.4605
ITC33 2001 01 3 8.45029
ITC33 2001 02 3 178.323
ITC33 2001 04 3 6.30012
ITC33 2001 05 2 1.6675
ITC33 2001 06 2 10.4656
ITC33 2001 07 2 32.5985
ITC33 2001 08 2 194.59
ITC33 2001 09 2 8.0907
ITC33 2001 11 4 1.50725
ITC33 2001 12 4 448.983
ITC33 2002 01 4 419.683
ITC33 2002 02 4 141.507
ITC33 2002 03 4 1002.47
ITC33 2002 04 4 237.862
ITC33 2002 05 2 1.71961
ITC33 2002 06 3 2.04581
ITC33 2002 07 3 3.41087
ITC33 2002 08 5 3.42238
ITC33 2002 09 2 0.283144
ITC33 2002 10 4 0.19593
ITC33 2002 11 3 0.571024
ITC33 2002 12 5 7.39279
ITC33 2003 01 5 11.0079
ITC33 2003 02 5 1087.33
ITC33 2003 03 5 196.122
ITC33 2003 04 5 33.6446
ITC33 2003 05 5 2.59368
ITC33 2003 06 5 6.88667
ITC33 2003 07 5 221.065
ITC33 2003 08 5 616.65
ITC33 2003 09 5 190.762
ITC33 2003 10 5 271.574
ITC33 2003 12 5 21.1574
ITC33 2004 01 5 0.745613
ITC33 2004 03 4 7.66802
ITC33 2004 04 4 5.05339
ITC33 2004 05 3 1.23475
ITC33 2004 06 3 2.44074
ITC33 2004 07 3 76.6296
ITC33 2004 08 3 18.0901
ITC33 2004 09 3 610.94
ITC33 2004 10 2 0.529416
ITC33 2004 11 2 3.17416
ITC33 2004 12 2 34.1259
ITC33 2005 01 2 120.145
ITC33 2005 02 2 2533.38
ITC33 2005 03 2 9.55393
ITC33 2005 04 2 3.80937
ITC33 2005 05 3 0.453768
ITC33 2005 06 3 3.6846
ITC33 2005 07 3 4.86888
ITC33 2005 08 3 44.2863
ITC33 2005 10 2 0.145348
ITC33 2005 11 2 0.322665
ITC33 2005 12 5 1.54486
ITC33 2006 01 5 115.424
ITC33 2006 02 5 2.28321
ITC33 2006 03 5 67.8155
ITC33 2006 04 5 4.20057
ITC33 2006 05 5 2.7336
ITC33 2006 06 5 47.4701
ITC33 2006 07 5 56.2172
ITC33 2006 08 5 8.05105
ITC33 2006 09 5 3.07283
ITC33 2006 12 5 58.5323
ITC34 1985 01 2 0.147466
ITC34 1985 02 2 35.5698
ITC34 1985 03 2 41.8698
ITC34 1985 04 2 51.3043
ITC34 1985 05 2 5.51233
ITC34 1985 06 2 14.5625
ITC34 1985 07 2 59.4726
ITC34 1985 08 2 137.971
ITC34 1985 09 2 175.281
ITC34 1985 10 2 263.034
ITC34 1985 11 3 53.305
ITC34 1986 01 4 1.26312
ITC34 1986 02 5 2.4309
ITC34 1986 03 5 27.2257
ITC34 1986 04 2 6.59562
ITC34 1986 05 2 86.365
ITC34 1986 06 2 2.80273
ITC34 1986 07 2 30.2589
ITC34 1986 08 2 77.2764
ITC34 1986 09 2 22.5538
ITC34 1986 10 2 112.74
ITC34 1986 11 4 2.74623
ITC34 1986 12 4 87.1372
ITC34 1987 01 4 30.6857
ITC34 1987 02 5 3.86128
ITC34 1987 03 5 182.223
ITC34 1987 04 5 32.7856
ITC34 1987 05 5 4.5153
ITC34 1987 06 2 0.062579
ITC34 1987 07 2 16.7343
ITC34 1987 08 2 16.9445
ITC34 1987 09 2 7.49743
ITC34 1987 10 2 21.6364
ITC34 1987 11 2 0.0282988
ITC34 1988 02 4 0.569578
ITC34 1988 03 4 243.442
ITC34 1988 04 3 8.41176
ITC34 1988 07 3 2.04935
ITC34 1988 08 3 107.062
ITC34 1988 09 3 38.715
ITC34 1988 10 3 2.16788
ITC34 1988 11 3 3.67823
ITC34 1988 12 3 314.503
ITC34 1989 01 3 409.303
ITC34 1989 02 3 224.893
ITC34 1989 03 3 28.5097
ITC34 1989 05 3 2.78141
ITC34 1989 06 3 0.169579
ITC34 1989 07 3 45.6948
ITC34 1989 08 3 63.5453
ITC34 1989 09 2 0.424602
ITC34 1989 10 2 8.40602
ITC34 1989 11 5 28.0379
ITC34 1989 12 3 3.4608
ITC34 1990 01 3 43.5094
ITC34 1990 02 3 69.4596
ITC34 1990 03 3 144.155
ITC34 1990 04 4 14.8379
ITC34 1990 05 4 44.312
ITC34 1990 06 4 3.10665
ITC34 1990 07 4 234.798
ITC34 1990 08 4 295.534
ITC34 1990 09 4 10.3132
ITC34 1990 12 2 0.0700936
ITC34 1991 01 2 79.3341
ITC34 1991 02 2 84.4638
ITC34 1991 03 2 36.4742
ITC34 1991 04 2 51.4229
ITC34 1991 05 2 0.288178
ITC34 1991 06 5 4.39089
ITC34 1991 07 5 19.0567
ITC34 1991 08 5 41.3198
ITC34 1991 09 5 151.006
ITC34 1991 12 5 21.0218
ITC34 1992 01 5 34.2538
ITC34 1992 02 5 113.524
ITC34 1992 03 5 220.599
ITC34 1992 04 5 95.1241
ITC34 1992 05 5 7.6771
ITC34 1992 07 2 0.0238764
ITC34 1992 08 2 5.30691
ITC34 1992 09 2 3.35824
ITC34 1992 12 2 6.29439
ITC34 1993 01 2 47.532
ITC34 1993 02 2 269.309
ITC34 1993 03 2 22.2069
ITC34 1993 04 2 0.25116
ITC34 1993 05 3 0.239065
ITC34 1993 06 4 2.16149
ITC34 1993 07 4 16.4362
ITC34 1993 08 4 1153.94
ITC34 1993 09 4 3.67747
ITC34 1993 11 2 3.78719
ITC34 1994 01 2 102.907
ITC34 1994 02 2 7.60944
ITC34 1994 03 4 3.78779
ITC34 1994 06 4 2.20292
ITC34 1994 07 4 9.23456
ITC34 1994 08 4 139.191
ITC34 1994 09 5 2.45513
ITC34 1994 10 4 1.04713
ITC34 1995 01 4 10.1797
ITC34 1995 02 2 1.74276
ITC34 1995 03 2 79.6574
ITC34 1995 04 2 11.7099
ITC34 1995 05 2 0.10056
ITC34 1995 07 5 1.7684
ITC34 1995 08 5 2.79877
ITC34 1995 09 4 3.75501
ITC34 1995 10 2 0.142736
ITC34 1995 11 4 5.26898
ITC34 1995 12 4 9.75459
ITC34 1997 01 4 12.0154
ITC34 1997 02 4 20.2116
ITC34 1997 03 4 288.757
ITC34 1997 04 4 57.8579
ITC34 1997 05 2 34.6484
ITC34 1997 07 4 0.109049
ITC34 1997 08 4 12.8239
ITC34 1997 09 4 17.5887
ITC34 1997 10 4 13.3319
ITC34 1998 02 4 355.39
ITC34 1998 03 4 12.6607
ITC34 1998 04 3 1.19018
ITC34 1998 05 3 1.46765
ITC34 1998 06 2 0.316304
ITC34 1998 07 2 317.749
ITC34 1998 08 2 556.632
ITC34 1998 09 5 4.40881
ITC34 1998 10 3 0.277248
ITC34 1998 12 4 9.44636
ITC34 1999 01 4 16.6258
ITC34 1999 02 5 16.6802
ITC34 1999 03 3 4.31474
ITC34 1999 04 2 2.38075
ITC34 1999 05 2 0.0369081
ITC34 1999 06 2 6.82914
ITC34 1999 07 2 419.671
ITC34 1999 08 2 6.84674
ITC34 1999 09 2 28.5416
ITC34 1999 10 3 0.58982
ITC34 2000 01 4 62.318
ITC34 2000 02 4 58.3113
ITC34 2000 03 4 4.2232
ITC34 2000 05 4 10.5117
ITC34 2000 06 4 15.4726
ITC34 2000 07 4 10.1437
ITC34 2000 08 4 15.1053
ITC34 2000 09 4 6.4339
ITC34 2001 02 4 11.5151
ITC34 2001 04 2 0.0937226
ITC34 2001 06 5 0.564613
ITC34 2001 07 5 7.99556
ITC34 2001 08 5 49.4547
ITC34 2001 09 4 1.0114
ITC34 2001 11 2 0.100662
ITC34 2001 12 2 63.7897
ITC34 2002 01 4 1.24528
ITC34 2002 02 3 0.209524
ITC34 2002 03 3 151.051
ITC34 2002 04 3 40.4432
ITC34 2002 06 3 1.66172
ITC34 2002 07 4 0.610855
ITC34 2002 11 3 2.46204
ITC34 2003 02 3 87.1907
ITC34 2003 03 3 11.1719
ITC34 2003 04 4 1.07983
ITC34 2003 05 4 7.0204
ITC34 2003 06 5 2.51554
ITC34 2003 07 5 22.842
ITC34 2003 08 5 33.1121
ITC34 2003 09 5 7.01094
ITC34 2003 10 4 0.564864
ITC34 2004 03 3 0.0149156
ITC34 2004 04 2 0.0416711
ITC34 2004 05 4 1.24679
ITC34 2004 06 5 1.06268
ITC34 2004 07 5 173.433
ITC34 2004 08 5 14.802
ITC34 2004 09 5 41.1156
ITC34 2004 12 2 0.321032
ITC34 2005 01 2 88.4936
ITC34 2005 02 5 27.324
ITC34 2005 03 5 3.37383
ITC34 2005 04 2 0.72942
ITC34 2005 05 3 0.35331
ITC34 2005 06 3 0.0240089
ITC34 2005 07 3 25.9433
ITC34 2005 08 3 6.22836
ITC34 2005 09 2 0.0323616
ITC34 2006 01 3 0.26579
ITC34 2006 03 4 1.1775
ITC34 2006 04 3 0.526044
ITC34 2006 05 4 0.524364
ITC34 2006 06 4 225.184
ITC34 2006 07 4 105.205
ITC34 2006 08 4 0.105317
ITC34 2006 09 4 2.26135
ITC34 2006 10 2 0.00680412
ITC34 2006 12 2 0.81421
ITC41 1985 01 2 0.349047
ITC41 1985 03 2 2.04703
ITC41 1985 04 2 110.399
ITC41 1985 05 2 21.5065
ITC41 1985 06 2 0.67048
ITC41 1985 10 3 2.18225
ITC41 1986 01 3 1.2733
ITC41 1986 03 3 45.1762
ITC41 1986 04 3 22.2673
ITC41 1986 10 3 23.3235
ITC41 1986 11 3 20.0905
ITC41 1986 12 3 19.6817
ITC41 1987 01 3 128.377
ITC41 1987 03 3 40.6218
ITC41 1987 04 3 72.507
ITC41 1987 05 3 30.9638
ITC41 1987 11 3 20.301
ITC41 1988 02 3 114.821
ITC41 1988 03 3 232.852
ITC41 1988 04 3 7.22285
ITC41 1988 11 3 7.93149
ITC41 1988 12 3 372.215
ITC41 1989 01 3 33.9857
ITC41 1989 02 3 336.22
ITC41 1989 03 3 78.8731
ITC41 1989 05 2 3.47976
ITC41 1989 08 2 1.78189
ITC41 1989 12 2 1.04079
ITC41 1990 01 2 10.8331
ITC41 1990 02 2 203.446
ITC41 1990 03 2 691.803
ITC41 1990 04 5 102.837
ITC41 1990 05 4 3.35195
ITC41 1990 07 3 5.80919
ITC41 1990 09 2 0.129399
ITC41 1991 03 3 2.18856
ITC41 1991 04 3 2.13295
ITC41 1991 05 3 43.6526
ITC41 1991 06 3 3.42707
ITC41 1991 07 3 37.9216
ITC41 1991 08 5 9.29171
ITC41 1991 09 5 7.48737
ITC41 1991 12 5 156.994
ITC41 1992 01 4 3.3612
ITC41 1992 02 4 61.2045
ITC41 1992 03 4 43.1089
ITC41 1992 04 4 367.371
ITC41 1992 05 4 2.758
ITC41 1992 08 2 0.0458721
ITC41 1992 11 5 4.14032
ITC41 1993 01 3 3.49509
ITC41 1993 02 3 133.846
ITC41 1993 03 3 127.196
ITC41 1993 04 4 1.81407
ITC41 1993 08 4 0.973092
ITC41 1993 12 3 7.09329
ITC41 1994 02 2 0.0285544
ITC41 1994 03 2 42.6411
ITC41 1994 04 2 22.9173
ITC41 1994 05 4 3.67575
ITC41 1994 07 4 2.77976
ITC41 1994 08 3 0.715559
ITC41 1994 11 2 0.418313
ITC41 1994 12 5 58.4835
ITC41 1995 01 3 1.56151
ITC41 1995 03 3 112.418
ITC41 1995 04 3 444.842
ITC41 1995 11 3 3.16184
ITC41 1996 04 3 46.8225
ITC41 1996 06 2 0.394107
ITC41 1997 02 2 82.0655
ITC41 1997 03 2 123.527
ITC41 1997 04 2 112.719
ITC41 1997 05 2 0.879432
ITC41 1997 10 3 1.65982
ITC41 1998 02 3 103.482
ITC41 1998 03 3 168.196
ITC41 1998 04 3 0.689912
ITC41 1998 11 5 28.8298
ITC41 1999 01 5 307.345
ITC41 1999 02 5 249.49
ITC41 1999 03 4 8.67701
ITC41 1999 04 4 19.4965
ITC41 2000 01 4 12.1587
ITC41 2000 02 4 180.725
ITC41 2000 03 4 76.7246
ITC41 2001 02 4 27.5581
ITC41 2001 04 4 36.4627
ITC41 2001 12 4 262.491
ITC41 2002 01 4 5.84054
ITC41 2002 02 3 56.0326
ITC41 2002 03 3 28.2564
ITC41 2002 04 4 4.42781
ITC41 2002 10 2 0.0825689
ITC41 2003 01 3 0.406218
ITC41 2003 03 3 192.836
ITC41 2003 04 3 25.6509
ITC41 2003 10 2 0.0624114
ITC41 2003 12 3 1.38278
ITC41 2004 01 2 0.241042
ITC41 2004 02 4 2.68376
ITC41 2004 03 4 2.90372
ITC41 2004 04 4 2.39389
ITC41 2004 06 2 9.7568
ITC41 2004 07 2 3.37531
ITC41 2004 09 2 114.548
ITC41 2004 11 3 6.08745
ITC41 2005 01 2 52.1476
ITC41 2005 02 2 15.167
ITC41 2005 03 2 17.0082
ITC41 2005 05 4 0.332123
ITC41 2005 12 2 0.0500055
ITC41 2006 01 2 0.0861424
ITC41 2006 02 2 0.096044
ITC41 2006 03 2 1.00684
ITC41 2006 04 2 27.7621
ITC41 2006 05 4 1.55926
ITC41 2006 06 4 5.53815
ITC41 2006 07 3 32.2185
ITC41 2006 08 3 0.445981
ITC42 1985 01 5 50.6216
ITC42 1985 02 3 14.1939
ITC42 1985 03 3 9.72783
ITC42 1985 04 3 823.105
ITC42 1985 05 3 36.686
ITC42 1985 07 2 4.42472
ITC42 1985 08 2 0.73242
ITC42 1985 10 3 60.351
ITC42 1985 11 2 2.11492
ITC42 1985 12 2 88.3177
ITC42 1986 01 2 87.4189
ITC42 1986 03 2 45.2522
ITC42 1986 04 5 16.3066
ITC42 1986 05 4 52.1878
ITC42 1986 07 2 1.57668
ITC42 1986 10 3 26.4532
ITC42 1986 11 3 162.877
ITC42 1986 12 3 530.134
ITC42 1987 01 3 1119.48
ITC42 1987 02 3 7.91021
ITC42 1987 03 3 641.157
ITC42 1987 04 3 462.427
ITC42 1987 05 5 27.0821
ITC42 1987 11 2 3.86409
ITC42 1987 12 5 6.55735
ITC42 1988 01 2 6.55296
ITC42 1988 02 2 133.126
ITC42 1988 03 2 387.966
ITC42 1988 04 5 10.3078
ITC42 1988 08 2 27.9016
ITC42 1988 11 2 12.1435
ITC42 1988 12 2 721.68
ITC42 1989 01 2 712.376
ITC42 1989 02 2 1201.07
ITC42 1989 03 2 86.8897
ITC42 1989 05 2 128.679
ITC42 1989 06 2 5.53965
ITC42 1989 07 2 0.96199
ITC42 1989 08 3 5.76743
ITC42 1989 09 2 2.3081
ITC42 1989 10 2 60.0735
ITC42 1989 11 2 69.5717
ITC42 1989 12 2 747.31
ITC42 1990 01 2 651.793
ITC42 1990 02 2 442.247
ITC42 1990 03 2 1702.89
ITC42 1990 04 2 23.4816
ITC42 1990 05 4 12.5029
ITC42 1990 08 2 0.890931
ITC42 1990 10 2 11.5239
ITC42 1991 01 2 4.11276
ITC42 1991 02 4 17.3693
ITC42 1991 03 4 148.675
ITC42 1991 04 4 82.7682
ITC42 1991 05 4 291.902
ITC42 1991 06 3 11.4278
ITC42 1991 07 3 2.58266
ITC42 1991 08 3 39.9202
ITC42 1991 09 3 75.8442
ITC42 1991 12 3 333.646
ITC42 1992 01 3 116.808
ITC42 1992 02 3 56.9328
ITC42 1992 03 3 520.597
ITC42 1992 04 3 14.497
ITC42 1992 05 3 4.75621
ITC42 1992 08 2 0.136479
ITC42 1992 11 3 15.8806
ITC42 1992 12 3 1.98779
ITC42 1993 01 3 10.9845
ITC42 1993 02 3 551.784
ITC42 1993 03 3 409.568
ITC42 1993 04 3 42.5555
ITC42 1993 07 2 0.839868
ITC42 1993 08 3 1.56961
ITC42 1993 09 2 0.499048
ITC42 1993 12 4 3.27574
ITC42 1994 01 4 5.44908
ITC42 1994 02 2 0.69392
ITC42 1994 03 2 191.341
ITC42 1994 04 2 11.1004
ITC42 1994 05 5 28.0398
ITC42 1994 07 2 0.943266
ITC42 1994 11 2 284.976
ITC42 1994 12 2 1734.9
ITC42 1995 01 2 80.0847
ITC42 1995 02 3 20.0808
ITC42 1995 03 3 373.264
ITC42 1995 04 3 168.638
ITC42 1995 05 5 69.8869
ITC42 1995 06 2 9.63603
ITC42 1995 11 2 70.5501
ITC42 1996 03 3 4.39281
ITC42 1996 04 3 586.443
ITC42 1996 06 2 2.54727
ITC42 1996 11 2 2.98336
ITC42 1997 02 2 119.865
ITC42 1997 03 2 1212.2
ITC42 1997 04 2 723.54
ITC42 1997 08 2 2.10474
ITC42 1997 10 3 2.97138
ITC42 1998 02 3 71.917
ITC42 1998 03 3 777.401
ITC42 1998 04 3 2.31055
ITC42 1998 05 5 4.04074
ITC42 1999 01 5 3.39412
ITC42 1999 02 5 177.113
ITC42 1999 03 5 52.0172
ITC42 1999 04 5 81.6028
ITC42 2000 01 5 3.55894
ITC42 2000 02 5 119.827
ITC42 2000 03 5 1102.21
ITC42 2001 02 5 12.9456
ITC42 2001 03 5 36.1529
ITC42 2001 04 5 203.539
ITC42 2001 05 2 14.7303
ITC42 2001 11 4 33.1694
ITC42 2001 12 4 1354.3
ITC42 2002 01 4 315.561
ITC42 2002 02 4 10.3581
ITC42 2002 03 4 529.218
ITC42 2002 04 4 235.51
ITC42 2002 05 2 3.0795
ITC42 2002 11 2 36.3928
ITC42 2002 12 2 2.31558
ITC42 2003 01 3 1.1943
ITC42 2003 02 2 0.0588245
ITC42 2003 03 2 88.952
ITC42 2003 04 2 137.496
ITC42 2003 05 5 29.7733
ITC42 2003 06 2 0.077615
ITC42 2003 12 4 24.0835
ITC42 2004 02 4 57.2379
ITC42 2004 03 3 16.7473
ITC42 2004 04 3 209.03
ITC42 2004 05 5 22.4925
ITC42 2004 06 4 7.11109
ITC42 2004 07 2 2.08722
ITC42 2004 09 2 0.649512
ITC42 2005 01 5 9.24512
ITC42 2005 02 5 75.9287
ITC42 2005 03 5 113.54
ITC42 2005 04 5 48.2423
ITC42 2005 05 5 16.7048
ITC42 2005 06 3 1.33782
ITC42 2005 08 3 2.89002
