ITE22 1985 10 3 703.597
ITE22 1986 04 3 8.60941
ITE22 1986 05 3 5.38741
ITE22 1986 06 2 2.65048
ITE22 1986 07 2 0.0989937
ITE22 1986 08 2 241.285
ITE22 1986 09 2 4.38846
ITE22 1986 10 4 1.49921
ITE22 1987 01 2 1.3604
ITE22 1987 03 2 19.0798
ITE22 1987 04 2 11.3024
ITE22 1987 05 2 0.348163
ITE22 1987 06 2 0.920183
ITE22 1987 07 2 56.7211
ITE22 1987 08 2 34.3853
ITE22 1988 03 2 2.70746
ITE22 1988 07 4 13.5337
ITE22 1988 08 4 33.2549
ITE22 1988 09 4 47.4006
ITE22 1988 10 3 21.9243
ITE22 1989 01 3 7.12844
ITE22 1989 02 3 151.557
ITE22 1989 03 3 6.49203
ITE22 1989 06 3 3.02146
ITE22 1989 08 3 2.64227
ITE22 1989 12 2 1.23833
ITE22 1990 02 2 0.563944
ITE22 1990 03 2 59.3824
ITE22 1990 05 2 7.39302
ITE22 1990 06 4 3.86084
ITE22 1990 07 4 1068.16
ITE22 1990 08 4 247.076
ITE22 1990 09 2 6.01835
ITE22 1991 03 2 11.3647
ITE22 1991 07 2 245.56
ITE22 1991 08 2 104.213
ITE22 1991 09 4 7.97657
ITE22 1992 02 2 1.0124
ITE22 1992 03 2 0.148524
ITE22 1992 08 2 20.7646
ITE22 1992 09 2 5.93469
ITE22 1993 02 2 0.0258435
ITE22 1993 03 2 1.229
ITE22 1993 04 3 3.62131
ITE22 1993 05 3 2.9312
ITE22 1993 06 2 0.898668
ITE22 1993 07 2 231.082
ITE22 1993 08 2 947.603
ITE22 1993 09 3 4.89381
ITE22 1994 02 2 2.69184
ITE22 1994 03 3 4.13174
ITE22 1994 07 4 6.67027
ITE22 1994 08 4 266.589
ITE22 1994 09 4 36.7868
ITE22 1995 01 2 0.490929
ITE22 1995 04 3 7.38811
ITE22 1995 06 3 6.89881
ITE22 1995 07 3 49.1148
ITE22 1995 08 3 12.7782
ITE22 1996 02 3 4.67216
ITE22 1996 03 3 18.2164
ITE22 1996 04 2 4.564
ITE22 1996 07 4 4.4171
ITE22 1996 08 3 6.97088
ITE22 1997 03 4 10.6726
ITE22 1997 04 4 5.80921
ITE22 1997 07 2 2.38048
ITE22 1997 08 2 35.4764
ITE22 1997 10 2 5.28095
ITE22 1998 03 3 3.36273
ITE22 1998 07 3 155.8
ITE22 1998 08 3 85.529
ITE22 1999 03 2 2.94998
ITE22 1999 04 2 6.02333
ITE22 1999 05 2 2.06635
ITE22 1999 06 2 0.533743
ITE22 1999 07 2 188.756
ITE22 1999 08 2 41.0474
ITE22 1999 09 3 13.3578
ITE22 2000 06 3 17.7159
ITE22 2000 07 4 2.53139
ITE22 2000 08 4 56.1379
ITE22 2001 03 2 1.95492
ITE22 2001 06 2 0.208301
ITE22 2001 07 2 50.063
ITE22 2001 08 2 57.9845
ITE22 2001 09 2 189.022
ITE22 2002 03 2 10.126
ITE22 2002 07 2 0.0118192
ITE22 2003 03 5 18.9422
ITE22 2003 04 2 1.88966
ITE22 2003 06 2 1.45897
ITE22 2003 07 2 20.8878
ITE22 2003 08 2 289.426
ITE22 2003 09 2 2.18265
ITE22 2003 12 2 1.1801
ITE22 2004 07 2 5.04
ITE22 2004 08 2 6.64082
ITE22 2004 09 5 2.60012
ITE22 2005 02 2 0.382953
ITE22 2005 03 2 3.93127
ITE22 2005 04 3 1.47995
ITE22 2005 05 2 0.280592
ITE22 2005 06 3 0.572746
ITE22 2005 07 3 75.8891
ITE22 2005 08 3 3.79591
ITE22 2006 03 2 0.406082
ITE22 2006 04 3 2.21977
ITE22 2006 05 2 2.49859
ITE22 2006 06 2 6.43629
ITE22 2006 07 2 34.372
ITE22 2006 08 2 0.028883
ITE22 2006 09 2 4.29373
ITE31 1985 04 3 1.26102
ITE31 1985 05 2 5.04239
ITE31 1985 07 5 74.954
ITE31 1985 08 5 269.653
ITE31 1985 09 5 16.7017
ITE31 1985 10 5 58.2377
ITE31 1986 03 4 16.5288
ITE31 1986 04 4 19.2391
ITE31 1986 08 4 50.822
ITE31 1986 09 4 6.32203
ITE31 1986 10 2 0.829305
ITE31 1987 02 3 18.9962
ITE31 1987 03 3 157.874
ITE31 1987 04 3 37.0666
ITE31 1987 05 4 5.28291
ITE31 1987 07 4 6.7357
ITE31 1987 08 4 24.1102
ITE31 1987 09 3 4.15968
ITE31 1988 01 2 0.109319
ITE31 1988 03 3 3.19683
ITE31 1988 04 3 1.15123
ITE31 1988 07 3 5.11346
ITE31 1988 08 3 98.0891
ITE31 1988 09 3 76.9124
ITE31 1988 10 3 0.592099
ITE31 1988 12 3 33.0442
ITE31 1989 01 3 35.8635
ITE31 1989 02 3 136.765
ITE31 1989 03 3 59.9078
ITE31 1989 04 3 15.0181
ITE31 1989 05 4 1.10686
ITE31 1989 07 2 0.962816
ITE31 1989 08 2 1.5102
ITE31 1989 10 2 1.20114
ITE31 1990 01 2 3.89244
ITE31 1990 02 2 10.4336
ITE31 1990 03 2 34.2714
ITE31 1990 05 3 1.23204
ITE31 1990 06 4 4.37915
ITE31 1990 07 4 138.461
ITE31 1990 08 4 15.9286
ITE31 1990 09 3 4.87889
ITE31 1991 02 2 3.86324
ITE31 1991 03 5 12.9969
ITE31 1991 05 3 1.49791
ITE31 1991 06 2 0.462551
ITE31 1991 07 2 0.234467
ITE31 1991 08 4 1.33975
ITE31 1991 09 2 0.21155
ITE31 1992 01 3 0.439551
ITE31 1992 02 3 10.8387
ITE31 1992 03 3 26.3271
ITE31 1992 04 2 0.623095
ITE31 1992 07 2 0.73106
ITE31 1992 08 2 39.6801
ITE31 1992 09 2 21.3655
ITE31 1993 02 2 14.0258
ITE31 1993 03 2 33.0169
ITE31 1993 04 3 0.662102
ITE31 1993 05 2 0.609754
ITE31 1993 06 3 0.162993
ITE31 1993 07 3 26.7967
ITE31 1993 08 3 915.085
ITE31 1993 09 2 5.86059
ITE31 1994 03 2 13.3777
ITE31 1994 05 2 0.911309
ITE31 1994 07 2 17.2417
ITE31 1994 08 2 37.8358
ITE31 1994 09 2 3.41103
ITE31 1994 12 2 1.63527
ITE31 1995 01 4 5.57741
ITE31 1995 02 4 7.43013
ITE31 1995 03 4 17.4336
ITE31 1995 04 2 0.217134
ITE31 1995 05 2 0.260886
ITE31 1995 07 2 5.55517
ITE31 1995 08 5 7.90708
ITE31 1995 10 3 0.731133
ITE31 1996 01 2 2.4418
ITE31 1996 02 3 1.69218
ITE31 1996 04 5 8.18721
ITE31 1996 05 2 0.522468
ITE31 1996 06 2 6.6691
ITE31 1997 03 2 36.1895
ITE31 1997 04 4 1.55585
ITE31 1997 09 3 21.2307
ITE31 1997 10 4 10.9853
ITE31 1998 01 2 0.369269
ITE31 1998 03 3 1.52254
ITE31 1998 07 3 42.3015
ITE31 1998 08 3 22.4987
ITE31 1998 09 2 6.74798
ITE31 1998 12 2 3.12531
ITE31 1999 02 2 1.19185
ITE31 1999 03 2 3.89832
ITE31 1999 04 2 0.241872
ITE31 1999 08 4 9.13273
ITE31 2000 03 2 0.130485
ITE31 2000 05 2 0.882918
ITE31 2000 06 2 2.13485
ITE31 2000 08 2 21.8781
ITE31 2000 09 5 5.65878
ITE31 2001 03 2 1.01039
ITE31 2001 07 2 42.2295
ITE31 2001 08 2 76.1212
ITE31 2001 09 2 0.53892
ITE31 2001 10 2 0.774674
ITE31 2002 02 2 2.96735
ITE31 2002 03 2 15.016
ITE31 2002 04 2 0.0443649
ITE31 2003 02 2 17.2511
ITE31 2003 03 2 20.4041
ITE31 2003 04 2 3.32191
ITE31 2003 05 2 0.0117704
ITE31 2003 06 5 23.1901
ITE31 2003 07 5 16.1196
ITE31 2003 08 5 38.6566
ITE31 2003 09 2 3.68557
ITE31 2003 10 2 1.31505
ITE31 2004 02 3 1.23161
ITE31 2004 03 5 2.59852
ITE31 2004 07 2 0.34204
ITE31 2004 08 2 20.0988
ITE31 2004 09 2 2.10297
ITE31 2005 01 2 0.429708
ITE31 2005 03 4 6.05262
ITE31 2005 04 4 0.92142
ITE31 2005 07 4 20.2832
ITE31 2006 01 2 10.4497
ITE31 2006 04 2 0.152968
ITE31 2006 06 2 0.265136
ITE31 2006 07 3 1.24186
ITE31 2006 09 3 3.64891
ITE32 1985 04 2 8.93515
ITE32 1985 06 2 1.02533
ITE32 1985 07 2 385.114
ITE32 1985 08 2 452.504
ITE32 1985 09 2 67.906
ITE32 1985 10 2 22.2467
ITE32 1986 04 2 11.9704
ITE32 1986 08 2 2.8646
ITE32 1986 09 2 3.37884
ITE32 1986 10 2 1.88988
ITE32 1987 02 2 0.634061
ITE32 1987 03 2 46.472
ITE32 1987 04 3 5.29475
ITE32 1987 07 3 83.7387
ITE32 1987 08 3 63.0395
ITE32 1987 09 2 3.27447
ITE32 1988 03 3 3.86355
ITE32 1988 07 4 3.94387
ITE32 1988 08 4 177.998
ITE32 1988 09 4 6.96642
ITE32 1989 01 4 18.8241
ITE32 1989 02 4 39.6118
ITE32 1989 03 3 2.02226
ITE32 1989 05 2 0.102253
ITE32 1989 06 4 0.79853
ITE32 1989 07 2 3.53584
ITE32 1989 08 2 0.285817
ITE32 1989 11 2 0.779093
ITE32 1990 01 3 2.68367
ITE32 1990 02 5 1.47789
ITE32 1990 03 5 26.3263
ITE32 1990 06 4 1.60419
ITE32 1990 07 4 16.0814
ITE32 1990 08 4 27.3032
ITE32 1990 09 4 2.8168
ITE32 1991 02 2 1.14007
ITE32 1991 03 4 1.55074
ITE32 1991 07 2 6.39878
ITE32 1991 08 2 28.0909
ITE32 1991 09 2 0.265176
ITE32 1991 11 2 0.133936
ITE32 1992 01 2 2.33158
ITE32 1992 02 2 9.53107
ITE32 1992 03 4 18.5912
ITE32 1992 07 3 0.90656
ITE32 1992 08 3 151.548
ITE32 1992 09 3 38.2533
ITE32 1993 02 2 0.0266602
ITE32 1993 03 2 1.97824
ITE32 1993 04 4 2.9106
ITE32 1993 06 4 25.1512
ITE32 1993 07 4 64.8759
ITE32 1993 08 4 319.093
ITE32 1993 12 3 2.46597
ITE32 1994 01 2 1.33536
ITE32 1994 03 2 8.71927
ITE32 1994 06 4 4.68295
ITE32 1994 07 4 0.152515
ITE32 1994 08 4 352.153
ITE32 1994 09 4 2.88803
ITE32 1995 01 3 2.33376
ITE32 1995 04 2 0.0180331
ITE32 1995 07 5 5.56712
ITE32 1995 08 2 0.00874215
ITE32 1996 02 2 1.88768
ITE32 1996 04 4 3.90506
ITE32 1996 06 4 2.50927
ITE32 1997 02 3 1.93076
ITE32 1997 03 3 0.96256
ITE32 1997 06 3 1.28295
ITE32 1997 08 2 0.350222
ITE32 1997 09 2 1.75242
ITE32 1997 10 2 0.396345
ITE32 1998 02 4 0.420529
ITE32 1998 07 5 33.5214
ITE32 1998 08 5 283.083
ITE32 1998 09 4 14.454
ITE32 1999 01 2 0.078952
ITE32 1999 02 2 0.167676
ITE32 1999 04 2 0.417165
ITE32 2000 01 2 1.35269
ITE32 2000 02 2 5.68224
ITE32 2000 03 3 1.81067
ITE32 2000 07 3 3.8525
ITE32 2000 08 3 152.202
ITE32 2001 06 5 10.3583
ITE32 2001 07 5 8.90966
ITE32 2001 08 5 142.539
ITE32 2001 09 4 1.64798
ITE32 2002 03 3 1.16598
ITE32 2002 04 2 0.147453
ITE32 2002 06 2 0.0973947
ITE32 2002 07 2 7.07284
ITE32 2003 01 2 0.248092
ITE32 2003 07 5 19.2833
ITE32 2003 08 5 23.5875
ITE32 2004 04 2 0.0746125
ITE32 2004 05 2 0.0443589
ITE32 2004 07 2 3.58368
ITE32 2004 08 2 7.91013
ITE32 2005 03 2 0.176067
ITE32 2005 05 2 0.24118
ITE32 2005 08 2 0.149261
ITE32 2006 06 3 0.499673
ITE32 2006 07 3 37.6301
ITE33 1985 02 2 2.33736
ITE33 1985 04 4 12.3323
ITE33 1985 07 4 221.018
ITE33 1985 08 4 270.267
ITE33 1985 09 4 83.0244
ITE33 1985 10 4 163.149
ITE33 1985 12 2 11.6505
ITE33 1986 04 2 33.7391
ITE33 1986 08 3 15.1774
ITE33 1986 12 3 4.08609
ITE33 1987 03 5 34.3559
ITE33 1987 04 5 67.7295
ITE33 1987 05 2 5.94975
ITE33 1987 07 5 11.1989
ITE33 1987 08 5 18.5667
ITE33 1987 09 5 36.601
ITE33 1988 02 2 2.27882
ITE33 1988 03 4 2.38039
ITE33 1988 04 3 1.18115
ITE33 1988 07 5 0.947595
ITE33 1988 08 5 193.838
ITE33 1988 09 4 13.2623
ITE33 1988 10 2 9.04248
ITE33 1989 01 2 13.8279
ITE33 1989 02 2 22.7784
ITE33 1989 03 2 9.2452
ITE33 1989 04 4 4.28472
ITE33 1989 05 2 0.408379
ITE33 1989 12 4 9.6634
ITE33 1990 01 3 3.48353
ITE33 1990 02 5 8.13755
ITE33 1990 03 4 11.3108
ITE33 1990 07 4 12.4593
ITE33 1990 08 4 10.5696
ITE33 1990 09 4 2.82312
ITE33 1990 10 2 0.535975
ITE33 1991 03 2 0.689785
ITE33 1991 04 2 0.174099
ITE33 1991 05 2 0.196425
ITE33 1991 06 3 0.631877
ITE33 1991 07 4 3.18145
ITE33 1991 08 4 45.2544
ITE33 1991 09 4 26.3702
ITE33 1991 12 2 0.0366603
ITE33 1992 01 2 2.04448
ITE33 1992 02 5 29.2924
ITE33 1992 03 5 3.00834
ITE33 1992 07 2 1.11761
ITE33 1992 08 2 22.0551
ITE33 1992 09 2 66.4084
ITE33 1992 11 2 0.430273
ITE33 1993 02 2 0.300503
ITE33 1993 04 2 0.810438
ITE33 1993 06 2 3.92723
ITE33 1993 07 2 39.3041
ITE33 1993 08 2 948.049
ITE33 1993 09 2 25.6964
ITE33 1993 10 2 7.27355
ITE33 1994 03 2 16.3633
ITE33 1994 04 2 4.21183
ITE33 1994 06 2 2.17658
ITE33 1994 07 3 6.34575
ITE33 1994 08 3 18.1698
ITE33 1994 09 3 0.143846
ITE33 1995 02 2 0.204961
ITE33 1995 03 2 1.07417
ITE33 1995 07 3 16.6777
ITE33 1995 08 2 0.0576165
ITE33 1995 09 2 0.949225
ITE33 1996 03 2 1.81106
ITE33 1996 04 3 1.84631
ITE33 1996 06 3 0.964458
ITE33 1997 01 3 8.09262
ITE33 1997 02 3 0.504837
ITE33 1997 03 3 1.62884
ITE33 1997 04 2 10.0859
ITE33 1997 05 2 0.09346
ITE33 1997 09 3 0.87409
ITE33 1997 10 3 0.700059
ITE33 1998 02 3 21.0512
ITE33 1998 03 4 4.47711
ITE33 1998 04 3 2.04639
ITE33 1998 05 3 9.09207
ITE33 1998 07 4 7.58331
ITE33 1998 08 3 1.69804
ITE33 1998 09 2 19.9051
ITE33 1999 02 2 4.32655
ITE33 1999 03 2 10.3212
ITE33 1999 04 2 0.398428
ITE33 1999 08 3 96.4325
ITE33 2000 07 5 56.8417
ITE33 2000 08 5 112.938
ITE33 2000 09 3 1.55354
ITE33 2001 02 2 2.01836
ITE33 2001 06 3 0.337232
ITE33 2001 07 3 2.31953
ITE33 2001 08 3 110.581
ITE33 2001 09 3 5.44784
ITE33 2002 02 4 3.94277
ITE33 2002 03 3 9.77237
ITE33 2002 04 2 3.8815
ITE33 2002 06 3 2.18718
ITE33 2002 07 3 3.08082
ITE33 2003 03 5 1.29743
ITE33 2003 05 5 4.39714
ITE33 2003 07 5 4.02764
ITE33 2003 08 5 27.504
ITE33 2004 02 2 0.988363
ITE33 2004 07 2 0.357308
ITE33 2004 08 2 50.268
ITE33 2005 06 2 0.119676
ITE33 2005 07 3 0.941555
ITE33 2006 01 2 0.0938049
ITE33 2006 04 2 1.26811
ITE33 2006 07 5 8.10437
ITE33 2006 08 2 0.365316
ITE33 2006 11 2 0.625293
ITE34 1985 04 2 5.56016
ITE34 1985 06 3 4.4522
ITE34 1985 07 3 45.4364
ITE34 1985 08 3 351.753
ITE34 1985 09 3 17.4816
ITE34 1985 10 3 28.7966
ITE34 1985 11 3 1.90115
ITE34 1985 12 2 0.265794
ITE34 1986 04 2 3.47263
ITE34 1986 08 2 32.7832
ITE34 1986 09 2 6.27522
ITE34 1986 10 2 1.93089
ITE34 1986 12 3 5.2916
ITE34 1987 01 3 2.50957
ITE34 1987 02 2 5.10988
ITE34 1987 03 2 40.5018
ITE34 1987 04 2 9.00027
ITE34 1987 07 3 4.10414
ITE34 1987 08 3 111.04
ITE34 1987 09 3 19.4592
ITE34 1988 02 3 1.84319
ITE34 1988 03 3 7.38898
ITE34 1988 07 3 1.45732
ITE34 1988 08 3 18.8799
ITE34 1988 09 3 102.522
ITE34 1988 10 3 39.4649
ITE34 1988 12 3 2.57529
ITE34 1989 01 3 25.7166
ITE34 1989 02 3 142.665
ITE34 1989 03 3 110.992
ITE34 1989 04 4 5.18501
ITE34 1989 05 2 0.3006
ITE34 1989 08 3 0.733854
ITE34 1989 09 2 0.212702
ITE34 1989 12 3 1.67873
ITE34 1990 01 4 8.83825
ITE34 1990 02 4 40.2816
ITE34 1990 03 4 16.5536
ITE34 1990 04 3 0.424
ITE34 1990 05 2 0.364755
ITE34 1990 07 5 8.35198
ITE34 1990 08 2 0.0149123
ITE34 1990 09 3 0.855077
ITE34 1990 10 3 1.70142
ITE34 1991 01 2 2.45517
ITE34 1991 03 2 21.0141
ITE34 1991 04 2 0.478033
ITE34 1991 05 2 0.36652
ITE34 1991 06 2 0.0541007
ITE34 1991 08 2 34.3332
ITE34 1991 09 2 47.4943
ITE34 1992 02 2 13.3771
ITE34 1992 03 2 20.2076
ITE34 1992 04 3 3.64824
ITE34 1992 05 2 0.744468
ITE34 1992 06 2 2.58344
ITE34 1992 07 2 0.728295
ITE34 1992 08 2 21.6696
ITE34 1992 09 2 41.7955
ITE34 1992 10 2 30.5104
ITE34 1992 11 2 0.53219
ITE34 1993 01 4 3.10266
ITE34 1993 02 4 48.1055
ITE34 1993 03 4 8.84565
ITE34 1993 04 3 0.593033
ITE34 1993 06 2 0.545932
ITE34 1993 07 2 20.5006
ITE34 1993 08 2 541.731
ITE34 1993 09 2 57.9147
ITE34 1993 10 2 0.537903
ITE34 1993 11 2 0.56191
ITE34 1993 12 2 0.986605
ITE34 1994 01 2 0.316065
ITE34 1994 03 3 0.501625
ITE34 1994 04 2 0.237155
ITE34 1994 05 4 3.6954
ITE34 1994 06 4 3.33761
ITE34 1994 07 5 2.57461
ITE34 1994 08 5 121.735
ITE34 1994 09 5 12.618
ITE34 1994 10 4 33.7998
ITE34 1995 01 4 5.86152
ITE34 1995 02 2 0.71514
ITE34 1995 03 5 3.0774
ITE34 1995 04 4 0.841422
ITE34 1995 05 5 4.2926
ITE34 1995 06 2 0.0378484
ITE34 1995 07 4 11.177
ITE34 1995 08 5 4.96041
ITE34 1995 09 2 0.281254
ITE34 1996 02 2 2.09028
ITE34 1996 04 4 10.1982
ITE34 1996 05 2 0.2728
ITE34 1996 06 3 0.521339
ITE34 1997 02 3 4.80896
ITE34 1997 03 3 6.83185
ITE34 1997 04 4 2.04502
ITE34 1997 05 2 0.0668855
ITE34 1997 08 4 3.88103
ITE34 1997 09 3 3.9015
ITE34 1997 10 4 9.71194
ITE34 1998 02 3 0.950538
ITE34 1998 03 3 1.57193
ITE34 1998 04 3 25.9501
ITE34 1998 05 2 2.53284
ITE34 1998 07 2 124.841
ITE34 1998 08 4 16.9184
ITE34 1998 09 2 0.0776873
ITE34 1998 11 2 0.124787
ITE34 1999 03 3 2.16
ITE34 1999 04 3 3.80709
ITE34 1999 07 2 3.34103
ITE34 1999 08 2 5.76662
ITE34 2000 02 2 5.5779
ITE34 2000 03 3 2.81505
ITE34 2000 04 5 8.20719
ITE34 2000 06 2 1.06708
ITE34 2000 07 5 50.2324
ITE34 2000 08 5 52.0523
ITE34 2000 09 3 14.6261
ITE34 2001 02 3 2.1793
ITE34 2001 03 5 24.7311
ITE34 2001 07 5 19.2369
ITE34 2001 08 5 44.6235
ITE34 2001 09 5 30.6342
ITE34 2001 10 2 6.77844
ITE34 2002 02 2 2.52314
ITE34 2002 03 2 20.9463
ITE34 2002 04 3 1.70317
ITE34 2002 05 2 1.62154
ITE34 2002 06 4 15.4837
ITE34 2002 07 2 4.23063
ITE34 2002 08 2 2.89624
ITE34 2002 10 2 0.0780607
ITE34 2003 02 2 8.37936
ITE34 2003 03 2 15.3822
ITE34 2003 06 2 3.36335
ITE34 2003 07 2 11.1212
ITE34 2003 08 2 57.1285
ITE34 2003 09 2 1.82411
ITE34 2004 07 3 1.24489
ITE34 2004 08 2 0.575773
ITE34 2004 09 4 2.28553
ITE34 2004 10 3 1.09225
ITE34 2005 04 3 2.0062
ITE34 2005 07 3 4.66767
ITE34 2005 08 3 4.39643
ITE34 2006 02 3 1.94258
ITE34 2006 03 2 0.188511
ITE34 2006 04 4 1.66817
ITE34 2006 05 2 0.112129
ITE34 2006 07 4 9.3604
ITE34 2006 08 3 10.697
ITE34 2006 11 2 0.33047
ITE41 1985 02 2 0.089248
ITE41 1985 03 2 0.911267
ITE41 1985 04 2 23.2445
ITE41 1985 05 2 0.234869
ITE41 1985 06 4 6.48391
ITE41 1985 07 4 422.192
ITE41 1985 08 4 1444.86
ITE41 1985 09 4 314.384
ITE41 1985 10 4 282.808
ITE41 1985 12 2 7.52563
ITE41 1986 03 2 9.31311
ITE41 1986 04 2 0.844726
ITE41 1986 05 2 1.05386
ITE41 1986 07 4 316.776
ITE41 1986 08 4 908.068
ITE41 1986 09 4 41.0378
ITE41 1986 10 2 3.09346
ITE41 1987 03 2 19.6368
ITE41 1987 04 2 37.5728
ITE41 1987 05 3 47.2497
ITE41 1987 06 2 1.20002
ITE41 1987 07 2 4819.98
ITE41 1987 08 2 629.943
ITE41 1987 09 2 214.938
ITE41 1987 10 4 16.736
ITE41 1988 02 2 0.316535
ITE41 1988 03 4 13.0016
ITE41 1988 07 4 160.851
ITE41 1988 08 4 536.823
ITE41 1988 09 4 501.536
ITE41 1988 10 4 107.708
ITE41 1988 12 4 5.63056
ITE41 1989 01 5 23.2721
ITE41 1989 02 5 68.5887
ITE41 1989 03 5 32.5328
ITE41 1989 04 3 3.16436
ITE41 1989 05 2 0.993987
ITE41 1989 07 2 81.7517
ITE41 1989 08 2 37.4687
ITE41 1989 12 3 1.86601
ITE41 1990 01 2 2.95127
ITE41 1990 02 3 7.91338
ITE41 1990 03 3 16.6706
ITE41 1990 04 2 1.48926
ITE41 1990 05 2 6.63425
ITE41 1990 06 5 48.0732
ITE41 1990 07 5 1586.13
ITE41 1990 08 5 1980.89
ITE41 1990 09 3 16.18
ITE41 1991 01 3 0.693541
ITE41 1991 02 4 26.2863
ITE41 1991 03 4 24.8242
ITE41 1991 04 2 0.367153
ITE41 1991 06 4 32.9685
ITE41 1991 07 4 278.262
ITE41 1991 08 4 604.762
ITE41 1991 09 4 81.8401
ITE41 1991 12 2 3.84696
ITE41 1992 01 2 4.03259
ITE41 1992 02 2 1.05379
ITE41 1992 03 2 40.175
ITE41 1992 04 2 8.05193
ITE41 1992 05 3 11.419
ITE41 1992 07 3 136.506
ITE41 1992 08 3 174.378
ITE41 1992 09 3 688.004
ITE41 1993 01 2 1.39185
ITE41 1993 02 2 47.1413
ITE41 1993 03 2 33.4957
ITE41 1993 06 3 2.12606
ITE41 1993 07 3 911.917
ITE41 1993 08 3 2162.29
ITE41 1993 09 3 39.3284
ITE41 1994 02 4 2.28321
ITE41 1994 03 5 3.57712
ITE41 1994 04 2 0.653816
ITE41 1994 05 5 1.64746
ITE41 1994 06 4 21.2929
ITE41 1994 07 4 904.981
ITE41 1994 08 4 946.977
ITE41 1994 09 4 137.803
ITE41 1994 10 3 14.2711
ITE41 1994 12 2 0.129096
ITE41 1995 01 2 0.347743
ITE41 1995 03 2 12.0883
ITE41 1995 04 2 42.3232
ITE41 1995 05 2 0.30981
ITE41 1995 06 5 9.48488
ITE41 1995 07 5 1932.76
ITE41 1995 08 5 31.8352
ITE41 1995 09 2 0.811185
ITE41 1995 11 2 4.59466
ITE41 1996 03 2 17.9674
ITE41 1996 04 2 1.08476
ITE41 1996 06 2 20.7448
ITE41 1996 07 2 229.664
ITE41 1996 08 2 73.3407
ITE41 1997 02 2 0.529644
ITE41 1997 03 2 11.5042
ITE41 1997 04 2 32.6099
ITE41 1997 07 5 10.7343
ITE41 1997 08 5 23.4846
ITE41 1997 09 4 83.1877
ITE41 1998 02 4 3.69488
ITE41 1998 03 4 3.37239
ITE41 1998 04 3 3.47417
ITE41 1998 06 3 1.66728
ITE41 1998 07 3 225.574
ITE41 1998 08 3 250.749
ITE41 1998 09 3 72.6984
ITE41 1999 03 3 28.3459
ITE41 1999 04 3 6.26038
ITE41 1999 06 2 9.30656
ITE41 1999 07 2 240.079
ITE41 1999 08 2 18.5358
ITE41 2000 02 4 1.55169
ITE41 2000 03 4 7.4459
ITE41 2000 06 2 4.1922
ITE41 2000 07 2 351.406
ITE41 2000 08 2 241.617
ITE41 2000 09 2 118.323
ITE41 2001 04 2 6.93286
ITE41 2001 05 2 0.814304
ITE41 2001 07 2 75.6539
ITE41 2001 08 2 525.999
ITE41 2001 09 2 37.6341
ITE41 2001 11 2 1.81749
ITE41 2001 12 3 0.533332
ITE41 2002 01 2 8.72452
ITE41 2002 03 2 39.2589
ITE41 2002 04 2 17.2631
ITE41 2002 06 2 57.5727
ITE41 2002 07 5 338.383
ITE41 2002 08 2 0.0269542
ITE41 2003 03 2 12.6305
ITE41 2003 04 2 1.21577
ITE41 2003 05 2 2.71482
ITE41 2003 06 2 5.91469
ITE41 2003 07 2 61.7353
ITE41 2003 08 2 117.133
ITE41 2003 09 2 66.9788
ITE41 2004 06 2 0.307014
ITE41 2004 07 2 38.6084
ITE41 2004 08 2 121.574
ITE41 2004 09 2 27.0966
ITE41 2005 02 3 0.690124
ITE41 2005 03 3 25.9258
ITE41 2005 04 2 7.07739
ITE41 2005 05 2 1.91433
ITE41 2005 06 3 0.826349
ITE41 2005 07 3 62.0839
ITE41 2005 08 3 22.9083
ITE41 2006 02 3 4.44286
ITE41 2006 04 3 2.13756
ITE41 2006 06 3 7.88432
ITE41 2006 07 3 124.423
ITE41 2006 08 3 25.4336
ITE41 2006 09 5 4.25692
ITE42 1985 02 2 3.92468
ITE42 1985 03 4 9.69578
ITE42 1985 04 4 64.8923
ITE42 1985 05 5 110.57
ITE42 1985 06 2 6.59398
ITE42 1985 07 2 361.088
ITE42 1985 08 2 1011.62
ITE42 1985 09 2 489.05
ITE42 1985 10 2 576.491
ITE42 1985 12 2 4.33632
ITE42 1986 03 5 6.48846
ITE42 1986 04 5 39.2778
ITE42 1986 05 5 17.5469
ITE42 1986 06 2 8.6745
ITE42 1986 08 2 43.8343
ITE42 1986 09 2 4.62412
ITE42 1987 01 2 2.4097
ITE42 1987 02 4 9.32691
ITE42 1987 03 4 151.968
ITE42 1987 04 4 351.115
ITE42 1987 05 3 10.4698
ITE42 1987 06 2 1.87467
ITE42 1987 07 2 120.71
ITE42 1987 08 2 36.2481
ITE42 1987 09 2 99.4468
ITE42 1987 10 5 17.186
ITE42 1988 02 5 8.25415
ITE42 1988 03 5 10.0116
ITE42 1988 04 5 8.10933
ITE42 1988 07 5 124.238
ITE42 1988 08 5 231.146
ITE42 1988 09 5 155.959
ITE42 1988 10 5 18.2149
ITE42 1988 11 2 2.65436
ITE42 1988 12 2 3.30827
ITE42 1989 01 2 257.158
ITE42 1989 02 2 395.984
ITE42 1989 03 2 384.189
ITE42 1989 04 2 94.3143
ITE42 1989 05 4 13.3863
ITE42 1989 08 4 5.2788
ITE42 1989 12 3 4.49659
ITE42 1990 01 3 33.2848
ITE42 1990 02 3 134.783
ITE42 1990 03 3 265.069
ITE42 1990 04 4 34.2084
ITE42 1990 05 2 3.77427
ITE42 1990 06 4 9.37555
ITE42 1990 07 4 1077.14
ITE42 1990 08 4 222.392
ITE42 1990 09 4 92.39
ITE42 1990 11 3 2.55348
ITE42 1990 12 2 0.976234
ITE42 1991 01 2 21.5519
ITE42 1991 02 2 21.7892
ITE42 1991 03 2 152.992
ITE42 1991 04 2 79.1197
ITE42 1991 05 2 0.88115
ITE42 1991 07 2 55.2597
ITE42 1991 08 2 23.8392
ITE42 1991 09 5 36.1974
ITE42 1991 12 4 5.56911
ITE42 1992 01 5 12.5773
ITE42 1992 02 5 60.4228
ITE42 1992 03 5 184.842
ITE42 1992 04 5 21.8435
ITE42 1992 07 3 2.37385
ITE42 1992 08 3 26.7189
ITE42 1992 09 3 78.5915
ITE42 1993 01 3 52.8435
ITE42 1993 02 3 305.352
ITE42 1993 03 3 165.906
ITE42 1993 04 3 36.4892
ITE42 1993 06 3 11.0993
ITE42 1993 07 3 164.329
ITE42 1993 08 85 2239.24
ITE42 1993 09 85 125.939
ITE42 1993 10 2 2.44662
ITE42 1994 02 3 5.56695
ITE42 1994 03 3 312.548
ITE42 1994 04 2 0.875439
ITE42 1994 05 3 32.3818
ITE42 1994 06 4 1.76638
ITE42 1994 07 4 26.3322
ITE42 1994 08 4 445.527
ITE42 1994 09 4 18.2692
ITE42 1994 10 2 2.54044
ITE42 1994 11 3 5.4441
ITE42 1995 01 2 4.72576
ITE42 1995 02 2 37.5553
ITE42 1995 03 2 51.5066
ITE42 1995 04 2 89.3762
ITE42 1995 05 2 4.56348
ITE42 1995 06 4 4.75209
ITE42 1995 07 4 83.7773
ITE42 1995 08 4 3.86373
ITE42 1995 09 2 0.53132
ITE42 1995 10 3 11.8125
ITE42 1996 01 3 0.811494
ITE42 1996 02 3 10.4894
ITE42 1996 03 3 100.938
ITE42 1996 04 3 79.6269
ITE42 1996 06 2 0.188348
ITE42 1996 07 2 101.362
ITE42 1996 08 2 85.5154
ITE42 1996 11 5 25.9323
ITE42 1997 01 4 1.66184
ITE42 1997 02 4 32.4951
ITE42 1997 03 4 265.564
ITE42 1997 04 4 76.9665
ITE42 1997 05 4 11.9202
ITE42 1997 06 3 10.4097
ITE42 1997 07 3 52.2491
ITE42 1997 08 3 102.465
ITE42 1997 09 3 3.49556
ITE42 1997 10 2 2.02802
ITE42 1998 01 3 5.51385
ITE42 1998 02 3 173.88
ITE42 1998 03 3 165.738
ITE42 1998 04 3 41.408
ITE42 1998 06 2 14.2515
ITE42 1998 07 4 14.7097
ITE42 1998 08 4 185.301
ITE42 1998 09 5 49.6228
ITE42 1999 01 2 8.92792
ITE42 1999 03 2 3.75968
ITE42 1999 04 2 6.2251
ITE42 1999 08 2 65.6311
ITE42 1999 09 2 0.503305
ITE42 1999 10 4 6.59128
ITE42 2000 01 3 19.0815
ITE42 2000 02 3 2.00643
ITE42 2000 03 3 36.8866
ITE42 2000 04 2 1.71984
ITE42 2000 06 3 3.65755
ITE42 2000 07 3 40.5636
ITE42 2000 08 3 562.529
ITE42 2000 09 3 88.1927
ITE42 2000 10 2 25.6625
ITE42 2001 02 3 2.16702
ITE42 2001 03 4 11.3762
ITE42 2001 04 3 2.44765
ITE42 2001 06 3 2.76467
ITE42 2001 07 3 593.799
ITE42 2001 08 3 157.027
ITE42 2001 09 5 15.3605
ITE42 2001 10 2 5.79696
ITE42 2001 11 2 3.29901
ITE42 2001 12 2 4.1227
ITE42 2002 01 3 6.71663
ITE42 2002 02 5 19.3704
ITE42 2002 03 5 72.8458
ITE42 2002 04 5 121.819
ITE42 2002 05 2 12.776
ITE42 2002 06 4 6.71336
ITE42 2002 07 2 21.3683
ITE42 2003 02 2 0.890336
ITE42 2003 03 2 35.8782
ITE42 2003 04 2 7.18104
ITE42 2003 05 2 0.278562
ITE42 2003 06 2 0.769512
ITE42 2003 07 2 12.5419
ITE42 2003 08 2 83.936
ITE42 2003 09 2 12.0559
ITE42 2003 12 2 0.50395
ITE42 2004 01 2 2.17446
ITE42 2004 02 2 2.54236
ITE42 2004 07 5 5.44026
ITE42 2004 08 5 13.5807
ITE42 2004 09 5 64.1526
ITE42 2005 01 2 9.7924
ITE42 2005 02 3 2.9526
ITE42 2005 03 4 12.5392
ITE42 2005 04 4 3.45408
ITE42 2005 05 3 0.706868
ITE42 2005 07 3 152.854
ITE42 2005 08 5 46.1894
ITE42 2005 09 2 2.22107
ITE42 2006 01 2 1.05073
ITE42 2006 02 3 1.87579
ITE42 2006 04 4 3.68099
ITE42 2006 07 5 10.7366
ITE42 2006 08 5 6.032
ITE42 2006 09 4 8.34635
ITE42 2006 10 2 0.383809
ITE43 1985 04 3 9.74061
ITE43 1985 05 2 2.88211
ITE43 1985 06 2 22.491
ITE43 1985 07 2 817.354
ITE43 1985 08 2 1036.5
ITE43 1985 09 2 308.296
ITE43 1985 10 2 372.001
ITE43 1985 12 2 2.49129
ITE43 1986 03 3 17.9497
ITE43 1986 04 3 30.1512
ITE43 1986 07 2 8.3832
ITE43 1986 08 2 516.628
ITE43 1986 09 2 209.382
ITE43 1986 12 4 7.94161
ITE43 1987 01 2 1.44072
ITE43 1987 02 3 4.88736
ITE43 1987 03 3 91.0909
ITE43 1987 04 3 64.8926
ITE43 1987 05 2 1.45337
ITE43 1987 07 2 229.708
ITE43 1987 08 2 568.996
ITE43 1987 09 2 178.706
ITE43 1987 10 2 59.4987
ITE43 1988 02 3 4.17552
ITE43 1988 07 3 270.336
ITE43 1988 08 89 883.31
ITE43 1988 09 89 197.487
ITE43 1988 10 89 107.909
ITE43 1988 12 2 5.27523
ITE43 1989 01 2 118.58
ITE43 1989 02 2 51.9048
ITE43 1989 03 2 44.3131
ITE43 1989 04 3 5.36915
ITE43 1989 06 2 1.42865
ITE43 1989 07 2 244.286
