ITD43 1996 12 3 22.5825
ITD43 1997 01 2 0.340732
ITD43 1997 02 3 0.429601
ITD43 1997 03 3 11.1902
ITD43 1997 04 3 0.558379
ITD43 1997 05 3 0.748732
ITD43 1997 06 2 0.0809424
ITD43 1997 08 3 0.146739
ITD43 1997 09 2 0.0811636
ITD43 1998 02 5 4.43422
ITD43 1998 03 3 0.318334
ITD43 1998 07 5 0.912601
ITD43 1998 11 3 5.66925
ITD43 1999 02 3 0.0603391
ITD43 1999 03 3 8.51092
ITD43 1999 08 3 7.22524
ITD43 2000 01 2 4.84848
ITD43 2000 02 3 1.06778
ITD43 2000 03 3 27.5162
ITD43 2000 08 3 48.6487
ITD43 2000 09 4 2.90113
ITD43 2001 03 2 0.0809674
ITD43 2001 04 2 0.283935
ITD43 2001 05 2 3.08935
ITD43 2001 07 2 0.523058
ITD43 2001 08 2 194.747
ITD43 2001 09 3 3.08954
ITD43 2002 01 3 0.962315
ITD43 2002 03 3 0.460602
ITD43 2002 04 3 2.93339
ITD43 2002 06 2 0.248867
ITD43 2002 08 2 0.0880039
ITD43 2003 02 3 0.764354
ITD43 2003 03 4 7.02431
ITD43 2003 04 2 0.180981
ITD43 2003 05 3 0.802398
ITD43 2003 06 3 3.85328
ITD43 2003 07 3 164.731
ITD43 2003 08 5 0.377821
ITD43 2003 09 3 0.197386
ITD43 2004 04 2 0.00534139
ITD43 2004 06 2 0.00939831
ITD43 2005 02 3 0.494112
ITD43 2005 03 3 1.12399
ITD43 2005 04 2 0.0334892
ITD43 2005 06 2 1.66314
ITD43 2005 07 2 0.20211
ITD43 2005 08 2 0.334552
ITD43 2006 01 2 0.00641
ITD43 2006 02 4 1.11366
ITD43 2006 03 5 0.172033
ITD43 2006 06 3 3.42584
ITD43 2006 07 3 132.503
ITD43 2006 10 5 0.0648258
ITD44 1985 01 5 3.82214
ITD44 1985 02 5 10.2888
ITD44 1985 03 5 4.29284
ITD44 1985 04 5 2.80498
ITD44 1985 05 2 0.117675
ITD44 1985 06 2 0.0450554
ITD44 1985 07 3 10.3136
ITD44 1985 08 5 6.56448
ITD44 1985 09 5 5.60809
ITD44 1985 10 5 12.6186
ITD44 1986 02 5 5.21647
ITD44 1986 03 5 83.1613
ITD44 1986 04 5 6.55914
ITD44 1986 05 5 16.0417
ITD44 1986 06 2 0.232203
ITD44 1986 07 2 5.66102
ITD44 1986 08 2 16.4891
ITD44 1986 09 5 3.29996
ITD44 1986 10 5 6.01348
ITD44 1986 11 3 0.279661
ITD44 1986 12 3 0.32172
ITD44 1987 01 2 0.970894
ITD44 1987 02 2 8.23926
ITD44 1987 03 2 73.6892
ITD44 1987 04 2 12.6968
ITD44 1987 05 3 1.10286
ITD44 1987 07 4 0.259933
ITD44 1987 08 3 0.117215
ITD44 1987 09 3 0.396151
ITD44 1987 10 2 0.340655
ITD44 1987 12 3 0.802143
ITD44 1988 02 3 3.99784
ITD44 1988 03 3 8.23021
ITD44 1988 04 4 6.32386
ITD44 1988 05 3 0.247062
ITD44 1988 06 3 0.0450004
ITD44 1988 07 4 119.405
ITD44 1988 08 4 115.306
ITD44 1988 09 4 0.0223519
ITD44 1988 10 2 0.136458
ITD44 1988 11 2 6.68919
ITD44 1988 12 2 0.625487
ITD44 1989 01 2 149.352
ITD44 1989 02 2 15.7544
ITD44 1989 03 2 2.33104
ITD44 1989 04 2 0.649648
ITD44 1989 05 2 5.77388
ITD44 1989 07 2 0.106151
ITD44 1989 08 2 1.50405
ITD44 1989 09 5 0.374124
ITD44 1989 10 5 0.199204
ITD44 1989 11 5 4.6463
ITD44 1989 12 5 4.75553
ITD44 1990 01 5 6.5373
ITD44 1990 02 5 8.86241
ITD44 1990 03 5 19.1465
ITD44 1990 04 3 0.247074
ITD44 1990 05 3 0.908528
ITD44 1990 07 3 0.152058
ITD44 1990 08 3 6.32354
ITD44 1990 09 2 0.116587
ITD44 1990 11 4 2.76501
ITD44 1990 12 5 13.3189
ITD44 1991 01 5 19.1357
ITD44 1991 02 5 12.289
ITD44 1991 03 5 33.1088
ITD44 1991 04 5 0.637667
ITD44 1991 05 2 0.0123611
ITD44 1991 06 2 1.15988
ITD44 1991 07 2 20.7243
ITD44 1991 08 2 1.09551
ITD44 1991 09 2 2.87097
ITD44 1991 10 2 0.0973742
ITD44 1991 11 2 0.062535
ITD44 1991 12 2 10.8212
ITD44 1992 01 2 41.1343
ITD44 1992 02 2 9.46312
ITD44 1992 03 2 10.957
ITD44 1992 04 5 1.48485
ITD44 1992 05 5 2.74828
ITD44 1992 06 2 0.122949
ITD44 1992 07 5 25.2812
ITD44 1992 08 5 74.4639
ITD44 1992 09 5 1.0491
ITD44 1992 12 5 17.5095
ITD44 1993 01 5 18.6988
ITD44 1993 02 5 132.525
ITD44 1993 03 5 20.3704
ITD44 1993 04 5 18.3296
ITD44 1993 05 4 0.0714802
ITD44 1993 06 5 9.57694
ITD44 1993 07 5 1.87786
ITD44 1993 08 5 111.463
ITD44 1993 09 3 0.410053
ITD44 1993 10 2 0.143203
ITD44 1993 12 3 0.677968
ITD44 1994 01 4 0.885346
ITD44 1994 02 4 14.5776
ITD44 1994 03 4 6.10769
ITD44 1994 04 3 0.904939
ITD44 1994 06 2 0.034263
ITD44 1994 07 2 10.5964
ITD44 1994 08 2 89.5048
ITD44 1994 09 2 0.20973
ITD44 1995 01 4 0.850333
ITD44 1995 03 4 5.22244
ITD44 1995 04 4 2.61201
ITD44 1995 07 5 0.583312
ITD44 1995 08 5 15.8349
ITD44 1995 09 3 0.105288
ITD44 1995 11 2 0.0954941
ITD44 1996 02 5 4.97991
ITD44 1996 03 5 15.2763
ITD44 1996 04 4 0.449246
ITD44 1996 06 5 10.1186
ITD44 1996 12 2 0.0932949
ITD44 1997 01 4 3.92141
ITD44 1997 02 4 3.54649
ITD44 1997 03 4 30.1299
ITD44 1997 04 4 22.1369
ITD44 1997 05 2 0.052381
ITD44 1997 07 3 2.12171
ITD44 1997 08 3 2.81462
ITD44 1997 09 3 15.553
ITD44 1997 10 3 0.398259
ITD44 1997 11 3 0.624497
ITD44 1998 01 4 3.52278
ITD44 1998 02 4 11.6105
ITD44 1998 03 4 1.07544
ITD44 1998 04 2 0.814787
ITD44 1998 06 4 0.860262
ITD44 1998 08 4 8.18688
ITD44 1999 01 2 0.0250134
ITD44 1999 02 4 0.811238
ITD44 1999 03 3 0.858214
ITD44 1999 04 2 17.0538
ITD44 1999 07 4 24.7047
ITD44 1999 08 4 8.11748
ITD44 1999 09 2 0.0158809
ITD44 1999 10 2 0.200432
ITD44 2000 01 4 2.87362
ITD44 2000 02 2 11.9981
ITD44 2000 03 3 0.774053
ITD44 2000 06 3 2.7094
ITD44 2000 07 2 0.0565329
ITD44 2000 08 2 27.1392
ITD44 2001 01 2 0.492021
ITD44 2001 02 3 0.238731
ITD44 2001 06 2 1.75785
ITD44 2001 07 2 11.6965
ITD44 2001 08 2 6.441
ITD44 2001 09 2 1.65941
ITD44 2001 11 3 0.260486
ITD44 2001 12 2 0.129072
ITD44 2002 01 3 0.814942
ITD44 2002 03 3 1.01696
ITD44 2002 04 3 0.390245
ITD44 2002 06 2 1.03617
ITD44 2002 07 5 0.837674
ITD44 2002 08 2 1.60777
ITD44 2002 09 4 1.58458
ITD44 2003 02 4 9.02604
ITD44 2003 03 4 13.4214
ITD44 2003 04 4 2.88716
ITD44 2003 05 4 3.88105
ITD44 2003 06 4 9.55583
ITD44 2003 07 4 4.10696
ITD44 2003 08 4 30.2712
ITD44 2003 09 4 0.615891
ITD44 2003 10 2 0.00864928
ITD44 2004 01 3 1.81061
ITD44 2004 03 2 0.359719
ITD44 2004 07 5 0.878942
ITD44 2004 08 2 0.025026
ITD44 2004 09 4 1.25813
ITD44 2004 12 2 0.064021
ITD44 2005 01 4 13.6614
ITD44 2005 02 4 3.95816
ITD44 2005 03 2 3.58747
ITD44 2005 04 2 0.0050551
ITD44 2005 06 2 0.230765
ITD44 2005 07 3 0.261838
ITD44 2006 01 2 0.588839
ITD44 2006 02 2 0.410912
ITD44 2006 04 2 0.648953
ITD44 2006 05 2 0.309989
ITD44 2006 06 4 1.82346
ITD44 2006 07 4 19.6804
ITD44 2006 08 5 0.110786
ITD44 2006 09 2 0.0208738
ITD44 2006 10 2 0.084413
ITD44 2006 11 2 0.110779
ITD44 2006 12 2 0.531786
ITD51 1985 02 2 1.20771
ITD51 1985 03 2 11.4804
ITD51 1985 04 3 7.11432
ITD51 1985 05 2 1.94679
ITD51 1985 07 3 4.26108
ITD51 1985 09 3 53.7727
ITD51 1985 10 2 0.612985
ITD51 1986 03 2 1.06576
ITD51 1986 12 2 4.96155
ITD51 1987 01 2 57.1323
ITD51 1987 03 3 8.01616
ITD51 1987 04 3 68.4627
ITD51 1987 05 3 3.24449
ITD51 1987 08 2 1.84714
ITD51 1988 02 2 2.10342
ITD51 1988 03 2 13.3951
ITD51 1988 08 2 0.878406
ITD51 1988 09 3 7.49182
ITD51 1988 10 2 0.341104
ITD51 1988 11 2 1.41953
ITD51 1988 12 2 10.9744
ITD51 1989 01 2 286.431
ITD51 1989 02 2 52.6405
ITD51 1989 03 2 44.1526
ITD51 1989 04 4 2.75232
ITD51 1989 05 4 35.9877
ITD51 1989 07 2 3.49863
ITD51 1989 08 2 2.814
ITD51 1989 12 2 1.3715
ITD51 1990 01 4 6.24196
ITD51 1990 02 4 92.6591
ITD51 1990 03 4 379.814
ITD51 1990 04 3 2.1748
ITD51 1990 05 4 5.20188
ITD51 1990 06 5 4.40732
ITD51 1990 08 5 21.1082
ITD51 1990 09 5 13.5884
ITD51 1991 03 4 10.7016
ITD51 1991 04 3 2.54056
ITD51 1991 07 3 22.2527
ITD51 1991 08 5 11.9803
ITD51 1991 09 3 2.8717
ITD51 1991 12 3 21.5921
ITD51 1992 02 3 14.2458
ITD51 1992 03 3 160.148
ITD51 1992 04 4 10.6172
ITD51 1992 05 2 0.371835
ITD51 1992 09 4 25.9614
ITD51 1992 12 2 7.74378
ITD51 1993 01 4 11.0277
ITD51 1993 02 4 44.5665
ITD51 1993 03 4 67.2207
ITD51 1993 07 2 1.33358
ITD51 1993 08 4 4.73472
ITD51 1993 12 2 1.0199
ITD51 1994 02 3 6.88061
ITD51 1994 03 5 11.7814
ITD51 1994 04 3 1.23089
ITD51 1994 05 2 1.41082
ITD51 1994 06 2 0.727256
ITD51 1994 07 2 2.49062
ITD51 1994 08 2 1.9637
ITD51 1994 11 2 1.24154
ITD51 1995 01 4 6.0543
ITD51 1995 02 5 16.2617
ITD51 1995 03 5 166.181
ITD51 1995 04 5 306.844
ITD51 1995 12 2 15.0726
ITD51 1996 03 3 0.442433
ITD51 1996 04 5 4.56607
ITD51 1996 05 2 0.65595
ITD51 1996 06 5 1.66093
ITD51 1996 07 4 3.38389
ITD51 1996 08 3 5.63394
ITD51 1997 02 3 19.0211
ITD51 1997 03 3 48.3786
ITD51 1997 04 3 83.2152
ITD51 1997 05 4 14.2632
ITD51 1998 02 4 426.965
ITD51 1998 03 4 48.5575
ITD51 1998 04 4 16.8975
ITD51 1998 06 3 3.35247
ITD51 1998 07 4 11.0923
ITD51 1998 08 4 10.6563
ITD51 1999 02 2 1.26912
ITD51 2000 01 2 1.37316
ITD51 2000 02 2 69.9319
ITD51 2000 03 2 18.976
ITD51 2000 04 2 3.66819
ITD51 2001 02 2 2.22235
ITD51 2001 03 3 20.5814
ITD51 2001 04 2 1.85773
ITD51 2001 06 2 0.366018
ITD51 2001 07 3 9.41094
ITD51 2001 08 2 8.56037
ITD51 2002 01 3 11.1624
ITD51 2002 02 3 1.65627
ITD51 2002 03 3 25.5084
ITD51 2002 05 2 9.56273
ITD51 2003 01 2 1.99042
ITD51 2003 02 2 57.9508
ITD51 2003 03 2 29.208
ITD51 2003 04 2 15.1628
ITD51 2003 05 2 1.69882
ITD51 2003 06 2 2.63258
ITD51 2003 07 4 2.65087
ITD51 2003 08 3 6.64162
ITD51 2003 09 2 2.09982
ITD51 2004 03 2 0.496042
ITD51 2004 05 2 0.333653
ITD51 2004 08 5 13.2012
ITD51 2004 09 3 2.90244
ITD51 2004 10 2 0.261059
ITD51 2005 05 2 1.06636
ITD51 2005 06 3 2.21348
ITD51 2005 07 2 0.824375
ITD51 2005 08 4 1.7142
ITD51 2006 01 3 1.17695
ITD51 2006 03 3 2.56738
ITD51 2006 04 3 12.1035
ITD51 2006 06 2 0.297776
ITD51 2006 11 2 0.347147
ITD52 1985 04 2 1.8431
ITD52 1985 08 2 5.00704
ITD52 1985 09 2 16.2861
ITD52 1985 10 4 16.2266
ITD52 1986 04 2 6.60275
ITD52 1986 05 3 2.202
ITD52 1986 12 2 1.13435
ITD52 1987 01 3 1.77359
ITD52 1987 03 3 9.91348
ITD52 1987 04 4 10.6462
ITD52 1987 05 4 12.9076
ITD52 1988 02 4 7.21082
ITD52 1988 03 4 42.1005
ITD52 1988 04 3 10.0894
ITD52 1988 08 2 0.844629
ITD52 1988 09 3 3.67647
ITD52 1988 12 3 55.6759
ITD52 1989 01 3 155.879
ITD52 1989 02 3 443.077
ITD52 1989 03 3 324.162
ITD52 1989 04 5 5.88015
ITD52 1989 05 5 58.1921
ITD52 1989 08 4 7.55824
ITD52 1989 10 2 1.60954
ITD52 1989 11 3 4.1381
ITD52 1990 01 3 201.302
ITD52 1990 02 3 77.452
ITD52 1990 03 3 455.079
ITD52 1990 04 3 17.6862
ITD52 1990 05 2 2.46507
ITD52 1990 07 3 5.49988
ITD52 1990 08 3 28.485
ITD52 1990 09 5 15.9583
ITD52 1990 11 2 1.23342
ITD52 1991 01 5 43.1136
ITD52 1991 02 5 14.8488
ITD52 1991 03 5 15.7364
ITD52 1991 04 5 12.778
ITD52 1991 05 4 37.0016
ITD52 1991 06 2 0.792481
ITD52 1991 07 2 19.1191
ITD52 1991 08 4 7.98283
ITD52 1991 09 4 21.2858
ITD52 1991 12 4 77.6805
ITD52 1992 01 4 13.1521
ITD52 1992 02 4 34.6573
ITD52 1992 03 4 141.587
ITD52 1992 04 5 10.5042
ITD52 1992 05 5 7.83265
ITD52 1993 01 5 4.92264
ITD52 1993 02 5 342.448
ITD52 1993 03 5 11.6401
ITD52 1993 04 5 10.5004
ITD52 1993 06 3 1.86784
ITD52 1993 08 3 11.9507
ITD52 1994 01 3 2.43554
ITD52 1994 03 3 49.8572
ITD52 1994 04 4 5.83458
ITD52 1994 05 2 0.835002
ITD52 1994 06 2 2.47822
ITD52 1994 07 3 1.81481
ITD52 1994 08 4 3.85405
ITD52 1994 12 2 1.09058
ITD52 1995 01 2 9.73058
ITD52 1995 02 2 40.4445
ITD52 1995 03 2 134.101
ITD52 1995 04 2 179.457
ITD52 1995 05 4 1.68117
ITD52 1995 06 3 0.822674
ITD52 1995 08 3 24.5153
ITD52 1995 11 5 6.32186
ITD52 1996 01 2 2.9594
ITD52 1996 02 3 5.09628
ITD52 1996 03 3 0.971565
ITD52 1996 04 3 24.5708
ITD52 1996 06 2 0.167566
ITD52 1996 07 5 0.97638
ITD52 1996 08 5 1.98164
ITD52 1996 11 2 24.2187
ITD52 1997 02 2 105.125
ITD52 1997 03 2 144.051
ITD52 1997 04 2 48.8881
ITD52 1997 05 2 0.536624
ITD52 1997 08 3 0.789972
ITD52 1997 09 4 1.63209
ITD52 1997 10 3 1.45886
ITD52 1998 01 4 42.5543
ITD52 1998 02 4 44.0963
ITD52 1998 03 4 770.554
ITD52 1998 04 5 28.1795
ITD52 1998 05 2 1.20991
ITD52 1998 06 2 0.854859
ITD52 1998 07 2 7.98291
ITD52 1998 08 2 9.58831
ITD52 1999 01 2 0.820409
ITD52 1999 02 2 2.27756
ITD52 2000 01 3 2.1805
ITD52 2000 02 3 73.952
ITD52 2000 03 3 43.5055
ITD52 2000 04 3 7.83992
ITD52 2000 07 2 1.17819
ITD52 2000 08 4 8.84368
ITD52 2000 09 3 5.57524
ITD52 2001 01 2 2.54929
ITD52 2001 02 4 2.98493
ITD52 2001 03 3 0.753958
ITD52 2001 06 2 0.108861
ITD52 2001 08 2 2.87967
ITD52 2001 12 4 59.7822
ITD52 2002 01 4 10.1598
ITD52 2002 03 4 49.9487
ITD52 2002 04 4 3.88084
ITD52 2002 05 2 0.284407
ITD52 2002 07 3 2.04114
ITD52 2002 09 2 0.343295
ITD52 2003 01 3 86.045
ITD52 2003 02 2 1.49344
ITD52 2003 03 2 34.5971
ITD52 2003 04 3 0.337712
ITD52 2003 06 2 2.36853
ITD52 2003 07 3 2.19488
ITD52 2003 08 3 36.7263
ITD52 2004 04 2 2.35787
ITD52 2005 01 2 21.52
ITD52 2005 02 3 0.445448
ITD52 2005 03 2 6.85194
ITD52 2005 04 2 10.4586
ITD52 2005 05 2 3.99665
ITD52 2005 07 2 31.0325
ITD52 2005 08 5 3.45193
ITD52 2006 03 2 0.43526
ITD52 2006 04 3 1.78587
ITD52 2006 07 4 35.2404
ITD53 1985 05 2 1.4183
ITD53 1985 07 3 4.37618
ITD53 1985 10 3 0.709371
ITD53 1986 05 2 0.195859
ITD53 1986 08 2 0.255695
ITD53 1986 11 2 0.571456
ITD53 1987 03 2 1.02173
ITD53 1987 04 2 0.722599
ITD53 1987 08 2 0.897309
ITD53 1988 10 3 0.184373
ITD53 1988 12 3 32.9207
ITD53 1989 01 3 36.4543
ITD53 1989 02 3 628.51
ITD53 1989 03 3 6.8188
ITD53 1989 04 2 0.773162
ITD53 1989 05 2 3.20289
ITD53 1989 07 2 3.63545
ITD53 1989 12 2 0.270088
ITD53 1990 01 5 14.6018
ITD53 1990 02 5 50.5627
ITD53 1990 03 5 73.1834
ITD53 1990 07 2 2.92776
ITD53 1991 03 2 7.13867
ITD53 1991 04 2 1.45072
ITD53 1991 08 5 7.47991
ITD53 1991 09 3 2.39685
ITD53 1991 12 2 7.82105
ITD53 1992 02 3 2.5625
ITD53 1992 03 3 26.079
ITD53 1992 04 2 1.39882
ITD53 1992 05 2 0.538505
ITD53 1992 09 3 5.42669
ITD53 1993 03 5 21.341
ITD53 1993 04 2 3.68762
ITD53 1993 07 4 11.4798
ITD53 1993 08 4 19.8205
ITD53 1994 02 2 4.86371
ITD53 1994 03 5 6.93897
ITD53 1994 07 2 0.259638
ITD53 1994 11 2 1.58973
ITD53 1995 01 4 22.6289
ITD53 1995 02 3 2.05393
ITD53 1995 03 2 1.2359
ITD53 1995 04 2 51.696
ITD53 1995 06 2 0.343947
ITD53 1995 07 2 0.209205
ITD53 1996 01 2 0.971705
ITD53 1996 07 2 4.09922
ITD53 1996 08 5 7.01195
ITD53 1996 10 2 0.428409
ITD53 1997 02 2 14.9654
ITD53 1997 03 2 12.9906
ITD53 1997 04 5 3.51389
ITD53 1997 07 2 0.133285
ITD53 1998 03 3 0.435379
ITD53 1998 05 2 0.0230136
ITD53 1998 06 2 0.410109
ITD53 1998 07 3 16.1672
ITD53 1998 08 3 13.9126
ITD53 1999 02 4 5.22914
ITD53 2000 01 2 3.057
ITD53 2000 02 2 2.31362
ITD53 2000 03 5 2.72164
ITD53 2000 08 2 0.205833
ITD53 2000 09 2 0.522213
ITD53 2001 08 2 1.16936
ITD53 2002 03 2 0.658694
ITD53 2003 03 2 1.17102
ITD53 2003 08 4 6.95294
ITD53 2004 02 3 1.33535
ITD53 2005 01 2 0.137447
ITD53 2005 06 2 0.0542275
ITD53 2006 06 2 1.05763
ITD53 2006 07 2 0.965117
ITD53 2006 08 2 0.85016
ITD53 2006 09 3 1.3554
ITD54 1985 03 2 2.37336
ITD54 1985 04 3 0.295057
ITD54 1985 05 2 6.7874
ITD54 1985 07 4 7.43076
ITD54 1985 08 2 0.649815
ITD54 1985 09 3 8.81867
ITD54 1985 10 3 4.2359
ITD54 1985 11 2 0.370576
ITD54 1985 12 2 1.41006
ITD54 1986 04 2 2.44968
ITD54 1986 07 2 1.17556
ITD54 1986 12 2 1.59135
ITD54 1987 01 2 4.06977
ITD54 1987 04 2 1.59674
ITD54 1987 05 2 2.61252
ITD54 1987 08 2 1.8573
ITD54 1988 03 3 3.52947
ITD54 1988 08 2 0.396018
ITD54 1988 09 2 0.524436
ITD54 1988 10 3 1.76866
ITD54 1988 11 2 0.694709
ITD54 1988 12 2 4.8838
ITD54 1989 01 2 14.8059
ITD54 1989 02 2 10.2378
ITD54 1989 03 2 8.70024
ITD54 1989 04 5 4.04465
ITD54 1989 12 2 2.11568
ITD54 1990 01 4 3.37802
ITD54 1990 02 4 1.6589
ITD54 1990 03 4 26.4242
ITD54 1991 07 4 1.40268
ITD54 1991 08 4 12.66
ITD54 1991 09 3 4.30377
ITD54 1991 12 2 1.00598
ITD54 1992 02 2 6.97681
ITD54 1992 03 2 13.2058
ITD54 1992 04 2 0.474181
ITD54 1992 09 2 0.677842
ITD54 1993 02 2 16.6346
ITD54 1993 03 2 11.6909
ITD54 1993 08 2 1.33226
ITD54 1994 03 4 3.11531
ITD54 1994 04 2 1.79374
ITD54 1994 06 2 1.07155
ITD54 1994 08 3 5.61484
ITD54 1995 02 3 17.585
ITD54 1995 03 3 15.9543
ITD54 1995 04 3 5.17596
ITD54 1995 05 2 0.250762
ITD54 1995 06 2 0.76473
ITD54 1995 11 2 0.016663
ITD54 1996 01 2 0.240702
ITD54 1996 02 3 24.7022
ITD54 1996 03 5 1.97014
ITD54 1996 04 3 0.626962
ITD54 1996 06 3 2.37038
ITD54 1996 07 4 0.17675
ITD54 1996 08 3 0.887621
ITD54 1996 10 2 0.0950112
ITD54 1997 01 2 0.231646
ITD54 1997 02 2 10.5787
ITD54 1997 03 2 26.5107
ITD54 1997 04 2 38.2309
ITD54 1998 02 2 1.70445
ITD54 1998 03 2 35.1098
ITD54 1998 07 3 20.8117
ITD54 1998 08 2 0.011198
ITD54 1998 09 2 1.08762
ITD54 1999 02 3 5.14896
ITD54 2000 02 2 0.0293304
ITD54 2000 03 2 2.90854
ITD54 2000 06 2 0.292065
ITD54 2000 07 2 1.27509
ITD54 2001 02 5 7.10387
ITD54 2001 08 5 1.92748
ITD54 2002 02 2 4.13061
ITD54 2002 03 2 21.5119
ITD54 2003 02 2 0.0438136
ITD54 2003 03 4 4.55963
ITD54 2003 04 2 0.727908
ITD54 2003 07 3 2.1698
ITD54 2003 08 5 1.08321
ITD54 2003 09 3 2.42475
ITD54 2005 02 2 0.594604
ITD54 2005 08 2 0.678191
ITD54 2005 09 2 0.389295
ITD54 2006 04 2 0.520176
ITD54 2006 07 3 2.52887
ITD54 2006 08 2 8.55315
ITD54 2006 09 2 0.50344
ITD55 1985 03 2 1.138
ITD55 1985 04 2 0.296202
ITD55 1985 06 2 0.224165
ITD55 1985 07 2 30.3301
ITD55 1985 08 2 30.6838
ITD55 1985 09 2 46.6572
ITD55 1985 10 2 152.822
ITD55 1986 03 3 2.93382
ITD55 1986 04 3 36.5911
ITD55 1986 05 3 1.75425
ITD55 1986 09 3 7.4846
ITD55 1986 12 3 17.9773
ITD55 1987 01 2 3.83575
ITD55 1987 03 2 16.4956
ITD55 1987 04 5 9.61857
ITD55 1987 05 2 0.206499
ITD55 1987 06 2 0.720318
ITD55 1987 07 2 29.3121
ITD55 1987 08 2 7.53254
ITD55 1987 09 4 29.1195
ITD55 1988 02 2 2.35098
ITD55 1988 03 5 6.74673
ITD55 1988 07 2 1.40868
ITD55 1988 08 2 19.8474
ITD55 1988 09 5 10.8312
ITD55 1988 10 5 3.46132
ITD55 1988 11 2 0.373591
ITD55 1988 12 2 9.07033
ITD55 1989 01 2 23.1945
ITD55 1989 02 2 150.101
ITD55 1989 03 2 46.9512
ITD55 1989 04 4 2.25757
ITD55 1989 05 4 2.63964
ITD55 1989 06 2 0.428948
ITD55 1989 09 2 0.641874
ITD55 1989 12 2 0.966536
ITD55 1990 01 3 5.50831
ITD55 1990 02 3 53.4039
ITD55 1990 03 3 88.4071
ITD55 1990 04 2 3.23877
ITD55 1990 05 2 0.187825
ITD55 1990 07 3 0.558471
ITD55 1990 08 3 2.59872
ITD55 1990 09 3 26.376
ITD55 1991 02 2 1.14537
ITD55 1991 03 5 13.2781
ITD55 1991 04 5 6.68566
ITD55 1991 06 3 1.2837
ITD55 1991 07 4 6.62477
ITD55 1991 08 4 104.487
ITD55 1991 09 4 19.6207
ITD55 1991 12 3 1.64657
ITD55 1992 02 5 5.36469
ITD55 1992 03 5 68.6754
ITD55 1992 04 3 12.628
ITD55 1992 05 5 5.80087
ITD55 1992 08 5 65.1646
ITD55 1992 09 4 9.3862
ITD55 1992 12 2 2.05733
ITD55 1993 01 3 1.39424
ITD55 1993 02 3 45.3618
ITD55 1993 03 3 15.9262
ITD55 1993 04 4 11.0129
ITD55 1993 05 2 3.9987
ITD55 1993 06 5 9.83457
ITD55 1993 07 5 67.6003
ITD55 1993 08 5 168.14
ITD55 1993 09 5 6.94171
ITD55 1994 01 3 2.84697
ITD55 1994 03 3 12.1291
ITD55 1994 04 2 0.67843
ITD55 1994 06 2 0.468622
ITD55 1994 08 2 5.17646
ITD55 1995 01 5 3.80445
ITD55 1995 02 2 4.14639
ITD55 1995 03 2 26.0278
ITD55 1995 05 2 0.0644192
ITD55 1995 06 2 1.13259
ITD55 1995 07 3 0.123396
ITD55 1995 08 3 15.7414
ITD55 1995 09 2 1.29243
ITD55 1995 10 2 0.979617
ITD55 1996 02 2 1.11623
ITD55 1996 03 2 9.32602
ITD55 1996 04 2 13.4238
ITD55 1996 06 4 1.32244
ITD55 1996 07 5 1.87101
ITD55 1996 08 5 11.1787
ITD55 1996 09 4 1.67
ITD55 1996 11 2 0.590602
ITD55 1997 01 2 0.84432
ITD55 1997 02 2 16.913
ITD55 1997 03 2 13.0823
ITD55 1997 04 2 11.0818
ITD55 1997 05 2 0.167637
ITD55 1997 07 2 1.99398
ITD55 1997 08 4 2.75445
ITD55 1997 09 4 42.7749
ITD55 1997 10 4 15.9228
ITD55 1998 02 5 5.60324
ITD55 1998 03 5 7.31255
ITD55 1998 04 5 2.34455
ITD55 1998 05 2 0.00621613
ITD55 1998 07 2 14.32
ITD55 1998 08 2 71.5287
ITD55 1998 09 3 2.8605
ITD55 1998 11 2 0.137687
ITD55 1999 02 2 5.1112
ITD55 2000 01 3 0.402575
ITD55 2000 03 3 4.51174
ITD55 2000 04 3 2.34658
ITD55 2000 05 2 0.546851
ITD55 2000 06 3 3.49531
ITD55 2000 08 3 22.9823
ITD55 2000 09 4 22.155
ITD55 2001 02 2 0.200787
ITD55 2001 06 2 9.91192
ITD55 2001 07 2 20.373
ITD55 2001 08 2 57.2019
ITD55 2001 09 2 1.68385
ITD55 2002 01 2 1.70606
ITD55 2002 02 4 6.35112
ITD55 2002 03 4 21.4729
ITD55 2002 04 3 2.93388
ITD55 2002 07 3 8.71347
ITD55 2003 03 3 18.4389
ITD55 2003 04 5 5.86578
ITD55 2003 05 2 0.0934908
ITD55 2003 06 3 2.48569
ITD55 2003 07 3 1.09042
ITD55 2003 08 3 4.30884
ITD55 2003 09 3 32.7392
ITD55 2004 05 2 0.122568
ITD55 2004 07 5 2.45719
ITD55 2004 08 4 6.33203
ITD55 2004 09 3 0.363229
ITD55 2005 01 2 0.380818
ITD55 2005 02 2 1.41999
ITD55 2005 03 5 1.82427
ITD55 2005 06 2 0.525472
ITD55 2005 07 2 3.23973
ITD55 2005 08 2 27.3712
ITD55 2006 02 2 0.0658368
ITD55 2006 04 2 0.25938
ITD55 2006 06 3 0.401288
ITD55 2006 07 3 7.33098
ITD55 2006 08 5 5.33226
ITD55 2006 09 4 10.9654
ITD55 2006 11 2 0.385983
ITD56 1985 07 2 0.138176
ITD56 1986 05 2 7.115
ITD56 1987 03 2 5.13441
ITD56 1987 04 2 0.159957
ITD56 1988 07 2 0.198971
ITD56 1989 02 2 3.47168
ITD56 1989 03 3 2.92704
ITD56 1989 05 2 2.18619
ITD56 1990 02 3 5.37515
ITD56 1990 06 2 2.3405
ITD56 1990 07 2 0.888228
ITD56 1991 07 2 0.131143
ITD56 1991 08 3 4.34764
ITD56 1991 09 3 0.341234
ITD56 1992 05 2 0.199456
ITD56 1992 08 3 21.7876
ITD56 1993 02 3 0.793093
ITD56 1995 03 2 0.134381
ITD56 1995 05 2 0.0168172
ITD56 1995 08 2 0.148506
ITD56 1996 07 2 0.0817158
ITD56 1997 02 2 0.106101
ITD56 1997 04 2 1.78398
ITD56 1997 05 3 0.109048
ITD56 1998 06 2 0.026949
ITD56 1998 07 2 0.0864871
ITD56 2000 05 2 0.0426369
ITD56 2000 07 3 0.0402747
ITD56 2002 08 2 0.0295062
ITD56 2003 08 3 0.0451222
ITD56 2004 05 2 1.54963
ITD56 2004 08 2 0.0367179
ITD56 2005 08 2 0.0383876
ITD56 2006 05 2 30.494
ITD57 1985 04 2 1.49409
ITD57 1985 06 2 0.114039
ITD57 1985 07 3 0.271122
ITD57 1985 08 3 52.4263
ITD57 1985 09 3 2.91766
ITD57 1986 03 2 4.54479
ITD57 1986 09 3 2.89715
ITD57 1987 03 4 7.95649
ITD57 1987 05 2 1.01439
ITD57 1987 07 2 3.973
ITD57 1987 08 3 27.4461
ITD57 1987 09 3 3.63487
ITD57 1988 02 2 3.06876
ITD57 1988 07 2 0.0805565
ITD57 1988 08 5 1.84473
ITD57 1988 09 2 0.00821611
ITD57 1988 10 2 0.344844
ITD57 1988 11 2 0.0135947
ITD57 1989 01 3 2.32433
ITD57 1989 02 4 13.3255
ITD57 1989 03 4 50.913
ITD57 1989 04 3 2.35789
ITD57 1989 05 3 0.961919
ITD57 1989 06 3 0.174896
ITD57 1990 01 2 1.75445
ITD57 1990 02 3 21.3413
ITD57 1990 03 3 9.02025
ITD57 1990 06 2 3.17196
ITD57 1990 07 4 1.9422
ITD57 1990 08 4 9.09903
ITD57 1990 09 4 4.57253
ITD57 1991 02 2 0.528864
ITD57 1991 03 2 0.31099
ITD57 1991 04 2 0.0202066
ITD57 1991 07 4 4.94448
ITD57 1991 08 2 2.16655
ITD57 1991 09 2 4.20549
ITD57 1992 02 3 1.95372
ITD57 1992 03 3 21.4841
ITD57 1992 05 3 0.257274
ITD57 1992 08 5 6.1018
ITD57 1992 09 3 8.92231
ITD57 1992 10 2 1.36719
ITD57 1993 01 2 0.864465
ITD57 1993 02 3 0.361505
ITD57 1993 05 3 0.0958203
ITD57 1993 06 3 0.668375
ITD57 1993 07 3 5.75989
ITD57 1993 08 3 16.3499
ITD57 1993 09 5 4.91959
ITD57 1994 04 2 1.90169
ITD57 1994 06 4 3.79257
ITD57 1994 07 2 0.957228
ITD57 1994 09 3 3.04548
ITD57 1995 01 3 0.62964
ITD57 1995 03 2 0.059514
ITD57 1995 05 2 0.0143763
ITD57 1995 07 4 3.56063
ITD57 1996 03 4 3.2338
ITD57 1996 06 2 1.44115
ITD57 1996 07 2 10.7536
ITD57 1996 08 2 3.32417
ITD57 1997 03 4 2.60628
ITD57 1997 04 4 7.71151
ITD57 1997 05 2 0.0407922
ITD57 1997 07 2 0.286612
ITD57 1997 08 4 0.497404
ITD57 1998 03 2 0.294286
ITD57 1998 04 2 0.055018
ITD57 1998 05 2 0.00155147
ITD57 1998 07 2 1.12808
ITD57 1998 08 2 2.71124
ITD57 2000 03 2 0.0545972
ITD57 2000 05 2 1.64142
ITD57 2000 06 4 0.512775
ITD57 2000 08 4 3.29742
ITD57 2000 09 5 40.1902
ITD57 2001 04 3 0.0424086
ITD57 2001 05 3 0.0661708
ITD57 2001 06 2 0.0110777
ITD57 2001 07 5 3.83207
ITD57 2001 08 5 4.93769
ITD57 2001 09 3 3.42941
ITD57 2002 03 3 0.0026666
ITD57 2002 04 3 3.687
ITD57 2002 06 2 0.137414
ITD57 2002 07 4 0.325059
ITD57 2002 08 4 0.0790205
ITD57 2003 02 2 0.00137341
ITD57 2003 03 2 0.146677
ITD57 2003 04 2 2.58142
ITD57 2003 06 2 0.192141
ITD57 2003 07 2 9.79079
ITD57 2003 08 5 1.84123
ITD57 2004 06 2 0.071693
ITD57 2004 07 3 0.287841
ITD57 2004 08 5 0.719674
ITD57 2004 09 3 0.768312
ITD57 2005 05 4 0.594965
ITD57 2005 06 3 0.0577925
ITD57 2005 07 2 9.49311
ITD57 2005 08 3 0.024038
ITD57 2006 04 2 0.212702
ITD57 2006 05 3 0.062985
ITD57 2006 06 2 0.072099
ITD57 2006 07 3 0.235651
ITD57 2006 08 2 0.27619
ITD57 2006 09 2 0.0010774
ITD58 1985 04 4 5.32917
ITD58 1985 07 4 15.597
ITD58 1985 08 4 41.7236
ITD58 1985 09 4 63.9965
ITD58 1985 10 4 16.2425
ITD58 1986 01 2 0.250171
ITD58 1986 04 2 6.28806
ITD58 1986 06 2 0.59308
ITD58 1986 08 2 15.2329
ITD58 1986 09 2 6.1697
ITD58 1987 02 3 5.98086
ITD58 1987 03 3 221.041
ITD58 1987 04 5 16.0434
ITD58 1987 07 3 22.2698
ITD58 1987 08 5 15.0241
ITD58 1987 09 5 16.0253
ITD58 1988 04 2 3.10505
ITD58 1988 07 3 5.93447
ITD58 1988 08 3 22.1664
ITD58 1988 09 3 104.938
ITD58 1988 10 4 4.16516
ITD58 1988 12 3 14.2442
ITD58 1989 01 3 55.5489
ITD58 1989 02 3 53.0772
ITD58 1989 03 3 30.0487
ITD58 1989 04 3 30.1806
ITD58 1989 06 3 6.60792
ITD58 1989 07 2 0.533185
ITD58 1989 08 3 0.671034
ITD58 1989 12 2 8.06904
ITD58 1990 01 5 10.3472
ITD58 1990 02 5 21.5509
ITD58 1990 03 5 79.7237
ITD58 1990 05 2 1.90535
ITD58 1990 06 2 0.363877
ITD58 1990 07 4 4.42403
ITD58 1990 08 4 65.403
ITD58 1990 09 2 6.21216
ITD58 1991 02 4 4.51496
ITD58 1991 03 4 20.6795
ITD58 1991 07 4 11.9419
