ITC42 2005 11 4 5.34846
ITC42 2006 02 4 3.11239
ITC42 2006 03 5 1.80849
ITC42 2006 04 5 61.8128
ITC42 2006 05 2 0.530956
ITC42 2006 06 3 1.28847
ITC42 2006 11 4 20.3097
ITC43 1990 01 4 188.257
ITC43 1990 02 4 336.935
ITC43 1990 03 4 1459.91
ITC43 1990 04 3 8.31128
ITC43 1990 05 4 6.27083
ITC43 1990 07 2 0.688439
ITC43 1990 09 2 1.03012
ITC43 1990 11 2 0.0893325
ITC43 1990 12 4 5.79923
ITC43 1991 01 2 6.9042
ITC43 1991 02 2 10.1843
ITC43 1991 03 4 27.9226
ITC43 1991 04 3 8.8772
ITC43 1991 05 5 44.3696
ITC43 1991 07 3 2.17668
ITC43 1991 08 3 92.3343
ITC43 1991 09 3 7.33912
ITC43 1991 12 3 17.6671
ITC43 1992 01 5 87.4958
ITC43 1992 02 5 238.487
ITC43 1992 03 5 202.753
ITC43 1992 08 2 1.66007
ITC43 1992 09 2 0.00814863
ITC43 1992 11 4 1.62698
ITC43 1992 12 2 14.0432
ITC43 1993 01 4 4.29733
ITC43 1993 02 4 460.812
ITC43 1993 03 4 31.6539
ITC43 1993 04 2 1.71857
ITC43 1993 08 2 0.58744
ITC43 1993 11 3 2.52271
ITC43 1993 12 2 0.52743
ITC43 1994 01 2 1.74409
ITC43 1994 03 3 18.6549
ITC43 1996 02 2 1.13271
ITC43 1996 03 2 0.823854
ITC43 1996 04 2 5.35364
ITC43 1997 02 2 119.93
ITC43 1997 03 2 269.577
ITC43 1997 04 2 2907.35
ITC43 1997 09 3 2.65469
ITC43 1997 10 4 0.684754
ITC43 1997 11 3 3.85992
ITC43 1998 02 3 13.3883
ITC43 1998 03 3 262.596
ITC43 1998 08 2 1.14865
ITC43 1998 11 3 3.70853
ITC43 1998 12 5 34.3958
ITC43 1999 01 3 3.59604
ITC43 1999 02 3 56.0102
ITC43 1999 03 3 4.58115
ITC43 2000 01 4 12.8428
ITC43 2000 02 3 135.418
ITC43 2000 03 4 103.412
ITC43 2001 02 4 18.62
ITC43 2002 01 4 34.3772
ITC43 2002 02 2 0.778356
ITC43 2002 03 2 41.7714
ITC43 2002 04 2 32.891
ITC43 2002 10 2 0.367084
ITC43 2003 02 4 1.96545
ITC43 2003 03 4 59.8513
ITC43 2003 04 3 0.796993
ITC43 2003 05 2 1.38296
ITC43 2003 06 2 0.171027
ITC43 2004 02 5 3.99234
ITC43 2004 03 2 0.244849
ITC43 2004 06 2 4.1253
ITC43 2004 07 2 0.0997321
ITC43 2004 08 2 0.118407
ITC43 2004 09 2 0.372717
ITC43 2004 11 2 0.399598
ITC43 2005 01 2 0.435507
ITC43 2005 02 2 15.824
ITC43 2005 03 2 22.2004
ITC43 2005 06 2 0.153184
ITC43 2005 07 4 0.634293
ITC43 2005 08 2 0.169252
ITC43 2006 04 3 2.41295
ITC43 2006 05 4 13.3252
ITC43 2006 07 3 51.2861
ITC43 2006 11 3 11.2193
ITC43 2006 12 2 0.197114
ITC44 1985 04 4 9.63889
ITC44 1985 12 2 0.0610855
ITC44 1986 03 2 0.00536574
ITC44 1986 04 2 31.6032
ITC44 1986 11 3 4.3099
ITC44 1986 12 3 32.1517
ITC44 1987 01 3 47.1323
ITC44 1987 03 3 108.636
ITC44 1987 04 5 15.3059
ITC44 1987 05 3 1.50669
ITC44 1987 09 2 0.562832
ITC44 1988 02 3 11.5122
ITC44 1988 03 3 9.59248
ITC44 1988 04 2 0.477844
ITC44 1988 08 2 4.2062
ITC44 1988 11 4 51.0548
ITC44 1988 12 4 52.2781
ITC44 1989 01 4 951.062
ITC44 1989 02 4 152.449
ITC44 1989 03 4 24.8565
ITC44 1989 05 2 1.00653
ITC44 1989 10 2 83.2454
ITC44 1989 12 5 16.272
ITC44 1990 01 5 362.684
ITC44 1990 02 5 93.1449
ITC44 1990 03 5 1089.79
ITC44 1990 07 3 0.322827
ITC44 1990 08 5 16.0658
ITC44 1990 09 2 3.72653
ITC44 1990 11 2 0.70573
ITC44 1991 03 2 0.907361
ITC44 1991 04 2 5.60425
ITC44 1991 05 5 18.5901
ITC44 1991 08 5 9.60118
ITC44 1991 09 5 131.375
ITC44 1991 12 2 6.69751
ITC44 1992 01 3 8.18016
ITC44 1992 02 3 38.9166
ITC44 1992 03 3 132.474
ITC44 1992 04 3 79.7747
ITC44 1992 05 5 74.3512
ITC44 1992 08 2 0.0683315
ITC44 1992 09 2 1.877
ITC44 1992 11 4 7.12074
ITC44 1992 12 2 0.068928
ITC44 1993 01 2 15.5233
ITC44 1993 02 2 48.1464
ITC44 1993 03 2 247.715
ITC44 1993 04 2 81.4833
ITC44 1993 07 2 2.64882
ITC44 1993 08 4 1.49352
ITC44 1993 12 2 3.41295
ITC44 1994 02 2 0.762538
ITC44 1994 03 2 3.24654
ITC44 1994 04 4 5.83371
ITC44 1994 12 3 16.0699
ITC44 1995 03 3 20.7228
ITC44 1995 04 3 79.9141
ITC44 1995 05 2 0.787077
ITC44 1995 08 2 2.3253
ITC44 1995 11 2 269.327
ITC44 1996 02 5 31.6486
ITC44 1996 03 5 19.2377
ITC44 1996 04 5 113.225
ITC44 1996 06 2 2.93513
ITC44 1996 11 2 2.53737
ITC44 1997 02 5 6.25224
ITC44 1997 03 5 269.977
ITC44 1997 04 5 129.727
ITC44 1997 05 2 10.3173
ITC44 1997 10 5 12.9101
ITC44 1998 01 4 3.69128
ITC44 1998 02 4 91.0711
ITC44 1998 03 4 1535.68
ITC44 1998 04 3 2.53983
ITC44 1998 05 5 20.6403
ITC44 1998 11 2 17.8739
ITC44 1998 12 2 101.709
ITC44 1999 01 2 0.229108
ITC44 1999 02 4 2.45573
ITC44 1999 03 4 3.69795
ITC44 1999 04 5 3.38955
ITC44 1999 09 2 0.0254524
ITC44 1999 10 2 4.33092
ITC44 2000 02 5 7.4736
ITC44 2000 03 5 236.922
ITC44 2000 08 2 0.0789702
ITC44 2000 10 2 0.549112
ITC44 2001 02 4 2.7203
ITC44 2001 04 2 0.139582
ITC44 2001 05 2 3.76979
ITC44 2001 06 2 4.751
ITC44 2001 10 2 1.09921
ITC44 2001 11 3 2.53286
ITC44 2001 12 3 87.9162
ITC44 2002 01 3 63.7172
ITC44 2002 02 5 13.7062
ITC44 2002 03 5 15.1291
ITC44 2002 04 5 80.7986
ITC44 2002 05 5 5.52545
ITC44 2002 10 5 10.4891
ITC44 2002 11 2 0.0539325
ITC44 2003 02 5 2.549
ITC44 2003 03 5 23.0936
ITC44 2003 04 5 13.7534
ITC44 2003 05 2 1.33105
ITC44 2003 06 3 6.02856
ITC44 2003 08 3 15.8947
ITC44 2003 09 3 2.91728
ITC44 2003 12 4 1.0348
ITC44 2004 02 4 8.31355
ITC44 2004 03 4 2.73566
ITC44 2004 04 4 8.32033
ITC44 2004 05 3 2.15759
ITC44 2004 06 4 41.3839
ITC44 2004 08 3 0.123005
ITC44 2004 09 2 0.528367
ITC44 2004 10 2 0.460087
ITC44 2005 01 2 0.63559
ITC44 2005 02 2 0.850938
ITC44 2005 03 2 129.782
ITC44 2005 04 4 1.53175
ITC44 2005 05 3 34.4092
ITC44 2005 06 3 1.3114
ITC44 2005 07 2 0.103391
ITC44 2005 08 2 0.00565315
ITC44 2005 10 2 1.98297
ITC44 2006 03 4 2.74521
ITC44 2006 04 4 28.6604
ITC44 2006 05 2 3.3762
ITC44 2006 07 4 0.491306
ITC44 2006 08 2 0.323852
ITC44 2006 09 2 6.04371
ITC44 2006 11 3 0.84795
ITC45 1985 04 3 3.78746
ITC45 1985 09 2 1.39563
ITC45 1986 03 3 10.8075
ITC45 1987 01 3 6.35769
ITC45 1987 03 3 39.0593
ITC45 1987 04 3 11.5884
ITC45 1988 02 3 9.20314
ITC45 1988 03 3 93.3316
ITC45 1988 04 3 2.96729
ITC45 1988 10 3 0.916233
ITC45 1988 12 4 9.58848
ITC45 1989 01 2 1.22541
ITC45 1989 02 2 10.2876
ITC45 1989 03 3 0.83154
ITC45 1989 04 2 1.42385
ITC45 1989 05 2 2.14064
ITC45 1989 10 2 0.134856
ITC45 1990 02 3 12.0897
ITC45 1990 03 4 80.6657
ITC45 1990 07 2 0.720377
ITC45 1990 08 3 1.43372
ITC45 1990 09 4 6.05392
ITC45 1991 03 3 4.36471
ITC45 1991 05 2 0.475032
ITC45 1991 07 5 5.43759
ITC45 1991 08 5 27.6882
ITC45 1991 09 5 9.97272
ITC45 1992 03 5 4.6804
ITC45 1992 04 3 30.5848
ITC45 1992 05 2 0.669964
ITC45 1992 08 2 6.24305
ITC45 1993 02 2 10.2711
ITC45 1993 03 3 3.16325
ITC45 1994 01 2 0.388272
ITC45 1994 03 3 10.4786
ITC45 1995 01 2 3.20704
ITC45 1995 05 2 1.69484
ITC45 1996 04 3 2.35306
ITC45 1997 02 4 121.689
ITC45 1997 03 4 121.576
ITC45 1997 04 5 6.72312
ITC45 1997 05 2 7.37135
ITC45 1998 02 2 0.763344
ITC45 1998 03 2 13.7749
ITC45 1999 02 4 2.58878
ITC45 1999 03 2 0.301826
ITC45 1999 08 2 1.30569
ITC45 2000 02 4 0.769967
ITC45 2000 03 3 2.78604
ITC45 2001 04 2 1.18877
ITC45 2002 03 5 9.28501
ITC45 2002 04 3 2.38778
ITC45 2002 06 2 0.216656
ITC45 2003 02 2 2.85147
ITC45 2003 03 5 3.89028
ITC45 2003 04 5 7.16304
ITC45 2003 06 4 2.08317
ITC45 2003 07 4 9.70175
ITC45 2003 08 4 1.93519
ITC45 2004 04 4 28.5023
ITC45 2004 08 2 0.282232
ITC45 2004 09 2 0.698102
ITC45 2005 02 2 9.68967
ITC45 2005 03 2 0.22044
ITC45 2005 04 2 2.17009
ITC45 2005 08 2 0.107804
ITC45 2006 03 2 2.95405
ITC45 2006 04 2 16.0437
ITC45 2006 06 3 1.5883
ITC45 2006 07 3 0.635669
ITC45 2006 08 2 1.93185
ITC46 1985 03 5 11.1457
ITC46 1985 04 5 56.3229
ITC46 1985 05 5 52.1623
ITC46 1985 08 4 2.90266
ITC46 1985 09 4 11.1837
ITC46 1985 10 4 22.0888
ITC46 1985 12 3 5.90881
ITC46 1986 01 3 19.7482
ITC46 1986 03 3 19.7063
ITC46 1986 04 3 64.3033
ITC46 1986 05 2 2.67135
ITC46 1986 07 2 1.41956
ITC46 1986 08 2 1.33648
ITC46 1986 10 2 0.217873
ITC46 1986 11 3 5.73809
ITC46 1986 12 3 175.642
ITC46 1987 01 3 65.9361
ITC46 1987 02 5 3.11953
ITC46 1987 03 5 89.8574
ITC46 1987 04 5 105.987
ITC46 1987 05 5 17.3827
ITC46 1987 07 2 0.280291
ITC46 1987 08 3 5.8914
ITC46 1987 09 2 7.41438
ITC46 1987 11 2 0.500515
ITC46 1987 12 4 6.47552
ITC46 1988 01 4 5.70026
ITC46 1988 02 4 37.9663
ITC46 1988 03 4 1140.71
ITC46 1988 04 3 2.12428
ITC46 1988 05 2 3.81039
ITC46 1988 08 2 2.01418
ITC46 1988 11 5 37.3032
ITC46 1988 12 5 105.615
ITC46 1989 01 5 287.268
ITC46 1989 02 5 186.55
ITC46 1989 03 5 147.095
ITC46 1989 04 2 2.75352
ITC46 1989 05 2 21.5201
ITC46 1989 07 2 0.266659
ITC46 1989 10 4 2.08762
ITC46 1989 11 5 7.64738
ITC46 1989 12 5 34.2961
ITC46 1990 01 5 117.127
ITC46 1990 02 5 245.723
ITC46 1990 03 5 2120.57
ITC46 1990 04 5 32.7435
ITC46 1990 05 5 47.6053
ITC46 1990 07 3 2.04874
ITC46 1990 08 3 2.58047
ITC46 1990 09 2 7.1524
ITC46 1990 11 4 14.6667
ITC46 1990 12 4 6.87207
ITC46 1991 01 4 4.49515
ITC46 1991 02 4 2.78981
ITC46 1991 03 4 28.2198
ITC46 1991 04 4 14.9694
ITC46 1991 05 5 9.77816
ITC46 1991 06 2 0.405003
ITC46 1991 07 5 4.36565
ITC46 1991 08 5 14.3869
ITC46 1991 09 5 64.2686
ITC46 1991 11 3 2.56754
ITC46 1991 12 3 28.4995
ITC46 1992 01 3 56.3028
ITC46 1992 02 3 117.993
ITC46 1992 03 3 581.105
ITC46 1992 04 3 73.7617
ITC46 1992 05 4 5.80237
ITC46 1992 08 4 28.7475
ITC46 1992 11 2 2.31682
ITC46 1992 12 4 2.09774
ITC46 1993 01 4 108.635
ITC46 1993 02 4 1030.28
ITC46 1993 03 4 208.146
ITC46 1993 04 4 31.1071
ITC46 1993 08 4 18.8969
ITC46 1993 09 2 1.1238
ITC46 1993 12 2 0.974393
ITC46 1994 01 2 2.21292
ITC46 1994 02 5 6.04078
ITC46 1994 03 5 119.944
ITC46 1994 04 5 8.9786
ITC46 1994 05 2 0.34614
ITC46 1994 06 2 0.752862
ITC46 1994 08 2 11.4828
ITC46 1994 11 2 0.389337
ITC46 1994 12 2 98.4385
ITC46 1995 01 2 76.8216
ITC46 1995 02 2 5.21985
ITC46 1995 03 2 118.602
ITC46 1995 04 2 249.804
ITC46 1995 05 2 1.77734
ITC46 1995 09 2 2.6352
ITC46 1995 10 2 0.551747
ITC46 1996 03 2 28.0132
ITC46 1996 04 2 28.4028
ITC46 1996 06 3 5.79743
ITC46 1997 01 3 9.15656
ITC46 1997 02 3 191.372
ITC46 1997 03 3 660.225
ITC46 1997 04 3 135.824
ITC46 1997 05 2 1.18809
ITC46 1997 09 2 0.875925
ITC46 1997 11 2 3.3863
ITC46 1997 12 5 6.6323
ITC46 1998 01 3 0.894555
ITC46 1998 02 3 65.3522
ITC46 1998 03 3 69.6907
ITC46 1998 04 4 18.4205
ITC46 1998 05 3 0.74034
ITC46 1998 08 3 0.0528789
ITC46 1998 11 5 18.3506
ITC46 1998 12 5 10.1114
ITC46 1999 01 5 18.6236
ITC46 1999 02 5 176.947
ITC46 1999 03 5 14.5214
ITC46 1999 04 4 34.0956
ITC46 1999 12 2 3.89712
ITC46 2000 01 2 40.551
ITC46 2000 02 2 13.568
ITC46 2000 03 2 172.092
ITC46 2000 07 2 0.668329
ITC46 2000 08 2 4.16528
ITC46 2001 02 3 2.29664
ITC46 2001 03 4 4.88382
ITC46 2001 04 4 14.5046
ITC46 2001 07 4 0.546669
ITC46 2001 09 2 0.375086
ITC46 2001 12 2 274.096
ITC46 2002 01 2 721.236
ITC46 2002 02 2 16.5708
ITC46 2002 03 2 222.846
ITC46 2002 04 2 18.8955
ITC46 2002 06 2 0.739868
ITC46 2003 01 2 1.63005
ITC46 2003 02 2 3.00948
ITC46 2003 03 2 76.7659
ITC46 2003 04 2 24.2223
ITC46 2003 07 2 1.45518
ITC46 2003 08 4 4.37108
ITC46 2003 09 4 7.27146
ITC46 2003 10 3 0.213704
ITC46 2003 12 3 0.583944
ITC46 2004 01 2 1.90282
ITC46 2004 02 2 61.7137
ITC46 2004 03 2 29.1961
ITC46 2004 04 2 0.698212
ITC46 2004 11 2 2.66094
ITC46 2004 12 3 1.14402
ITC46 2005 01 2 0.428439
ITC46 2005 02 2 31.0714
ITC46 2005 03 2 57.0535
ITC46 2005 04 3 0.554571
ITC46 2005 05 2 1.90125
ITC46 2005 06 2 1.53363
ITC46 2005 11 2 0.944976
ITC46 2006 01 3 6.84847
ITC46 2006 02 3 2.31959
ITC46 2006 03 4 1.78362
ITC46 2006 04 5 68.5336
ITC46 2006 06 5 3.95914
ITC46 2006 07 4 3.74567
ITC46 2006 09 2 0.166833
ITC46 2006 11 2 0.328658
ITC46 2006 12 4 7.66739
ITC47 1985 01 3 17.632
ITC47 1985 02 3 95.6063
ITC47 1985 03 5 8.03275
ITC47 1985 04 5 98.685
ITC47 1985 05 3 8.18032
ITC47 1985 08 3 1.9597
ITC47 1985 09 3 19.3304
ITC47 1985 10 2 101.527
ITC47 1985 12 2 71.0881
ITC47 1986 01 2 19.408
ITC47 1986 03 5 149.906
ITC47 1986 04 5 23.2063
ITC47 1986 05 2 7.97826
ITC47 1986 07 2 0.312028
ITC47 1986 10 3 2.06883
ITC47 1986 11 3 27.1
ITC47 1986 12 3 518.766
ITC47 1987 01 3 190.917
ITC47 1987 02 4 5.3634
ITC47 1987 03 4 333.594
ITC47 1987 04 4 195.049
ITC47 1987 05 5 5.67163
ITC47 1987 07 3 4.8243
ITC47 1987 08 2 5.4856
ITC47 1987 09 4 18.9557
ITC47 1987 11 4 15.4474
ITC47 1987 12 4 46.8956
ITC47 1988 01 3 6.18232
ITC47 1988 02 3 25.3191
ITC47 1988 03 3 349.095
ITC47 1988 04 3 9.67974
ITC47 1988 08 3 131.669
ITC47 1988 10 2 0.00573809
ITC47 1988 11 2 140.862
ITC47 1988 12 2 311.749
ITC47 1989 01 2 2742.97
ITC47 1989 02 2 1443.94
ITC47 1989 03 2 30.3301
ITC47 1989 04 2 1.32946
ITC47 1989 05 2 38.7656
ITC47 1989 10 2 65.4324
ITC47 1989 11 2 98.1029
ITC47 1989 12 2 263.114
ITC47 1990 01 2 501.553
ITC47 1990 02 2 1016.24
ITC47 1990 03 2 2603.89
ITC47 1990 04 4 4.99343
ITC47 1990 05 4 217.537
ITC47 1990 07 2 0.152973
ITC47 1990 08 2 20.4385
ITC47 1990 09 2 16.8788
ITC47 1990 10 4 41.5901
ITC47 1990 11 4 123.283
ITC47 1990 12 5 34.8108
ITC47 1991 01 5 90.5695
ITC47 1991 02 5 130.989
ITC47 1991 03 5 34.9859
ITC47 1991 04 5 93.2953
ITC47 1991 05 3 10.4428
ITC47 1991 06 3 1.6627
ITC47 1991 07 3 12.3388
ITC47 1991 08 3 24.7242
ITC47 1991 09 3 95.9926
ITC47 1991 11 4 69.4353
ITC47 1991 12 4 996.728
ITC47 1992 01 4 138.906
ITC47 1992 02 4 348.771
ITC47 1992 03 4 761.672
ITC47 1992 04 4 15.9884
ITC47 1992 05 4 11.852
ITC47 1992 08 4 318.818
ITC47 1992 11 4 466.523
ITC47 1993 01 4 58.0283
ITC47 1993 02 4 3910.73
ITC47 1993 03 4 555.247
ITC47 1993 04 4 149.66
ITC47 1993 08 4 148.473
ITC47 1993 11 2 2.69414
ITC47 1993 12 4 16.9179
ITC47 1994 01 4 1.42839
ITC47 1994 02 3 4.26465
ITC47 1994 03 3 158.811
ITC47 1994 04 3 21.4163
ITC47 1994 07 2 0.184464
ITC47 1994 08 2 42.8516
ITC47 1994 10 2 8.66184
ITC47 1994 11 2 229.803
ITC47 1994 12 2 584.737
ITC47 1995 01 2 228.15
ITC47 1995 02 4 8.52615
ITC47 1995 03 4 55.2055
ITC47 1995 04 4 64.9668
ITC47 1995 05 2 1.00863
ITC47 1995 11 2 197.038
ITC47 1996 02 2 2.57266
ITC47 1996 03 5 14.2815
ITC47 1996 04 5 48.2188
ITC47 1996 06 4 12.3481
ITC47 1996 07 2 0.942419
ITC47 1996 08 2 0.811469
ITC47 1996 09 2 0.54558
ITC47 1996 11 2 1.50707
ITC47 1996 12 3 3.18721
ITC47 1997 01 3 2.67138
ITC47 1997 02 3 173.458
ITC47 1997 03 3 2009.1
ITC47 1997 04 3 1407.55
ITC47 1997 05 2 2.96248
ITC47 1997 09 2 1.4488
ITC47 1997 10 3 2.22637
ITC47 1997 11 2 0.856927
ITC47 1997 12 5 7.10806
ITC47 1998 01 2 0.104812
ITC47 1998 02 2 389.321
ITC47 1998 03 2 470.649
ITC47 1998 04 2 10.0422
ITC47 1998 05 3 17.0846
ITC47 1998 08 2 0.527118
ITC47 1998 10 3 1.28135
ITC47 1998 11 3 3.85534
ITC47 1998 12 3 111.327
ITC47 1999 01 3 43.1237
ITC47 1999 02 3 174.725
ITC47 1999 03 3 37.0782
ITC47 1999 04 3 73.869
ITC47 1999 08 2 1.76567
ITC47 1999 09 2 4.5791
ITC47 1999 11 2 3.07445
ITC47 1999 12 2 0.758175
ITC47 2000 01 2 39.9308
ITC47 2000 02 2 198.314
ITC47 2000 03 2 276.842
ITC47 2000 04 2 1.04289
ITC47 2000 07 2 0.67936
ITC47 2000 08 3 17.585
ITC47 2000 09 2 0.0759679
ITC47 2001 02 2 4.78124
ITC47 2001 03 4 8.34389
ITC47 2001 08 5 1.1044
ITC47 2001 10 2 3.21675
ITC47 2001 11 2 26.0536
ITC47 2001 12 2 653.516
ITC47 2002 01 2 1043.13
ITC47 2002 02 2 7.66274
ITC47 2002 03 2 279.223
ITC47 2002 04 2 58.8482
ITC47 2002 05 3 4.1467
ITC47 2002 06 2 1.25096
ITC47 2002 07 2 3.36423
ITC47 2002 11 2 15.3886
ITC47 2003 01 5 14.9343
ITC47 2003 02 5 74.7484
ITC47 2003 03 5 181.34
ITC47 2003 04 5 34.6845
ITC47 2003 05 3 0.67198
ITC47 2003 06 3 25.1556
ITC47 2003 07 3 2.30908
ITC47 2003 08 3 50.0255
ITC47 2003 09 3 38.6307
ITC47 2003 10 3 1.93162
ITC47 2003 11 3 31.7096
ITC47 2003 12 3 46.5565
ITC47 2004 01 5 4.46233
ITC47 2004 02 5 113.069
ITC47 2004 03 5 5.26745
ITC47 2004 04 5 3.98443
ITC47 2004 05 4 9.64374
ITC47 2004 07 2 0.110241
ITC47 2004 08 2 0.190798
ITC47 2004 09 2 4.81591
ITC47 2004 11 2 12.2683
ITC47 2005 01 2 22.496
ITC47 2005 02 2 221.149
ITC47 2005 03 2 56.8754
ITC47 2005 04 3 2.61607
ITC47 2005 05 3 93.7832
ITC47 2005 06 4 8.26366
ITC47 2005 08 2 2.35636
ITC47 2005 10 2 4.5268
ITC47 2005 11 2 24.1537
ITC47 2005 12 2 11.1461
ITC47 2006 01 2 3.29484
ITC47 2006 02 2 0.0473116
ITC47 2006 03 2 17.0728
ITC47 2006 04 3 7.64529
ITC47 2006 06 3 0.364876
ITC47 2006 07 3 1.76822
ITC47 2006 09 3 0.136422
ITC47 2006 10 2 3.9046
ITC47 2006 11 2 159.177
ITC47 2006 12 4 67.3924
ITC48 1985 03 2 0.75696
ITC48 1985 04 2 12.9457
ITC48 1985 08 5 6.01249
ITC48 1986 03 2 4.31887
ITC48 1986 04 3 6.4965
ITC48 1986 08 2 4.01277
ITC48 1986 09 2 0.341268
ITC48 1987 01 2 6.62767
ITC48 1987 03 2 7.09612
ITC48 1987 04 3 6.4291
ITC48 1988 03 4 4.92814
ITC48 1989 02 3 7.84234
ITC48 1989 03 5 8.81754
ITC48 1989 08 3 4.03281
ITC48 1990 02 5 451.304
ITC48 1990 03 5 12.6959
ITC48 1990 05 2 4.87279
ITC48 1990 07 4 5.63724
ITC48 1990 08 3 0.632522
ITC48 1990 09 3 8.9081
ITC48 1990 10 2 0.10608
ITC48 1991 03 2 3.93195
ITC48 1991 07 2 3.47237
ITC48 1991 08 2 4.42185
ITC48 1991 09 2 6.86415
ITC48 1991 12 3 0.240488
ITC48 1992 01 2 0.323062
ITC48 1992 02 2 8.50586
ITC48 1992 03 2 17.736
ITC48 1992 04 2 0.139949
ITC48 1992 05 5 1.7653
ITC48 1992 08 4 0.476599
ITC48 1992 09 2 0.425667
ITC48 1993 01 2 3.48215
ITC48 1993 02 2 6.12612
ITC48 1993 03 2 10.6989
ITC48 1993 07 2 0.0705859
ITC48 1993 08 2 7.23625
ITC48 1993 10 2 5.68188
ITC48 1994 03 2 85.8196
ITC48 1994 04 2 0.055606
ITC48 1994 08 2 0.0515675
ITC48 1994 11 2 0.261519
ITC48 1995 02 2 3.67512
ITC48 1995 03 4 5.39496
ITC48 1995 04 4 2.28923
ITC48 1995 07 2 0.565642
ITC48 1995 08 2 0.228087
ITC48 1996 03 2 3.30613
ITC48 1997 02 2 2.83886
ITC48 1997 03 2 11.1194
ITC48 1997 04 2 5.77809
ITC48 1997 05 3 3.57997
ITC48 1997 08 3 0.518359
ITC48 1998 02 3 2.24438
ITC48 1998 03 2 2.27086
ITC48 1998 04 2 15.5989
ITC48 1998 07 2 4.03318
ITC48 1999 02 5 25.7941
ITC48 2000 02 5 12.8179
ITC48 2000 03 3 1.22174
ITC48 2002 01 2 0.0420428
ITC48 2002 03 3 5.08647
ITC48 2002 04 2 2.64927
ITC48 2002 05 2 0.442518
ITC48 2003 01 3 2.28214
ITC48 2003 02 3 0.382901
ITC48 2003 03 3 47.5625
ITC48 2003 04 2 0.386937
ITC48 2003 06 4 1.13973
ITC48 2003 07 4 1.88312
ITC48 2003 08 4 10.2217
ITC48 2003 09 4 4.85406
ITC48 2004 01 2 0.288982
ITC48 2004 02 2 2.16534
ITC48 2004 03 2 1.34318
ITC48 2004 04 2 4.15604
ITC48 2004 05 2 0.112563
ITC48 2004 06 2 2.48388
ITC48 2004 07 3 0.501547
ITC48 2004 08 5 5.64533
ITC48 2004 09 3 1.4229
ITC48 2005 01 2 0.206316
ITC48 2005 02 4 9.23247
ITC48 2005 06 2 0.272332
ITC48 2005 08 3 1.45974
ITC48 2006 03 4 0.445352
ITC48 2006 05 2 0.0114919
ITC48 2006 06 3 2.66019
ITC48 2006 07 2 1.9104
ITC48 2006 12 2 0.60314
ITC49 2005 07 2 0.375633
ITC4A 1997 08 2 13.7867
ITC4A 1999 02 2 0.229466
ITC4B 1987 03 2 2.47508
ITC4B 1987 04 2 0.353324
ITC4B 1988 08 2 2.52262
ITC4B 1994 07 2 1.69896
ITC4B 2003 03 2 0.328518
ITC4B 2003 09 2 0.724115
ITC4B 2004 03 2 5.6131
ITC4B 2005 02 2 31.2927
ITD10 1990 03 2 36.0187
ITD10 1990 04 4 2.32979
ITD10 1990 05 4 20.0458
ITD10 1990 08 3 1.2554
ITD10 1990 09 3 0.952945
ITD10 1991 03 2 0.056851
ITD10 1991 04 3 0.589649
ITD10 1991 06 4 0.105429
ITD10 1991 08 4 10.1234
ITD10 1991 09 4 1.76849
ITD10 1991 12 2 0.00870236
ITD10 1992 02 2 0.052207
ITD10 1992 05 2 1.39386
ITD10 1992 08 2 1.23104
ITD10 1992 09 2 0.0278472
ITD10 1993 02 2 7.7706
ITD10 1993 03 2 7.04409
ITD10 1993 04 2 0.00544734
ITD10 1993 06 2 1.09776
ITD10 1993 08 3 0.0567641
ITD10 1993 09 2 0.0146335
ITD10 1994 03 2 1.55569
ITD10 1994 04 4 1.51025
ITD10 1994 06 3 0.46197
ITD10 1994 07 4 0.128917
ITD10 1994 08 4 0.377773
ITD10 1994 12 2 0.528255
ITD10 1995 04 3 0.56279
ITD10 1995 05 2 0.733265
ITD10 1995 08 3 2.47326
ITD10 1995 11 3 0.0147346
ITD10 1996 03 3 4.53388
ITD10 1996 04 3 32.8966
ITD10 1996 08 2 0.00140814
ITD10 1997 04 2 2.64909
ITD10 1997 08 2 0.00162995
ITD10 1998 02 2 0.0658151
ITD10 1998 11 2 13.4559
ITD10 2000 07 2 0.00971225
ITD10 2001 05 3 0.0713163
ITD10 2001 06 4 0.427643
ITD10 2001 07 3 0.00709782
ITD10 2001 11 3 0.0790895
ITD10 2001 12 2 0.331623
ITD10 2002 01 2 65.2019
ITD10 2002 02 2 0.00122877
ITD10 2002 03 2 0.165883
ITD10 2002 04 3 0.128658
ITD10 2002 05 2 0.198106
ITD10 2002 06 3 0.149274
ITD10 2002 08 2 0.0005158
ITD10 2003 02 5 9.50778
ITD10 2003 03 5 0.994373
ITD10 2003 04 5 29.3801
ITD10 2003 06 5 1.63485
ITD10 2003 08 2 0.00119723
ITD10 2003 11 2 0.12861
ITD10 2004 02 2 2.07387
ITD10 2004 03 2 0.167059
ITD10 2004 04 2 0.0708798
ITD10 2004 05 3 0.365502
ITD10 2004 06 3 15.7833
ITD10 2004 07 2 0.00977939
ITD10 2004 08 5 0.0521955
ITD10 2004 09 3 0.050002
ITD10 2004 11 2 0.892506
ITD10 2005 01 2 0.451516
ITD10 2005 02 3 1.67451
ITD10 2005 03 5 8.15134
ITD10 2005 04 3 0.706839
ITD10 2005 05 4 2.03238
ITD10 2005 06 4 1.41065
ITD10 2005 07 2 2.31934
ITD10 2005 08 5 0.0264954
ITD10 2005 09 2 0.107405
ITD10 2005 12 2 0.483951
ITD10 2006 01 2 0.32016
ITD10 2006 02 2 0.0159804
ITD10 2006 03 2 0.0398334
ITD10 2006 04 2 0.341237
ITD10 2006 06 2 1.31698
ITD10 2006 07 2 1.0649
ITD10 2006 08 3 0.129799
ITD10 2006 09 4 0.264881
ITD10 2006 10 2 0.0107838
ITD10 2006 11 2 0.0115789
ITD20 1985 02 4 2.72564
ITD20 1985 03 3 4.34373
ITD20 1985 04 3 40.9882
ITD20 1985 05 3 7.80847
ITD20 1985 07 5 2.71968
ITD20 1985 08 5 10.0121
ITD20 1985 09 5 89.8914
ITD20 1985 10 5 148.195
ITD20 1985 12 4 1.57214
ITD20 1986 01 2 3.1285
ITD20 1986 02 2 0.0345131
ITD20 1986 03 2 23.4417
ITD20 1986 04 5 14.6751
ITD20 1986 05 5 1.52417
ITD20 1986 07 2 1.38039
ITD20 1986 08 4 0.255485
ITD20 1986 09 2 0.0106478
ITD20 1986 10 5 2.91416
ITD20 1986 11 3 2.18308
ITD20 1986 12 3 67.8001
ITD20 1987 01 3 15.4297
ITD20 1987 02 4 5.19692
ITD20 1987 03 4 55.5713
ITD20 1987 04 4 273.515
ITD20 1987 05 4 65.0422
ITD20 1987 06 2 0.243322
ITD20 1987 07 3 0.590508
ITD20 1987 08 4 0.599198
ITD20 1987 09 4 24.4271
ITD20 1987 12 2 0.0570228
ITD20 1988 01 3 0.139153
ITD20 1988 02 3 21.5551
ITD20 1988 03 3 431.417
ITD20 1988 04 3 3.15792
ITD20 1988 07 2 2.51094
ITD20 1988 08 2 10.6651
ITD20 1988 09 4 9.163
ITD20 1988 11 4 8.34138
ITD20 1988 12 4 158.306
ITD20 1989 01 4 292.384
ITD20 1989 02 4 495.765
ITD20 1989 03 4 186.95
ITD20 1989 04 4 2.11958
ITD20 1989 05 4 24.3634
ITD20 1989 06 2 5.83348
ITD20 1989 08 5 3.42417
ITD20 1989 09 4 0.0426358
ITD20 1989 10 4 12.6531
ITD20 1989 11 4 3.57895
ITD20 1989 12 4 6.90013
ITD20 1990 01 4 58.9937
ITD20 1990 02 4 78.7737
ITD20 1990 03 4 1127.19
ITD20 1990 04 4 12.8823
ITD20 1990 05 4 42.5101
ITD20 1990 06 2 0.058482
ITD20 1990 07 2 23.918
ITD20 1990 08 2 1.65202
ITD20 1990 09 2 32.6928
ITD20 1990 11 2 0.880894
ITD20 1990 12 5 1.38081
ITD20 1991 02 3 0.272571
ITD20 1991 03 4 19.4469
ITD20 1991 04 4 3.365
ITD20 1991 05 4 2.10806
ITD20 1991 06 4 0.173716
ITD20 1991 07 5 30.855
ITD20 1991 08 5 4.49381
ITD20 1991 09 5 0.144358
ITD20 1991 12 5 34.5035
ITD20 1992 01 5 50.0195
ITD20 1992 02 5 175.034
ITD20 1992 03 5 361.913
ITD20 1992 04 5 2.25804
ITD20 1992 05 5 45.0464
ITD20 1992 07 3 0.030564
ITD20 1992 08 3 109.436
ITD20 1992 09 4 8.45256
ITD20 1992 10 3 2.69976
ITD20 1992 11 3 2.63618
ITD20 1993 01 3 5.92219
ITD20 1993 02 3 602.789
ITD20 1993 03 3 86.5912
ITD20 1993 04 3 4.35284
ITD20 1993 05 2 0.0113818
ITD20 1993 06 3 0.272188
ITD20 1993 07 2 0.00645205
ITD20 1993 08 2 5.10572
ITD20 1994 05 2 4.86189
ITD20 1994 06 4 0.220695
ITD20 1994 07 5 0.36048
ITD20 1994 08 5 60.6811
ITD20 1994 09 2 0.056638
ITD20 1994 11 2 0.179558
ITD20 1994 12 2 45.8232
ITD20 1995 01 2 1.11757
ITD20 1995 02 3 1.37777
ITD20 1995 03 3 155.783
ITD20 1995 04 3 645.333
ITD20 1995 05 3 48.7717
ITD20 1995 07 5 0.0760869
ITD20 1995 08 5 0.938675
ITD20 1996 02 5 0.944288
ITD20 1996 03 5 41.9235
ITD20 1996 04 5 116.656
ITD20 1996 05 2 0.0501863
ITD20 1996 08 4 0.175816
ITD20 1997 02 4 90.4634
ITD20 1997 03 4 83.006
ITD20 1997 04 4 300.618
ITD20 1997 05 2 1.16311
ITD20 1997 06 2 0.00356371
ITD20 1997 07 2 1.30975
ITD20 1997 10 2 1.04906
ITD20 1997 11 5 3.42424
ITD20 1998 01 2 0.161296
ITD20 1998 02 2 12.7441
ITD20 1998 03 2 189.827
ITD20 1998 04 2 1.31878
ITD20 1998 05 2 12.6612
ITD20 1998 07 5 0.835959
ITD20 1998 08 5 0.373666
ITD20 1998 09 2 0.187482
ITD20 1998 11 2 8.64507
ITD20 1998 12 2 0.172065
ITD20 1999 01 4 8.51961
ITD20 1999 02 4 68.969
ITD20 1999 03 5 4.84563
ITD20 1999 04 3 2.97616
ITD20 1999 06 4 0.057832
ITD20 1999 07 2 0.00262926
ITD20 1999 08 2 0.00157127
ITD20 1999 10 2 0.0636592
ITD20 1999 11 3 0.723503
ITD20 1999 12 2 0.461773
ITD20 2000 01 2 1.0172
ITD20 2000 02 2 49.7282
ITD20 2000 03 2 21.1065
ITD20 2000 04 2 0.158275
ITD20 2000 06 3 0.18263
ITD20 2000 07 4 0.12513
ITD20 2000 08 4 0.182238
ITD20 2000 09 4 1.20231
ITD20 2001 02 4 4.14133
ITD20 2001 04 3 0.05363
ITD20 2001 05 2 0.178156
ITD20 2001 06 2 0.653585
ITD20 2001 07 2 0.0472676
ITD20 2001 08 2 0.170912
ITD20 2001 09 2 0.00407583
ITD20 2001 12 2 18.1122
ITD20 2002 01 2 496.662
ITD20 2002 03 2 117.541
ITD20 2002 04 2 1.76573
ITD20 2002 05 2 0.0306781
ITD20 2002 06 2 0.373896
ITD20 2002 07 3 2.58289
ITD20 2002 08 4 0.781956
ITD20 2003 02 4 0.773543
ITD20 2003 03 4 19.4426
