X Y
141.107086181641 -27.5979175567627
143.937911987305 -27.7629165649414
144.282089233398 -26.6120834350586
144.838745117188 -15.28125
144.484588623047 -15.6137504577637
145.012924194336 -15.7679166793823
144.21208190918 -14.9170837402344
145.066253662109 -15.4245834350586
145.209579467773 -15.6870832443237
145.288757324219 -15.9854164123535
145.337921142578 -16.390417098999
145.612075805664 -16.8004169464111
145.430419921875 -17.0012493133545
145.539581298828 -17.2587509155273
145.530410766602 -16.7804164886475
145.598754882812 -17.1329174041748
145.548751831055 -17.2279167175293
145.577087402344 -17.2620830535889
145.442916870117 -16.8420829772949
145.512924194336 -17.3370838165283
145.539581298828 -17.2920837402344
145.535415649414 -17.3270835876465
145.452087402344 -17.1654167175293
145.48957824707 -17.1579170227051
145.696243286133 -16.9420833587646
145.652923583984 -17.3795833587646
145.932922363281 -17.544584274292
145.862915039062 -17.5404167175293
145.978744506836 -17.6079158782959
145.630416870117 -17.7395839691162
145.651245117188 -17.7729167938232
145.53791809082 -18.2045841217041
145.477081298828 -17.6045837402344
145.341247558594 -18.0654163360596
145.341247558594 -17.6512508392334
145.297088623047 -17.6262493133545
145.437911987305 -17.7354164123535
145.14958190918 -17.9179172515869
147.110412597656 -19.6329174041748
146.958755493164 -19.7737503051758
147.023742675781 -19.6729164123535
147.169586181641 -19.689582824707
147.245422363281 -19.7604160308838
147.165420532227 -20.6279163360596
145.908752441406 -19.1312503814697
146.026245117188 -19.810417175293
147.597076416016 -20.5820827484131
148.324584960938 -20.9179172515869
147.882080078125 -20.7545833587646
148.44792175293 -21.1929168701172
146.860412597656 -21.5337505340576
146.425415039062 -20.997917175293
147.716247558594 -21.4504165649414
148.117080688477 -20.2887496948242
148.155410766602 -20.1495838165283
148.128753662109 -20.0045833587646
148.860412597656 -21.0345840454102
148.834579467773 -21.3229160308838
148.832077026367 -21.1754169464111
148.64958190918 -21.1329174041748
149.076248168945 -21.1420841217041
149.022079467773 -21.2837505340576
150.666244506836 -22.8345832824707
149.935409545898 -23.5762500762939
150.107086181641 -23.0887508392334
149.869583129883 -22.9679164886475
149.032913208008 -23.0762500762939
148.605422973633 -23.5404167175293
148.152923583984 -23.4329166412354
147.57958984375 -22.797082901001
147.756256103516 -23.8854160308838
147.893753051758 -23.185417175293
148.473754882812 -23.4804172515869
149.788757324219 -25.6379165649414
149.789581298828 -25.3879165649414
149.973754882812 -24.8320827484131
150.525421142578 -24.1487503051758
149.32958984375 -25.7437496185303
150.283752441406 -24.1054172515869
150.624588012695 -24.5754165649414
149.882919311523 -26.0254173278809
150.372085571289 -23.6570835113525
149.78791809082 -24.6212501525879
150.387924194336 -23.627082824707
150.382080078125 -23.624584197998
150.38542175293 -23.6329174041748
150.378753662109 -23.6454162597656
150.377090454102 -23.6504173278809
150.407089233398 -23.6454162597656
150.369583129883 -23.7637500762939
149.520416259766 -25.4929161071777
150.265411376953 -23.8487491607666
149.11457824707 -22.65625
149.131256103516 -22.0345840454102
148.92707824707 -21.7770824432373
148.685409545898 -21.6820831298828
148.383743286133 -22.1704158782959
148.78791809082 -21.7695827484131
147.973754882812 -21.8554172515869
149.202911376953 -21.8512496948242
148.693756103516 -24.8420829772949
148.55207824707 -23.6129169464111
151.825424194336 -24.3762493133545
151.89208984375 -24.96875
151.657089233398 -25.544584274292
151.296249389648 -25.59375
151.518753051758 -25.2729167938232
151.988754272461 -25.3812503814697
151.297088623047 -25.59375
151.147079467773 -25.2804164886475
151.113754272461 -24.6129169464111
151.26042175293 -24.7454166412354
151.347076416016 -24.9920825958252
151.27458190918 -25.2129173278809
152.044586181641 -26.3004169464111
151.817916870117 -26.7379169464111
151.807922363281 -25.7104167938232
152.057083129883 -26.4704170227051
152.065414428711 -26.3170833587646
151.772079467773 -26.5012493133545
151.546249389648 -26.1812496185303
151.007919311523 -25.6804161071777
151.020416259766 -25.937084197998
151.307922363281 -26.2545833587646
151.331253051758 -25.7862491607666
152.376251220703 -24.9887504577637
152.422912597656 -24.9720840454102
152.240417480469 -25.0862503051758
152.391250610352 -25.1529159545898
152.368743896484 -25.2662506103516
152.495422363281 -25.952917098999
152.411254882812 -26.0054168701172
152.521255493164 -26.2154159545898
152.60041809082 -26.169584274292
152.785415649414 -26.077917098999
152.220413208008 -26.0787506103516
152.527084350586 -25.7662506103516
152.620422363281 -26.3645839691162
152.814590454102 -26.3295841217041
152.705413818359 -26.627082824707
152.743743896484 -26.5254173278809
152.644577026367 -26.3895835876465
152.872909545898 -26.7587509155273
152.722915649414 -25.8195838928223
153.042922973633 -26.0562496185303
152.903747558594 -26.5895824432373
152.958755493164 -26.6220836639404
152.939590454102 -26.562084197998
152.982086181641 -26.7604160308838
153.018753051758 -26.6620826721191
152.963745117188 -26.4945831298828
153.003753662109 -26.8779163360596
152.890411376953 -27.0970840454102
152.923751831055 -27.3462505340576
152.668746948242 -27.439582824707
152.273742675781 -26.8037490844727
152.405410766602 -26.9895839691162
152.137924194336 -26.7387504577637
152.446243286133 -27.2354164123535
152.115417480469 -27.5420837402344
152.530410766602 -27.4204158782959
152.36457824707 -27.7295837402344
152.51708984375 -27.4537506103516
152.215423583984 -27.6345825195312
152.165420532227 -27.6537494659424
152.388748168945 -27.5520839691162
152.132919311523 -27.6045837402344
152.841247558594 -26.8387508392334
152.625411987305 -27.1337509155273
152.57958984375 -26.9212493896484
152.762084960938 -26.935417175293
152.330413818359 -27.1354160308838
153.48957824707 -27.5345840454102
153.508743286133 -27.4954166412354
152.92707824707 -28.0704174041748
153.105422973633 -27.9087505340576
153.158752441406 -27.9970836639404
153.477081298828 -28.437084197998
152.106246948242 -29.6929168701172
152.009582519531 -30.2579174041748
151.846252441406 -29.7212505340576
152.198745727539 -28.4662494659424
151.706253051758 -30.2595825195312
151.467910766602 -32.0279159545898
151.631256103516 -32.1995849609375
151.470413208008 -33.0720825195312
151.391250610352 -33.2445831298828
150.094589233398 -33.5345840454102
150.245422363281 -33.7295837402344
150.810409545898 -32.8604164123535
150.098754882812 -33.4962501525879
150.083755493164 -33.3987503051758
150.706253051758 -34.5754165649414
150.032913208008 -35.1462516784668
149.928756713867 -35.5395851135254
149.639587402344 -35.7887496948242
150.668746948242 -34.8012504577637
149.692916870117 -36.2562484741211
149.810409545898 -36.5987510681152
149.658752441406 -37.0712509155273
149.317077636719 -37.1379165649414
149.198745727539 -37.372917175293
148.915420532227 -37.4470825195312
149.492919921875 -37.6887512207031
149.207077026367 -37.3554153442383
149.520416259766 -37.4145851135254
148.98291015625 -37.4404182434082
148.902084350586 -37.6070823669434
149.157089233398 -37.5379180908203
149.09375 -36.9945831298828
149.034576416016 -36.9045829772949
148.421249389648 -36.8879165649414
148.361251831055 -37.6612510681152
148.547912597656 -37.5095825195312
148.172912597656 -37.495418548584
148.41291809082 -37.0829162597656
148.424575805664 -37.0854148864746
148.359588623047 -37.4104156494141
148.273742675781 -37.4987487792969
147.728744506836 -37.2687492370605
147.697082519531 -37.5920829772949
147.870422363281 -37.6720848083496
147.848754882812 -37.7570838928223
147.711242675781 -37.7370834350586
148.063751220703 -37.4462509155273
147.927917480469 -36.9545822143555
147.826248168945 -37.4812507629395
147.166244506836 -37.4895820617676
147.374588012695 -37.7637481689453
147.089584350586 -37.4070816040039
147.268753051758 -37.495418548584
147.393753051758 -37.4945831298828
147.57292175293 -37.814582824707
147.368743896484 -37.7370834350586
146.780410766602 -37.9854164123535
147.076248168945 -37.96875
146.805419921875 -37.9020843505859
146.622909545898 -37.629581451416
146.881256103516 -38.0104179382324
146.432922363281 -37.8529167175293
146.567077636719 -37.5162506103516
146.667922973633 -37.7695846557617
146.992080688477 -37.7437515258789
146.884582519531 -37.8020820617676
146.65625 -37.9129180908203
146.625411987305 -37.9745826721191
146.992080688477 -38.0454177856445
147.173751831055 -38.0229148864746
146.976257324219 -38.0254173278809
146.411254882812 -38.1670837402344
146.355422973633 -38.0479164123535
146.308746337891 -37.9445838928223
146.387084960938 -38.0529174804688
146.269577026367 -38.1629180908203
146.160415649414 -38.0879173278809
146.022079467773 -37.90625
146.002914428711 -38.2054176330566
146.242919921875 -38.0945816040039
146.186248779297 -38.2712516784668
146.007080078125 -37.8670845031738
145.892913818359 -37.8812484741211
146.789581298828 -38.1479148864746
146.193756103516 -37.9795837402344
146.918746948242 -38.1395835876465
146.792083740234 -38.1420822143555
146.333755493164 -37.9620819091797
146.282913208008 -38.1529159545898
146.212921142578 -38.1754150390625
146.305419921875 -38.40625
146.367919921875 -38.2154159545898
146.53125 -38.3229179382324
146.542083740234 -38.2687492370605
145.992080688477 -38.5812492370605
146.654586791992 -38.3520851135254
146.743743896484 -38.3945846557617
146.372085571289 -38.6395835876465
146.53791809082 -38.5254173278809
145.72541809082 -38.3570823669434
146.555419921875 -38.4695816040039
146.161254882812 -38.4987487792969
145.957077026367 -38.3929176330566
145.515411376953 -38.466251373291
145.708755493164 -38.5587501525879
146.307922363281 -38.629581451416
146.916244506836 -38.2662506103516
146.222915649414 -38.6137504577637
145.798751831055 -38.3595848083496
145.816253662109 -38.4120826721191
145.882080078125 -38.4029159545898
146.57958984375 -38.4754180908203
145.792922973633 -38.4320831298828
147.165420532227 -38.3554153442383
144.836242675781 -37.7270851135254
144.742919921875 -37.5829162597656
144.672088623047 -37.4637489318848
144.801254272461 -37.6312484741211
144.572082519531 -37.4745826721191
144.625411987305 -37.4104156494141
144.584579467773 -37.4195823669434
144.639587402344 -37.312915802002
144.684585571289 -37.372917175293
144.740417480469 -37.4904174804688
144.662078857422 -37.3962516784668
144.59375 -37.3979148864746
144.817077636719 -37.4270820617676
144.616256713867 -37.4879150390625
144.601257324219 -37.3854179382324
144.67041015625 -37.4262504577637
144.427917480469 -37.6804161071777
144.294586181641 -37.6145820617676
144.646255493164 -37.8787498474121
144.361251831055 -37.495418548584
144.491256713867 -37.6812515258789
144.448745727539 -37.5920829772949
144.249588012695 -37.5995826721191
144.30207824707 -37.4562492370605
144.485412597656 -37.9537506103516
144.278747558594 -38.0895843505859
144.107086181641 -37.7637481689453
144.123748779297 -37.8962516784668
144.042083740234 -37.6437492370605
144.09375 -37.7095832824707
144.060409545898 -37.6337509155273
144.082077026367 -37.6329154968262
144.186248779297 -37.6054153442383
144.013748168945 -37.5054168701172
144.127914428711 -37.8945846557617
144.207916259766 -37.8187484741211
144.152084350586 -37.5079154968262
144.187911987305 -37.6070823669434
144.162078857422 -37.59375
144.175415039062 -37.59375
144.067077636719 -37.5062484741211
144.076248168945 -37.4962501525879
144.17707824707 -37.5587501525879
144.075424194336 -37.5379180908203
144.151245117188 -37.5079154968262
144.198745727539 -37.6720848083496
144.201248168945 -37.7820816040039
144.01708984375 -37.5320816040039
144.026245117188 -37.5487518310547
143.985412597656 -37.5495834350586
144.187088012695 -38.1437492370605
143.991256713867 -38.2412490844727
143.977920532227 -38.0137481689453
143.918746948242 -37.810417175293
143.990417480469 -38.1495819091797
143.867080688477 -37.9287490844727
143.833755493164 -38.3245849609375
143.711242675781 -38.4212493896484
143.682083129883 -38.408748626709
143.722076416016 -38.5320816040039
143.722915649414 -38.5262489318848
143.76042175293 -38.4987487792969
143.936248779297 -38.3004150390625
143.730422973633 -38.4479179382324
143.769577026367 -38.4629173278809
143.85791015625 -38.4054183959961
143.713745117188 -38.5804176330566
143.633743286133 -38.4137496948242
143.761245727539 -38.499584197998
143.967910766602 -37.5479164123535
143.85791015625 -38.4054183959961
143.84375 -37.6120834350586
143.584579467773 -37.8087501525879
143.642913818359 -38.0112495422363
143.419586181641 -38.3537483215332
143.558746337891 -38.3387489318848
143.65625 -38.562084197998
142.960418701172 -38.4445838928223
143.529586791992 -38.6554183959961
143.442916870117 -38.6387481689453
143.581253051758 -38.6679153442383
143.54541015625 -38.5345840454102
143.257080078125 -38.5887489318848
143.947082519531 -38.5720825195312
143.247909545898 -38.7012481689453
143.368743896484 -38.557918548584
143.483749389648 -38.5237503051758
144.070419311523 -38.442081451416
143.625411987305 -38.7554168701172
143.572082519531 -38.4829177856445
142.988754272461 -38.4479179382324
143.682083129883 -38.6120834350586
144.293746948242 -38.2704162597656
143.945419311523 -38.5370826721191
144.046249389648 -38.4362487792969
143.655410766602 -38.5929183959961
143.680419921875 -38.6095848083496
142.724578857422 -37.6937484741211
143.360412597656 -37.687915802002
143.064590454102 -37.6820831298828
142.48291015625 -38.317081451416
142.625411987305 -38.3337516784668
142.703750610352 -38.2437515258789
142.652084350586 -38.3454170227051
143.463745117188 -37.5320816040039
143.673751831055 -37.5279159545898
142.881256103516 -38.3054161071777
142.939590454102 -37.3179168701172
143.268753051758 -37.3062515258789
143.267913818359 -37.2929153442383
142.226257324219 -38.3187484741211
141.620422363281 -38.125415802002
141.771255493164 -38.1495819091797
141.944580078125 -38.2570838928223
141.66291809082 -38.2429161071777
141.428756713867 -37.6179161071777
141.953750610352 -37.2362518310547
141.282089233398 -37.9245834350586
142.503753662109 -37.3720817565918
142.507080078125 -37.372917175293
141.595413208008 -37.1645851135254
141.242919921875 -37.3670845031738
141.841247558594 -37.6729164123535
141.832916259766 -37.7079162597656
142.003753662109 -37.5245819091797
141.426254272461 -37.495418548584
141.849578857422 -37.1529159545898
141.506256103516 -37.6454162597656
141.481246948242 -37.3212509155273
141.409576416016 -37.8695831298828
141.456253051758 -37.9804153442383
141.342910766602 -37.2379150390625
148.119583129883 -36.0329170227051
147.376251220703 -36.533748626709
147.604583740234 -36.9470825195312
147.232086181641 -36.4079170227051
147.677917480469 -36.2120819091797
147.413757324219 -36.5679168701172
147.456253051758 -36.53125
147.830413818359 -36.4454154968262
147.703750610352 -36.8662490844727
147.472915649414 -36.9320831298828
147.709579467773 -36.7554168701172
147.334579467773 -36.2129173278809
147.457916259766 -37.0879173278809
147.878753662109 -36.0654182434082
147.972915649414 -36.1062507629395
147.433746337891 -36.6604156494141
147.500411987305 -36.5512504577637
147.10041809082 -36.5954170227051
146.907089233398 -36.3037490844727
146.95458984375 -36.1370849609375
147.044586181641 -36.5395851135254
146.894577026367 -36.3162498474121
147.015411376953 -36.254581451416
147.020416259766 -36.2529182434082
147.160415649414 -36.7904167175293
146.321243286133 -36.3495826721191
146.952911376953 -36.7254180908203
146.344589233398 -36.3312492370605
146.71875 -36.5712509155273
146.244583129883 -36.6195831298828
146.820419311523 -36.5770835876465
146.582916259766 -36.8204154968262
146.631256103516 -36.8045845031738
146.667922973633 -36.7112503051758
146.601257324219 -36.3112487792969
146.700424194336 -36.9104156494141
146.389587402344 -36.5162506103516
146.449584960938 -36.5112495422363
146.362915039062 -36.6062507629395
146.397918701172 -36.8312492370605
146.395416259766 -36.908748626709
146.669586181641 -36.533748626709
146.979583740234 -36.7512512207031
146.882080078125 -36.7204170227051
146.42041015625 -36.6595840454102
146.236251831055 -36.1629180908203
147.065414428711 -36.8762512207031
146.317916870117 -36.0729179382324
146.64958190918 -36.0295829772949
146.300415039062 -36.3362503051758
146.666244506836 -36.7945823669434
145.832077026367 -36.1237487792969
146.058746337891 -36.6112518310547
145.973754882812 -36.7587509155273
145.685409545898 -36.0987510681152
145.941253662109 -36.4737510681152
145.449584960938 -36.4304161071777
145.669586181641 -36.432918548584
145.980422973633 -36.6162490844727
146.208755493164 -36.7929153442383
146.21875 -36.8187484741211
145.834579467773 -36.2929153442383
145.941253662109 -36.4737510681152
146.011245727539 -36.8454170227051
146.029586791992 -36.778751373291
145.993743896484 -36.721248626709
145.219589233398 -36.6162490844727
145.202911376953 -37.091251373291
145.108749389648 -37.0204162597656
145.889587402344 -37.2470817565918
145.393753051758 -36.379581451416
145.564590454102 -37.4129180908203
145.713745117188 -37.3179168701172
145.056243896484 -37.0987510681152
146.112915039062 -37.1579170227051
146.207077026367 -37.2295837402344
145.472915649414 -37.3820838928223
146.187911987305 -37.2904167175293
146.130416870117 -37.3312492370605
145.307083129883 -36.6212501525879
146.057083129883 -37.3670845031738
145.29541015625 -36.9462509155273
144.807083129883 -36.6004180908203
145.288757324219 -37.346248626709
145.122909545898 -36.1795845031738
145.682922363281 -36.8870849609375
145.567077636719 -36.7287483215332
144.857086181641 -37.120418548584
145.055419921875 -37.0595817565918
145.827911376953 -37.2904167175293
146.053756713867 -37.0379180908203
145.351257324219 -36.5904159545898
145.625411987305 -36.591251373291
144.914581298828 -36.8562507629395
145.785415649414 -36.96875
145.873748779297 -37.2612495422363
146.076248168945 -37.5195846557617
145.39958190918 -36.4562492370605
145.347076416016 -36.437915802002
145.605422973633 -37.1054153442383
145.287078857422 -36.2420845031738
145.127914428711 -37.3679161071777
145.127090454102 -37.375415802002
145.207916259766 -37.0320816040039
145.76042175293 -36.7120819091797
146.370422363281 -37.1037483215332
145.474578857422 -36.877082824707
145.773742675781 -37.5254173278809
145.422088623047 -37.1637496948242
145.127914428711 -36.5862503051758
145.179580688477 -36.5120849609375
145.137924194336 -36.1987495422363
145.21208190918 -36.2270851135254
145.141250610352 -36.1862487792969
145.145416259766 -36.3429183959961
145.313751220703 -36.504581451416
145.433746337891 -36.1812515258789
145.382080078125 -36.1795845031738
144.380416870117 -37.1912498474121
144.554580688477 -36.6287498474121
144.701248168945 -36.3312492370605
144.530410766602 -36.8429183959961
144.450424194336 -37.3870849609375
144.380416870117 -37.2512512207031
144.540420532227 -37.0154151916504
144.427917480469 -36.7737503051758
144.491256713867 -36.9612503051758
144.355422973633 -36.8962516784668
144.533752441406 -36.8487510681152
144.652084350586 -36.879581451416
144.664581298828 -36.9462509155273
144.363754272461 -37.3187484741211
144.391250610352 -36.810417175293
144.676254272461 -36.0979156494141
144.511245727539 -37.3379173278809
144.434585571289 -37.2895851135254
144.339584350586 -37.2387504577637
144.374588012695 -37.192081451416
144.769577026367 -36.127082824707
144.976257324219 -36.3279151916504
144.581253051758 -36.0370826721191
144.627090454102 -36.182918548584
144.702087402344 -36.3270835876465
144.680419921875 -36.3220825195312
143.919586181641 -35.7020835876465
143.892913818359 -36.8312492370605
143.872909545898 -35.9237518310547
144.124588012695 -35.65625
143.747909545898 -36.9220848083496
143.790420532227 -37.2962493896484
144.058746337891 -37.1087493896484
144.209579467773 -37.1579170227051
143.629577636719 -36.995418548584
144.10041809082 -37.2062492370605
143.833755493164 -37.2262496948242
143.865417480469 -36.3229179382324
143.922912597656 -37.3337516784668
143.952087402344 -36.4295845031738
143.96208190918 -37.1637496948242
144.286254882812 -36.1620826721191
143.946243286133 -37.4412498474121
143.948745727539 -37.4437484741211
143.866256713867 -37.0887489318848
144.003753662109 -37.4045829772949
144.469589233398 -36.4520835876465
144.290420532227 -36.7445831298828
144.36457824707 -36.6329154968262
143.996246337891 -35.8962516784668
143.522918701172 -37.187915802002
144.205413818359 -35.9154167175293
143.826248168945 -36.0112495422363
144.175415039062 -37.3912506103516
144.23957824707 -37.3854179382324
143.647918701172 -37.2845840454102
143.632080078125 -37.2570838928223
144.566253662109 -36.0804176330566
144.101257324219 -35.8812484741211
143.513748168945 -35.9070816040039
145.557083129883 -35.8137512207031
143.565414428711 -35.3279151916504
144.464584350586 -35.939582824707
143.764587402344 -35.4229164123535
144.961242675781 -36.0179176330566
145.82292175293 -36.0012512207031
145.332916259766 -35.9079170227051
149.450424194336 -35.6129150390625
149.196243286133 -36.1104164123535
149.095413208008 -36.1645851135254
148.942077636719 -35.3237495422363
149.312911987305 -35.3345832824707
148.967086791992 -35.3829154968262
148.889587402344 -35.3454170227051
149.228744506836 -35.3370819091797
148.822082519531 -35.5879173278809
149.068756103516 -35.5720825195312
148.888748168945 -35.3304176330566
149.349578857422 -35.6137504577637
148.956253051758 -35.2904167175293
148.956253051758 -35.2512512207031
149.086242675781 -35.3262481689453
149.10041809082 -35.3512496948242
148.82958984375 -35.4454154968262
149.012924194336 -35.2037506103516
149.101257324219 -35.1979179382324
148.836242675781 -35.53125
149.09375 -35.3637504577637
149.008743286133 -35.2720832824707
149.257919311523 -35.3887481689453
149.101257324219 -35.5379180908203
149.232086181641 -35.341251373291
149.131256103516 -35.2470817565918
149.227920532227 -35.5420837402344
149.124588012695 -35.2737503051758
148.839584350586 -35.6579170227051
148.944580078125 -35.1312484741211
149.300415039062 -35.5212516784668
149.27458190918 -35.187084197998
143.340423583984 -34.8470840454102
143.17041015625 -34.71875
142.757919311523 -34.5995826721191
142.407089233398 -34.5654182434082
142.162078857422 -34.1662483215332
141.217910766602 -34.1354179382324
142.220413208008 -34.2095832824707
142.209579467773 -34.2745819091797
142.237075805664 -34.3304176330566
142.217910766602 -34.2862510681152
142.240417480469 -34.3220825195312
142.740417480469 -34.6037483215332
142.701248168945 -34.6354179382324
142.099578857422 -34.182918548584
142.111251831055 -34.1845817565918
142.316253662109 -34.4362487792969
142.147079467773 -36.7404174804688
142.64208984375 -36.9104156494141
142.424575805664 -37.1070823669434
142.860412597656 -36.9537506103516
142.542922973633 -37.1704177856445
142.533752441406 -37.252082824707
142.976257324219 -36.6370849609375
141.873748779297 -35.9445838928223
142.232086181641 -36.8870849609375
142.822082519531 -37.0254173278809
143.106246948242 -36.9020843505859
143.09375 -37.1645851135254
142.557083129883 -37.1070823669434
142.009582519531 -36.5595817565918
142.075424194336 -36.7854156494141
142.53791809082 -37.2904167175293
151.72541809082 -29.03125
151.273742675781 -28.9854164123535
150.730422973633 -28.7987499237061
151.092910766602 -29.3487491607666
150.896255493164 -28.6920833587646
149.874588012695 -28.6087493896484
149.349578857422 -28.642915725708
150.022079467773 -28.5129165649414
150.986251831055 -28.6912498474121
151.153747558594 -28.8054161071777
150.846252441406 -28.5712509155273
148.814590454102 -28.4304161071777
149.779586791992 -29.4362506866455
148.092086791992 -31.9087505340576
146.915420532227 -29.9204158782959
148.272918701172 -28.4295825958252
147.630416870117 -28.7820835113525
147.796249389648 -28.9670829772949
147.688751220703 -28.9079170227051
152.283752441406 -28.1645832061768
150.575424194336 -26.7987499237061
152.048751831055 -28.2145824432373
152.227081298828 -28.2287502288818
151.203750610352 -27.5337505340576
151.961242675781 -28.1179161071777
152.014587402344 -28.0345840454102
152.332077026367 -28.3545837402344
151.51042175293 -27.8687496185303
151.740417480469 -27.4704170227051
151.185409545898 -27.2254161834717
151.585418701172 -28.03125
152.315414428711 -28.3320827484131
150.605422973633 -26.7420825958252
150.344589233398 -26.8404159545898
151.348754882812 -27.6687507629395
151.758743286133 -27.9904174804688
146.878753662109 -28.9229164123535
145.409576416016 -29.0579166412354
145.686248779297 -28.1170825958252
145.969589233398 -27.2429161071777
146.585418701172 -25.7929172515869
146.098754882812 -26.4887504577637
145.832916259766 -27.6304168701172
144.787078857422 -28.689582824707
118.663749694824 -34.3354148864746
118.000419616699 -34.8862495422363
117.477912902832 -34.9112510681152
117.393753051758 -34.8270835876465
117.314582824707 -34.8670845031738
116.788749694824 -34.90625
116.615417480469 -34.7662506103516
116.187919616699 -34.7487487792969
116.27791595459 -34.3687515258789
116.45874786377 -34.3312492370605
116.016250610352 -34.4279174804688
115.97208404541 -34.5787506103516
115.89958190918 -34.5212516784668
115.78458404541 -34.3270835876465
115.796249389648 -34.4520835876465
115.46875 -34.002082824707
117.615417480469 -32.9029159545898
116.939582824707 -33.3679161071777
116.964584350586 -33.4929161071777
115.691253662109 -33.9437484741211
117.732086181641 -33.3995819091797
116.133750915527 -33.9670829772949
115.452079772949 -34.062915802002
115.768753051758 -33.9745826721191
116.401252746582 -33.8354148864746
115.054580688477 -33.942081451416
115.022087097168 -33.7962493896484
115.358749389648 -33.6845817565918
115.193748474121 -33.6837501525879
115.432914733887 -33.7062492370605
114.988746643066 -33.8629150390625
115.440414428711 -33.6545829772949
115.704582214355 -33.6487503051758
115.702919006348 -33.3529167175293
115.969581604004 -33.528751373291
115.792915344238 -33.3937492370605
115.947914123535 -33.6279182434082
116.263748168945 -33.3304176330566
116.09708404541 -33.3695831298828
116.050415039062 -33.310417175293
115.897918701172 -33.3487510681152
116.47208404541 -33.2770843505859
116.444580078125 -33.2937507629395
115.981246948242 -33.4179153442383
116.276252746582 -33.2779159545898
116.574584960938 -33.3154182434082
115.922080993652 -33.21875
116.163749694824 -33.3862495422363
115.799583435059 -33.2995834350586
115.737915039062 -33.312915802002
116.038749694824 -33.0862503051758
115.948753356934 -32.9454154968262
116.084587097168 -32.7720832824707
116.044586181641 -32.6687507629395
116.057914733887 -32.5654182434082
116.255416870117 -32.6320838928223
116.243751525879 -32.5920829772949
116.246246337891 -32.5845832824707
115.891250610352 -32.2887496948242
116.397918701172 -32.8654174804688
116.091247558594 -31.34375
116.277084350586 -31.9179172515869
116.117919921875 -31.6737499237061
116.091247558594 -32.2512512207031
115.818748474121 -30.982084274292
115.068748474121 -30.390417098999
116.611251831055 -20.8504161834717
123.648750305176 -17.732084274292
126.027084350586 -17.6729164123535
126.310417175293 -18.015417098999
126.132919311523 -18.3362503051758
126.052085876465 -16.8712501525879
125.427085876465 -17.0087509155273
127.60041809082 -17.4254169464111
128.057083129883 -17.2779159545898
128.854583740234 -17.372917175293
128.692077636719 -15.5695829391479
141.761245727539 -20.6570835113525
142.877090454102 -18.2012500762939
143.702911376953 -18.2887496948242
142.060409545898 -16.5329170227051
145.228744506836 -16.6795825958252
143.678756713867 -16.5337505340576
145.002914428711 -16.497917175293
144.890411376953 -16.562915802002
144.778747558594 -16.1079158782959
143.03791809082 -16.0420837402344
143.785415649414 -16.5462493896484
144.28791809082 -16.9829158782959
139.367080688477 -25.9079170227051
140.842910766602 -27.6995830535889
138.673751831055 -35.3229179382324
140.275421142578 -34.1787490844727
138.692077636719 -35.4437484741211
139.006256103516 -35.2087516784668
138.950424194336 -35.0395851135254
140.862075805664 -33.9854164123535
138.310409545898 -35.4829177856445
138.672912597656 -35.1004180908203
138.607086181641 -35.1395835876465
138.724578857422 -35.0812492370605
138.705413818359 -35.1279182434082
138.792083740234 -35.0195846557617
138.791244506836 -35.0220832824707
138.699584960938 -34.754581451416
139.028747558594 -34.7854156494141
138.875411987305 -34.5737495422363
138.768753051758 -34.6179161071777
139.058746337891 -34.4629173278809
139.07958984375 -34.5712509155273
138.986251831055 -34.5454177856445
138.60041809082 -33.5395851135254
138.622085571289 -33.8612518310547
135.822082519531 -34.4670829772949
136.699584960938 -35.9554176330566
137.306243896484 -35.7329177856445
137.474578857422 -35.8529167175293
133.917083740234 -23.7629165649414
131.977081298828 -14.0704164505005
130.734588623047 -13.8295831680298
131.788757324219 -13.8379163742065
131.23291015625 -13.8145837783813
131.441253662109 -14.1170835494995
131.073745727539 -12.6054162979126
130.944580078125 -12.7737503051758
130.870422363281 -12.3920831680298
130.762084960938 -12.9695835113525
131.270416259766 -12.9487495422363
131.085418701172 -13.4170837402344
131.122909545898 -13.0129165649414
131.131256103516 -12.8779163360596
-68.7629165649414 -3.43958330154419
-67.9345855712891 -3.10208344459534
-69.430419921875 -1.3970832824707
-64.7979202270508 -7.25624990463257
-64.3837509155273 -6.53958320617676
-64.2420806884766 -7.46458339691162
-64.8870849609375 -6.31958341598511
-66.852912902832 1.21541666984558
-67.5954132080078 1.07458329200745
-67.310417175293 0.372083336114883
-69.1279144287109 0.477083325386047
-68.5387496948242 0.130416661500931
-69.7854156494141 0.249583333730698
-69.3787536621094 0.209583327174187
-66.1362533569336 0.618749976158142
-62.6212501525879 0.884583353996277
-61.0362510681152 3.43708324432373
-59.814582824707 3.37625002861023
-59.8879165649414 3.56791663169861
-60.3454170227051 3.31958341598511
-60.7937507629395 4.19541645050049
-60.4704170227051 4.63124990463257
-60.528751373291 4.16874980926514
-61.439582824707 2.87124991416931
-61.122917175293 1.81958329677582
-60.2229156494141 1.1287499666214
-60.5204162597656 -0.858749985694885
-59.7037506103516 -2.69875001907349
-63.0179176330566 -7.50124979019165
-62.0420837402344 -7.95874977111816
-62.6570816040039 -7.63208341598511
-61.7670822143555 -6.35791683197021
-61.3337516784668 -7.85208320617676
-61.3037490844727 -5.81291675567627
-60.5762481689453 -7.74041652679443
-60.5787506103516 -7.70791673660278
-60.6512489318848 -7.20791673660278
-60.0245819091797 -4.89541673660278
-59.0420837402344 -6.79541683197021
-59.6812515258789 -7.10458326339722
-59.3454170227051 -2.10625004768372
-45.4670829772949 -3.66041660308838
-45.3179168701172 -5.73458337783813
-45.2429161071777 -5.50041675567627
-44.9612503051758 -5.10208320617676
-44.9279174804688 -5.41791677474976
-44.6179161071777 -4.92541646957397
-44.6054153442383 -4.57041645050049
-44.7654151916504 -4.21958351135254
-45.7954177856445 -5.14458322525024
-44.7087516784668 -6.06541681289673
-43.5854148864746 -5.70458316802979
-43.8837509155273 -5.3379168510437
-43.3679161071777 -4.86374998092651
-44.2879180908203 -3.70791673660278
-43.7029151916504 -3.57708334922791
-43.5262489318848 -3.3345832824707
-43.874584197998 -3.55541658401489
-43.9004173278809 -3.4612500667572
-43.40625 -3.20875000953674
-45.9020843505859 -9.2904167175293
-45.9254150390625 -9.11291694641113
-45.6679153442383 -8.27124977111816
-45.2579154968262 -7.56708335876465
-44.8270835876465 -7.38041687011719
-46.0354156494141 -7.534583568573
-45.3487510681152 -7.1470832824707
-44.8137512207031 -7.08208322525024
-44.2054176330566 -8.79208374023438
-43.8045845031738 -8.09791660308838
-42.9670829772949 -6.81291675567627
-41.8654174804688 -7.46708345413208
-41.7704162597656 -7.18958330154419
-42.2462501525879 -8.3554162979126
-42.6979179382324 -6.62208318710327
-42.8112487792969 -5.13458347320557
-40.9104156494141 -4.4154167175293
-41.124584197998 -4.61958312988281
-42.6970825195312 -5.20208311080933
-42.3695831298828 -3.45208334922791
-42.1804161071777 -4.409583568573
-41.2554168701172 -3.07791662216187
-40.6845817565918 -3.46458339691162
-40.8204154968262 -3.12041664123535
-40.5495834350586 -4.37708330154419
-40.562084197998 -4.34375
-40.4295845031738 -4.14458322525024
-40.3179168701172 -4.19458341598511
-40.1262512207031 -4.09625005722046
-40.3787498474121 -3.90875005722046
-40.6020851135254 -3.89208340644836
-40.3379173278809 -3.68875002861023
-40.2120819091797 -3.45541667938232
-39.8337516784668 -3.36458325386047
-39.0845832824707 -3.4079167842865
-38.7795829772949 -4.19291687011719
-38.9429168701172 -4.65708351135254
-38.8070831298828 -4.37791681289673
-38.3612518310547 -4.50041675567627
-40.1620826721191 -6.32375001907349
-39.9620819091797 -6.64541673660278
-39.6387481689453 -6.52041673660278
-39.5087509155273 -6.55708312988281
-39.499584197998 -6.534583568573
-39.2920837402344 -6.37458324432373
-39.1437492370605 -7.222083568573
-39.0087509155273 -7.68541669845581
-38.9845848083496 -7.30041646957397
-38.9579162597656 -7.01458311080933
-38.8670845031738 -6.40708351135254
-38.6337509155273 -5.89958333969116
-38.2737503051758 -5.49208354949951
-38.1979179382324 -5.22625017166138
-39.3812484741211 -5.59458351135254
-39.2920837402344 -5.20125007629395
-38.4462509155273 -5.12125015258789
-37.997917175293 -5.08291673660278
-38.2004165649414 -6.11124992370605
-38.0170822143555 -5.91874980926514
-37.6837501525879 -5.59291648864746
-37.5162506103516 -5.45208311080933
-37.3620834350586 -5.21875
-37.314582824707 -5.86708354949951
-37.2554168701172 -5.64375019073486
-37.2895851135254 -5.28875017166138
-38.3804168701172 -6.91958332061768
-37.9345817565918 -6.80208349227905
-38.4479179382324 -6.73458337783813
-38.0870819091797 -6.78541660308838
-38.3179168701172 -7.43625020980835
-37.9279174804688 -7.20458316802979
-37.7104148864746 -7.11041688919067
-37.9245834350586 -6.9629168510437
-37.7970848083496 -6.72541666030884
-37.2704162597656 -7.02124977111816
-37.4045829772949 -6.66791677474976
-37.3537483215332 -6.37541675567627
-36.7845840454102 -6.59291648864746
-37.0904159545898 -6.45458316802979
-37.1779174804688 -6.37041664123535
-36.8920822143555 -5.61625003814697
-35.3870849609375 -5.46624994277954
-35.4212493896484 -5.62958335876465
-35.5945816040039 -5.86708354949951
-35.6837501525879 -6.33708333969116
-35.3370819091797 -6.31458330154419
-35.528751373291 -6.60458326339722
-35.2204170227051 -6.44708347320557
-35.4679183959961 -7.02874994277954
-35.4020843505859 -6.8587498664856
-35.1637496948242 -6.85125017166138
-36.4337501525879 -7.3970832824707
-35.9987487792969 -7.52708339691162
-35.2329177856445 -7.14958333969116
-34.8820838928223 -7.68125009536743
-35.2329177856445 -7.75374984741211
-35.064582824707 -7.61291646957397
-35.2879180908203 -7.5220832824707
-35.1170845031738 -7.55791664123535
-36.2020835876465 -7.96208333969116
-36.0587501525879 -8.01208305358887
-35.6345825195312 -7.94291687011719
-35.4520835876465 -7.87958335876465
-35.1729164123535 -7.89458322525024
-35.2070846557617 -7.972083568573
-35.2829170227051 -8.11458301544189
-35.0395851135254 -7.99958324432373
-35.2587509155273 -8.26375007629395
-35.1570816040039 -8.28208351135254
-35.062915802002 -8.2787504196167
-36.560417175293 -8.36541652679443
-36.0104179382324 -8.30208301544189
-35.6045837402344 -8.212082862854
-35.3654174804688 -8.28041648864746
-35.4537506103516 -8.38041687011719
-35.497917175293 -8.49708366394043
-35.3054161071777 -8.63791656494141
-36.2329177856445 -8.48291683197021
-35.9154167175293 -8.49708366394043
-35.841251373291 -8.62374973297119
-35.7229156494141 -8.67875003814697
-35.5770835876465 -8.67875003814697
-35.4904174804688 -8.74791622161865
-35.7679176330566 -8.89624977111816
-35.4470825195312 -8.8412504196167
-35.2054176330566 -8.79958343505859
-35.4070816040039 -9.04791641235352
-35.5387496948242 -9.15958309173584
-36.2170829772949 -9.1679162979126
-36.0512504577637 -9.00374984741211
-36.0354156494141 -9.15458297729492
-35.9504165649414 -9.31375026702881
-35.8595848083496 -9.46708297729492
-36.0220832824707 -9.50708293914795
-36.2845840454102 -9.68541622161865
-36.3037490844727 -10.0304164886475
-46.3654174804688 -20.327917098999
-45.7154159545898 -20.1687507629395
-45.2854156494141 -19.2804164886475
-44.7937507629395 -20.1812496185303
-44.1662483215332 -20.1537494659424
-44.3054161071777 -19.9479160308838
-44.408748626709 -20.047082901001
-44.942081451416 -17.3695831298828
-43.8237495422363 -20.0245838165283
-44.1937484741211 -18.672082901001
-44.2254180908203 -18.3054161071777
-44.7129173278809 -17.59375
-44.4604148864746 -17.2095832824707
-45.0795822143555 -16.65625
-46.4729156494141 -17.2554168701172
-46.3579177856445 -16.8395824432373
-45.0704154968262 -16.3712501525879
-46.4129180908203 -15.609582901001
-45.2370834350586 -16.267915725708
-44.7662506103516 -15.4820833206177
-44.3979148864746 -15.6020832061768
-43.9304161071777 -14.7579164505005
-44.4595832824707 -14.3129167556763
-44.4112510681152 -14.2820835113525
-44.1512489318848 -14.2595834732056
-43.4412498474121 -13.2604169845581
-45.4012489318848 -13.5212497711182
-44.6379165649414 -13.3395833969116
-44.8054161071777 -12.9954166412354
-44.7470817565918 -13.0787496566772
-44.682918548584 -13.1712503433228
-44.562084197998 -13.2845830917358
-44.5687484741211 -13.4520835876465
-44.6387481689453 -13.712082862854
-44.2862510681152 -13.5562496185303
-44.1995849609375 -13.3962497711182
-43.908748626709 -13.2912502288818
-43.379581451416 -12.8695831298828
-43.2262496948242 -12.6929168701172
-42.7612495422363 -12.2454166412354
-43.2829170227051 -11.5579166412354
-45.0854148864746 -12.4304170608521
-45.966251373291 -12.8045835494995
-45.1220817565918 -12.4104166030884
-44.9529151916504 -12.4045829772949
-45.4895820617676 -12.1937503814697
-45.5495834350586 -12.2862501144409
-44.9295845031738 -12.2295837402344
-45.6079177856445 -11.8945837020874
-44.5029182434082 -11.7204170227051
-44.1554183959961 -11.6104164123535
-45.6029167175293 -11.7712497711182
-45.1970825195312 -11.0512504577637
-44.5254173278809 -11.0062503814697
-43.9487495422363 -11.2337503433228
-43.8454170227051 -11.3570833206177
-42.3429183959961 -10.984582901001
-39.8237495422363 -8.81124973297119
-39.5879173278809 -8.0912504196167
-39.8495826721191 -8.26875019073486
-39.245418548584 -8.62625026702881
-37.9720840454102 -7.86791658401489
-38.2445831298828 -7.99958324432373
-38.5304183959961 -8.17208290100098
-38.5762481689453 -8.60958290100098
-38.1670837402344 -8.52791690826416
-37.5704154968262 -8.28041648864746
-37.8270835876465 -8.91708374023438
-37.7562484741211 -9.62708377838135
-37.4437484741211 -9.75125026702881
-37.1612510681152 -9.09291648864746
-37.2462501525879 -9.37291622161865
-37.0087509155273 -9.76624965667725
-36.8229179382324 -10.2112503051758
-36.9604148864746 -10.5887498855591
-36.9129180908203 -10.5795831680298
-37.0354156494141 -10.6970834732056
-37.1904182434082 -10.6637496948242
-38.5979156494141 -10.0045833587646
-38.3262481689453 -10.0920829772949
-37.6970825195312 -10.6387500762939
-37.3470840454102 -10.9420833587646
-37.442081451416 -11.2645835876465
-37.9745826721191 -11.1929168701172
-37.5679168701172 -11.5395832061768
-40.1129150390625 -10.8445835113525
-40.4704170227051 -11.2079162597656
-40.0470848083496 -11.1820831298828
-39.6329154968262 -10.9729166030884
-39.2245826721191 -10.9979162216187
-38.8370819091797 -11.0587501525879
-38.5120849609375 -11.0970830917358
-37.8029174804688 -11.7337503433228
-38.3470840454102 -11.78125
-37.7537498474121 -12.053750038147
-37.942081451416 -12.1304168701172
-38.7920837402344 -12.3312501907349
-38.7645835876465 -12.2362499237061
-38.6420822143555 -12.3062496185303
-38.3204154968262 -12.422082901001
-38.1329154968262 -12.3762502670288
-38.067081451416 -12.5120830535889
-38.495418548584 -12.508749961853
-38.7337493896484 -12.5287504196167
-41.3220825195312 -12.8404169082642
-41.3287506103516 -12.491250038147
-41.1695823669434 -12.3729162216187
-41.2054176330566 -12.4995832443237
-41.3287506103516 -12.7562503814697
-41.064582824707 -12.9362497329712
-40.9579162597656 -12.9854164123535
-40.2137489318848 -12.7612495422363
-39.8479156494141 -12.5145835876465
-39.6979179382324 -12.4870834350586
-39.5229148864746 -12.5854167938232
-39.7879180908203 -11.4695835113525
-39.3862495422363 -11.8070831298828
-39.0454177856445 -12.2329168319702
-39.0320816040039 -13.0287504196167
-39.5037498474121 -13.2262496948242
-39.3179168701172 -13.1737499237061
-39.3229179382324 -13.2829170227051
-39.0804176330566 -13.3645830154419
-39.4779167175293 -13.6854162216187
-39.7287483215332 -13.4870834350586
-39.4904174804688 -13.6062498092651
-39.1712493896484 -13.7837495803833
-41.6062507629395 -13.21875
-41.6054153442383 -13.6529169082642
-41.4287490844727 -14.109582901001
-41.2920837402344 -14.0954170227051
-41.1370849609375 -14.609582901001
-40.9829177856445 -14.03125
-40.8970832824707 -13.8779163360596
-40.0804176330566 -13.8645830154419
-39.7037506103516 -14.1504163742065
-39.5454177856445 -14.2095832824707
-39.903751373291 -14.4370832443237
-39.4629173278809 -14.3254165649414
-39.317081451416 -14.3154163360596
-41.4520835876465 -15.4945831298828
-41.2370834350586 -15.5129165649414
-40.932918548584 -15.3395833969116
-40.6312484741211 -15.2487497329712
-40.067081451416 -15.3912496566772
-40.2320823669434 -15.241250038147
-39.5162506103516 -15.6054162979126
-39.307918548584 -15.5629167556763
-42.3095817565918 -16.6170825958252
-42.3470840454102 -16.8604164123535
-39.9829177856445 -17.187084197998
-39.6212501525879 -17.249584197998
-40.7612495422363 -17.7045841217041
-40.3354148864746 -18.5637493133545
-43.3004150390625 -20.687915802002
-43.2412490844727 -20.8470840454102
-43.0879173278809 -20.669584274292
-42.9029159545898 -20.3829174041748
-43.1820831298828 -20.3895835876465
-42.4595832824707 -20.0962505340576
-42.4779167175293 -19.7779159545898
-43.0329170227051 -19.765417098999
-43.0262489318848 -19.765417098999
-42.375415802002 -19.3287506103516
-42.4229164123535 -19.1887493133545
-41.9520835876465 -18.8829174041748
-41.9179153442383 -18.5737495422363
-40.6287498474121 -19.53125
-40.4845848083496 -20.4137496948242
-41.466251373291 -20.7470836639404
-41.9212493896484 -20.6945838928223
-41.8470840454102 -20.6862506866455
-41.6804161071777 -20.7729167938232
-41.6520843505859 -21.0287494659424
-41.4637489318848 -21.205415725708
-41.3629150390625 -21.0637493133545
-41.307918548584 -21.2220840454102
-45.0437507629395 -22.9945831298828
-45.3062515258789 -23.2387504577637
-45.1429176330566 -23.3295841217041
-45.9004173278809 -23.3687496185303
-45.90625 -23.124584197998
-45.1820831298828 -22.8112506866455
-44.9754180908203 -22.6920833587646
-44.4162483215332 -22.3854160308838
-44.2287483215332 -22.4770832061768
-44.2687492370605 -22.5854167938232
-44.0904159545898 -22.5012493133545
-43.2870826721191 -22.1629161834717
-43.1329154968262 -22.3320827484131
-42.8970832824707 -22.1987495422363
-43.0079154968262 -22.1920833587646
-43.1779174804688 -22.2987499237061
-43.504581451416 -21.5929164886475
-43.8845825195312 -21.8537502288818
-43.4445838928223 -21.859582901001
-43.374584197998 -21.9670829772949
-44.5387496948242 -22.3295841217041
-44.0904159545898 -22.1520824432373
-43.8195838928223 -22.0862503051758
-43.7104148864746 -22.2245826721191
-43.752082824707 -22.1570835113525
-43.5587501525879 -22.0829162597656
-43.0412483215332 -21.8962497711182
-42.9904174804688 -22.0345840454102
-42.6779174804688 -22.0495834350586
-42.5387496948242 -21.7670841217041
-42.3429183959961 -21.6579170227051
-43.1995849609375 -21.3054161071777
-43.247917175293 -21.3545837402344
-43.0504150390625 -21.3545837402344
-42.8620834350586 -21.3062496185303
-42.8212509155273 -21.2954158782959
-43.317081451416 -21.4970836639404
-43.1279182434082 -21.4737491607666
-42.6962509155273 -21.390417098999
-42.1804161071777 -21.5412502288818
-41.9837493896484 -21.627082824707
-42.5712509155273 -22.21875
-42.4162483215332 -22.1570835113525
-42.1362495422363 -22.0254173278809
-41.937915802002 -21.7695827484131
-42.3562507629395 -21.9520835876465
-41.9537506103516 -21.7287502288818
-41.7529182434082 -21.6445827484131
-42.3479156494141 -20.9104175567627
-42.2145843505859 -21.1504173278809
-42.0237503051758 -20.7387504577637
-41.8912506103516 -21.2062492370605
-41.6179161071777 -21.4879169464111
-41.7387504577637 -22.0854167938232
-42.4612503051758 -22.3720836639404
-42.379581451416 -22.3687496185303
-42.3362503051758 -22.4095840454102
-44.6170845031738 -22.734582901001
-44.560417175293 -22.9595832824707
-44.7612495422363 -23.2245826721191
-46.5520820617676 -18.8379173278809
-47.1062507629395 -18.2670841217041
-47.40625 -18.4912490844727
-46.5712509155273 -19.5170841217041
-47.533748626709 -15.6212501525879
-47.5095825195312 -15.5720834732056
-47.5787506103516 -15.6412496566772
-47.5970840454102 -15.6554164886475
-47.625415802002 -15.6579170227051
-49.4504165649414 -18.9412498474121
-50.6612510681152 -19.2079162597656
-45.1712493896484 -21.3420829772949
-46.1220817565918 -21.7870826721191
-47.0129165649414 -21.1345825195312
-48.2854156494141 -20.202917098999
-53.9795837402344 -25.5879173278809
-56.7004165649414 -27.5829162597656
-57.6495819091797 -25.3645839691162
-58.8495826721191 -27.4495830535889
-49.8020820617676 -28.3687496185303
-50.3012504577637 -28.4387493133545
-50.0612487792969 -28.0895824432373
-50.4429168701172 -28.1612491607666
-49.7779159545898 -27.8037490844727
-49.6287498474121 -27.830415725708
-50.1129150390625 -27.5079174041748
-50.3920822143555 -27.4854164123535
-50.7537498474121 -27.3329162597656
-51.7537498474121 -27.8787498474121
-51.8854179382324 -27.7062492370605
-51.8579177856445 -27.562084197998
-51.0754165649414 -26.8954162597656
-51.4804153442383 -27.1595840454102
-51.5270843505859 -27.3154163360596
-52.1820831298828 -26.9479160308838
-52.5229148864746 -27.1654167175293
-52.3262481689453 -26.560417175293
-52.0254173278809 -26.7720832824707
-52.750415802002 -26.7604160308838
-52.7354164123535 -26.8170833587646
-52.9012489318848 -26.7362499237061
-52.9045829772949 -26.859582901001
-53.0070838928223 -26.9245834350586
-52.9545822143555 -27.0404167175293
-53.2295837402344 -27.1737499237061
-53.0295829772949 -27.812915802002
-53.3212509155273 -27.2779159545898
-53.2954177856445 -27.0129165649414
-53.4537506103516 -26.5870838165283
-53.2862510681152 -26.6812496185303
-53.6420822143555 -27.3320827484131
-53.6670837402344 -26.7745838165283
-53.7287483215332 -27.8254165649414
-53.8804168701172 -27.3912506103516
-54.2329177856445 -27.5229167938232
-54.4620819091797 -27.672082901001
-54.5562515258789 -27.8445835113525
-54.7554168701172 -28.062915802002
-54.939582824707 -27.9295825958252
-53.7804183959961 -28.2862491607666
-53.8787498474121 -28.3704166412354
-53.9729156494141 -28.4545841217041
-54.03125 -28.3845825195312
-54.2679176330566 -28.3537502288818
-54.3304176330566 -28.3895835876465
-55.3187484741211 -28.2120838165283
-55.6445846557617 -28.1829166412354
-55.5795822143555 -28.6829166412354
-56.0329170227051 -28.5554161071777
-56.0362510681152 -28.622917175293
-56.5529174804688 -29.1187496185303
-54.0537490844727 -29.4287490844727
-54.3429183959961 -29.5562496185303
-54.6929168701172 -30.9712505340576
-54.903751373291 -30.2795829772949
-54.9170837402344 -30.2420825958252
-54.7354164123535 -29.3620834350586
-55.1945838928223 -29.687084197998
-55.4812507629395 -29.5962505340576
-55.7070846557617 -29.3087501525879
-55.5995826721191 -29.9504165649414
-55.7879180908203 -29.767915725708
-56.0529174804688 -29.3095836639404
-57.0854148864746 -29.71875
-57.0870819091797 -29.7454166412354
-56.4654159545898 -30.3845825195312
-57.9504165649414 -31.3637504577637
-54.2937507629395 -31.5337505340576
-53.3529167175293 -29.6279163360596
-53.3695831298828 -29.8004169464111
-54.312084197998 -30.3604164123535
-53.9854164123535 -30.2312507629395
-53.4170837402344 -29.9245834350586
-53.7137489318848 -30.435417175293
-53.562915802002 -30.1945838928223
-53.0154151916504 -30.0095825195312
-52.4679183959961 -29.7062492370605
-52.377082824707 -29.9962501525879
-50.4945831298828 -28.8045825958252
-50.4562492370605 -28.8679161071777
-51.4245834350586 -28.7387504577637
-51.6079177856445 -28.6770839691162
-51.8554153442383 -28.6187496185303
-51.8320846557617 -28.8487491607666
-51.8687515258789 -29.1679172515869
-51.9520835876465 -28.9120826721191
-51.9120826721191 -29.1187496185303
-52.1620826721191 -29.2162494659424
-51.187915802002 -29.3354167938232
-51.3820838928223 -29.5879173278809
-50.2087516784668 -29.6512508392334
-50.7337493896484 -29.7195835113525
-51.0445823669434 -29.6920833587646
-51.1504173278809 -29.7587509155273
-50.7370834350586 -29.8720836639404
-53.0462493896484 -30.9729175567627
-52.0520820617676 -31.0104160308838
-53.2679176330566 -31.8645839691162
-52.817081451416 -31.859582901001
-52.4762496948242 -31.7137508392334
-52.4620819091797 -31.5729160308838
-71.2987518310547 42.6470832824707
-72.1812515258789 41.7004165649414
-71.9554138183594 42.0229148864746
-72.8954162597656 42.2379150390625
-72.6037521362305 41.9887504577637
-73.4895858764648 41.6529159545898
-73.2729187011719 41.4070816040039
-73.1662521362305 41.3837509155273
-73.21875 41.1795845031738
-73.3062515258789 41.153751373291
-73.3954162597656 41.2954177856445
-73.4187469482422 41.1637496948242
-73.5112533569336 41.1754150390625
-75.7054138183594 40.8304176330566
-75.9720840454102 40.807918548584
-76.1704177856445 40.4137496948242
-76.0237503051758 40.3712501525879
-75.9787521362305 40.3695831298828
-75.9370803833008 40.3345832824707
-75.651252746582 40.2420845031738
-75.4029159545898 39.9162483215332
-75.6754150390625 39.6995849609375
-75.8020858764648 42.0362510681152
-75.8479156494141 42.2179183959961
-75.8804168701172 41.2529182434082
-78.5204162597656 40.9612503051758
-78.4570846557617 41.004581451416
-78.40625 40.9720840454102
-77.8270797729492 40.8337516784668
-77.7937469482422 40.8895835876465
-77.7854156494141 40.9320831298828
-77.786247253418 40.9437484741211
-77.6037521362305 41.0512504577637
-77.6054153442383 41.060417175293
-77.7020797729492 41.1120834350586
-77.5495834350586 41.0820846557617
-76.877082824707 40.9670829772949
-76.8270797729492 40.8345832824707
-77.0479202270508 40.8670845031738
-76.9120864868164 40.6112518310547
-78.1995849609375 40.4637489318848
-78.2337493896484 40.6837501525879
-78.1404190063477 40.6129150390625
-78.0179138183594 40.4854164123535
-78.492919921875 40.0720825195312
-77.9912490844727 40.4287490844727
-77.9254150390625 40.2137489318848
-77.5829162597656 40.6545829772949
-77.1279144287109 40.4795837402344
-77.0212478637695 40.252082824707
-76.8870849609375 40.2529182434082
-77.1545867919922 39.9804153442383
-76.276252746582 40.0504150390625
-76.367919921875 39.9462509155273
-76.3279190063477 39.90625
-76.1745834350586 39.658748626709
-76.3062515258789 39.439582824707
-76.78125 39.6904182434082
-76.78125 39.6545829772949
-76.6904144287109 39.6195831298828
-76.9554138183594 39.4529151916504
-76.6487503051758 39.2720832824707
-79.1787490844727 39.3679161071777
-79.2337493896484 38.9854164123535
-78.6537475585938 39.4479179382324
-78.0779190063477 39.1745834350586
-78.0687484741211 39.1929168701172
-78.209587097168 38.9137496948242
-77.71875 39.310417175293
-77.6154174804688 39.1912498474121
-77.536247253418 39.1687507629395
-77.6829147338867 39.0720825195312
-77.7220840454102 39.0379180908203
-77.0820846557617 39.0687484741211
-76.9645843505859 39.0329170227051
-78.5562515258789 38.1412506103516
-77.5462493896484 37.562915802002
-77.4754180908203 37.2254180908203
-78.3262481689453 36.6795845031738
-77.632080078125 36.4595832824707
-77.5320816040039 35.8937492370605
-77.5854187011719 35.2587509155273
-79.1162490844727 35.6279182434082
-80.3870849609375 35.8579177856445
-80.7154159545898 35.3329162597656
-80.540412902832 35.3220825195312
-80.1754150390625 35.1487503051758
-79.5479202270508 34.2045822143555
-82.7704162597656 33.9729156494141
-81.8270797729492 31.6554164886475
-81.314582824707 26.9337501525879
-81.8762512207031 27.2212505340576
-82.2112503051758 27.872917175293
-82.6170806884766 29.0095825195312
-82.9287490844727 29.955415725708
-82.9245834350586 29.7920837402344
-84.3837509155273 30.5545825958252
-83.7295837402344 34.7012481689453
-83.6354141235352 34.5770835876465
-85.0295867919922 30.4245834350586
-85.1645812988281 30.5345840454102
-85.8979187011719 30.4512500762939
-84.8329162597656 34.564582824707
-84.8504180908203 34.8279151916504
-84.9295806884766 34.6670837402344
-84.9412536621094 34.5770835876465
-86.9829177856445 33.7104148864746
-88.9095840454102 32.3262481689453
-88.7270812988281 30.9787502288818
-89.334587097168 32.7987518310547
-78.3862533569336 41.9637489318848
-79.1495819091797 41.8445816040039
-79.9545822143555 41.437915802002
-79.3945846557617 40.9945831298828
-79.71875 40.6145820617676
-79.9370803833008 39.0295829772949
-80.0387496948242 39.1504173278809
-79.4195861816406 39.1404151916504
-79.46875 39.127082824707
-79.4237518310547 39.4212493896484
-80.540412902832 40.6762504577637
-80.7254180908203 40.5387496948242
-80.7354202270508 40.1937484741211
-80.8087463378906 40.067081451416
-81.2595825195312 40.6729164123535
-81.3537521362305 40.841251373291
-81.3695831298828 40.749584197998
-81.2895812988281 40.2704162597656
-81.9854202270508 40.4812507629395
-81.8620834350586 40.3637504577637
-82.0004196166992 40.120418548584
-81.8495864868164 39.6445846557617
-82.0879135131836 39.3287506103516
-80.977912902832 36.6470832824707
-80.7454147338867 36.937084197998
-81.0095825195312 37.5437507629395
-80.6412506103516 37.7254180908203
-80.8045806884766 37.6412506103516
-82.8637466430664 39.2120819091797
-84.2979202270508 39.1712493896484
-84.2379150390625 39.1370849609375
-88.0229187011719 38.937915802002
-87.9754180908203 38.3862495422363
-88.2962493896484 38.6354179382324
-88.5879135131836 38.3637504577637
-88.1595840454102 38.062084197998
-84.1570816040039 36.7437515258789
-85.9070816040039 36.0870819091797
-87.0512466430664 36.3204154968262
-82.4570846557617 36.1770820617676
-83.8837509155273 35.7854156494141
-83.3979187011719 36.4254150390625
-84.5570831298828 35.9837493896484
-87.742919921875 35.9304161071777
-89.6162490844727 48.0129165649414
-92.4179153442383 46.7029151916504
-84.963752746582 42.2654151916504
-85.1970825195312 42.3245849609375
-84.477912902832 42.7279167175293
-84.180419921875 43.0154151916504
-83.53125 41.9604148864746
-84.3987503051758 41.2379150390625
-83.7129135131836 41.500415802002
-83.1570816040039 41.307918548584
-81.5470809936523 41.1354179382324
-81.2270812988281 41.71875
-78.0420837402344 42.5712509155273
-76.5054168701172 43.4520835876465
-96.2737503051758 47.8879165649414
-103.076248168945 48.9812507629395
-91.5345840454102 47.9237518310547
-93.5495834350586 48.3954162597656
-93.7070846557617 46.5412483215332
-94.8795852661133 46.6412506103516
-91.2620849609375 42.7404174804688
-90.632080078125 42.0845832824707
-88.9987487792969 42.1954154968262
-92.90625 42.062915802002
-92.6737518310547 43.062084197998
-91.2895812988281 41.4095840454102
-94.1920852661133 42.7237510681152
-94.2020797729492 42.5079154968262
-93.8062515258789 42.432918548584
-93.9962463378906 42.2529182434082
-94.377082824707 41.9887504577637
-93.9495849609375 41.5345840454102
-91.5970840454102 40.3920822143555
-91.9937515258789 39.5854148864746
-92.1287536621094 39.5237503051758
-92.1679153442383 39.435417175293
-91.4070816040039 39.6120834350586
-90.977912902832 39.0104179382324
-87.8237533569336 41.0095825195312
-88.1862487792969 41.3454170227051
-87.9412536621094 42.34375
-87.9004135131836 41.8262481689453
-87.8212509155273 41.8220825195312
-90.2804183959961 40.7087516784668
-90.3404159545898 40.4912490844727
-89.7362518310547 40.1329154968262
-89.9837493896484 40.124584197998
-89.0879135131836 38.9604148864746
-89.3562469482422 38.6129150390625
-112.091247558594 46.2112503051758
-111.420417785645 46.1470832824707
-111.889579772949 48.4270820617676
-110.258750915527 48.004581451416
-108.293746948242 48.4029159545898
-108.435417175293 44.8370819091797
-107.303749084473 44.8495826721191
-102.059585571289 47.153751373291
-102.47541809082 46.1554183959961
-101.332916259766 46.0920829772949
-104.940414428711 44.3229179382324
-96.3112487792969 42.5770835876465
-95.7929153442383 42.4829177856445
-95.9729156494141 41.9645843505859
-95.7820816040039 41.6420822143555
-95.9212493896484 41.2579154968262
-100.525413513184 41.778751373291
-95.8470840454102 40.6804161071777
-95.6454162597656 40.6020851135254
-95.4204177856445 40.0554161071777
-94.7029190063477 39.687915802002
-101.229583740234 40.1420822143555
-100.877082824707 40.2345848083496
-97.127082824707 39.3570823669434
-100.857086181641 38.7954177856445
-98.2337493896484 38.7270851135254
-97.872917175293 39.004581451416
-98.694580078125 39.4287490844727
-97.4762496948242 38.9695816040039
-97.1170806884766 38.9070816040039
-96.5945816040039 39.1029167175293
-96.6629180908203 39.8420829772949
-96.8037490844727 39.7262496948242
-96.4420852661133 39.6820831298828
-96.5712509155273 39.2379150390625
-96.305419921875 39.1979179382324
-95.8879165649414 39.2379150390625
-95.5320816040039 39.5212516784668
-94.9654159545898 38.9829177856445
-94.8170852661133 39.0295829772949
-94.5879135131836 39.1129150390625
-93.4854202270508 39.34375
-93.9429168701172 39.9270820617676
-93.6370849609375 40.0695838928223
-93.4362487792969 40.0262489318848
-93.1970825195312 38.9929161071777
-92.7454147338867 38.9812507629395
-95.2679138183594 38.6187515258789
-94.6129150390625 38.21875
-94.7029190063477 38.0087509155273
-94.9812469482422 37.8362503051758
-94.5570831298828 37.5354156494141
-94.3995819091797 37.8620834350586
-93.6845855712891 37.4429168701172
-93.8020858764648 37.4029159545898
-93.4845809936523 37.4829177856445
-93.7795867919922 37.7354164123535
-93.8745803833008 37.8337516784668
-93.8029174804688 37.870418548584
-93.3704147338867 37.6837501525879
-93.2654190063477 37.750415802002
-92.6070861816406 38.192081451416
-92.4520797729492 37.7604179382324
-92.2337493896484 37.6012496948242
-92.1829147338867 37.7929153442383
-92.0495834350586 37.6654167175293
-92.0579147338867 37.7604179382324
-91.9029159545898 37.9104156494141
-91.9762496948242 37.9295845031738
-91.819580078125 38.3887481689453
-91.4387512207031 38.7104148864746
-90.2262496948242 38.7370834350586
-90.180419921875 38.6287498474121
-90.9954147338867 38.4445838928223
-90.6379165649414 38.3920822143555
-90.5912475585938 38.504581451416
-89.8312530517578 37.9004173278809
-89.463752746582 37.2220840454102
-89.8187484741211 35.0504150390625
-93.1970825195312 37.1779174804688
-93.2037506103516 37.1495819091797
-93.3312530517578 37.187915802002
-93.3704147338867 37.1687507629395
-93.4612503051758 36.8054161071777
-90.8420867919922 37.5529174804688
-90.8379135131836 37.4945831298828
-90.7887496948242 37.3370819091797
-90.9654159545898 37.2470817565918
-90.3879165649414 36.7595825195312
-91.6679153442383 37.0570831298828
-91.3579177856445 37.153751373291
-91.0137481689453 36.9920845031738
-90.8470840454102 36.6237487792969
-90.5762481689453 36.6320838928223
-91.1995849609375 36.6487503051758
-104.822914123535 38.8162498474121
-103.64958190918 37.591251373291
-99.40625 38.2087516784668
-97.7754135131836 37.9462509155273
-97.3879165649414 37.8329162597656
-98.0137481689453 37.8629150390625
-97.0395812988281 37.0379180908203
-96.9962463378906 37.2245826721191
-98.6462478637695 36.8154182434082
-97.3087463378906 36.6720848083496
-97.2770843505859 36.812084197998
-96.7995834350586 36.34375
-102.95874786377 36.9270820617676
-100.492080688477 37.0112495422363
-98.8795852661133 36.5170822143555
-97.9145812988281 35.9520835876465
-96.9129180908203 35.9862518310547
-95.46875 37.2679176330566
-95.6987533569336 36.3070831298828
-95.4262466430664 37.9220848083496
-95.1095809936523 37.341251373291
-94.0612487792969 37.1504173278809
-94.3262481689453 37.1887512207031
-94.4345855712891 37.2587509155273
-94.5662536621094 37.245418548584
-94.9229202270508 35.9229164123535
-100.370414733887 35.935417175293
-100.519584655762 36.8229179382324
-96.2062530517578 35.2645835876465
-95.2370834350586 35.2637481689453
-95.1570816040039 34.9137496948242
-94.6520843505859 35.1662483215332
-90.6712493896484 33.8320846557617
-89.7712478637695 33.1945838928223
-90.6970825195312 32.3487510681152
-91.1095809936523 31.3254165649414
-91.2954177856445 31.2270832061768
-99.9695816040039 35.4212493896484
-99.9037475585938 35.0112495422363
-99.1037521362305 34.6387481689453
-99.3887481689453 33.7004165649414
-97.1604156494141 33.7287483215332
-98.5945816040039 35.2904167175293
-98.4429168701172 35.1437492370605
-97.8995819091797 34.9637489318848
-96.8637466430664 34.40625
-96.5629196166992 33.8204154968262
-96.6004180908203 34.3837509155273
-95.9120864868164 34.2720832824707
-95.7512512207031 34.0270843505859
-95.502082824707 33.8762512207031
-95.6054153442383 34.2487487792969
-94.9020843505859 34.0987510681152
-93.8579177856445 33.0895843505859
-94.4987487792969 32.749584197998
-90.6770858764648 30.5045833587646
-94.3995819091797 31.0254173278809
-94.0920867919922 30.3562507629395
-96.944580078125 32.9670829772949
-99.2670822143555 33.5812492370605
-97.7770843505859 32.2320823669434
-97.5670852661133 31.7862491607666
-98.0154190063477 31.0795841217041
-100.709587097168 31.4279174804688
-99.7345809936523 30.5054168701172
-96.6862487792969 28.9595832824707
-98.3837509155273 29.8604164123535
-98.1220855712891 29.7070827484131
-97.6504135131836 29.6670837402344
-97.4495849609375 29.2154159545898
-97.0129165649414 28.7937507629395
-97.772087097168 28.9204158782959
-97.3845825195312 28.6504173278809
-98.5570831298828 28.3087501525879
-99.1445846557617 28.7370834350586
-98.1779174804688 28.4287490844727
-97.8604202270508 28.0387496948242
-97.6254196166992 27.8837509155273
-104.72208404541 33.2995834350586
-104.321250915527 32.9895820617676
-104.413749694824 32.7437515258789
-104.054580688477 32.0229148864746
-106.948753356934 38.5420837402344
-107.648750305176 38.528751373291
-108.078750610352 38.752082824707
-108.450416564941 38.9837493896484
-110.162086486816 42.1929168701172
-109.692916870117 41.5454177856445
-108.52458190918 40.4520835876465
-109.234580993652 40.4095840454102
-109.178749084473 39.9795837402344
-109.407081604004 34.5845832824707
-109.488746643066 34.6037483215332
-109.447082519531 35.1820831298828
-110.255416870117 34.9012489318848
-111.567916870117 35.9262504577637
-114.539581298828 36.6429176330566
-114.904586791992 36.1220817565918
-113.608749389648 34.2320823669434
-109.295417785645 33.0495834350586
-110.110420227051 31.3804168701172
-110.499580383301 33.7987518310547
-110.921249389648 33.6195831298828
-111.71541595459 34.0729179382324
-114.419586181641 32.7612495422363
-114.632919311523 32.7312507629395
-112.039581298828 39.375415802002
-116.621246337891 33.8995819091797
-116.621246337891 33.8995819091797
-116.422080993652 33.7512512207031
-116.392082214355 33.6320838928223
-119.098747253418 39.1520843505859
-116.202079772949 40.6070823669434
-118.204582214355 40.692081451416
-117.249580383301 33.4254150390625
-117.322082519531 33.4195823669434
-121.065414428711 36.2679176330566
-121.319580078125 36.4104156494141
-121.672080993652 36.629581451416
-121.430419921875 36.8520851135254
-122.386253356934 37.3262481689453
-122.189582824707 37.4237518310547
-121.932914733887 37.3737487792969
-121.494583129883 37.0779151916504
-123.737915039062 39.4287490844727
-121.96208190918 42.1337509155273
-123.232086181641 41.8537483215332
-123.035415649414 46.7762489318848
-123.314582824707 46.939582824707
-123.889579772949 47.4579162597656
-123.58374786377 48.0554161071777
-122.327079772949 47.2087516784668
-122.048751831055 47.8320846557617
-121.246246337891 48.6729164123535
-121.398750305176 48.6054153442383
-121.429580688477 48.533748626709
-122.335418701172 48.4454154968262
-121.844581604004 48.90625
-113.756248474121 46.8995819091797
-113.931251525879 46.8779182434082
-114.127082824707 46.8695831298828
-115.08708190918 47.3012504577637
-114.584587097168 47.3670845031738
-118.765419006348 48.9812507629395
-118.216247558594 48.9845848083496
-116.252914428711 47.5720825195312
-116.092086791992 47.5320816040039
-116.219581604004 47.5487518310547
-116.322914123535 47.5554161071777
-116.188751220703 47.2754173278809
-116.492919921875 47.1762504577637
-116.977912902832 47.7029151916504
-117.448753356934 47.6595840454102
-117.841247558594 47.8362503051758
-118.982086181641 47.9654159545898
-119.618751525879 48.9845848083496
-120.177917480469 48.4737510681152
-119.985420227051 48.0779151916504
-119.867080688477 47.9462509155273
-120.302085876465 47.5237503051758
-120.618751525879 47.5837516784668
-120.424583435059 47.500415802002
-120.080413818359 47.3312492370605
-120.479583740234 46.8629150390625
-119.477912902832 46.2529182434082
-110.714584350586 43.653751373291
-112.135414123535 43.4129180908203
-111.507080078125 42.8162498474121
-115.202079772949 43.002082824707
-116.278747558594 43.6612510681152
-116.982917785645 43.8762512207031
-116.118751525879 44.9079170227051
-116.106246948242 44.1145820617676
-116.197082519531 43.9429168701172
-116.442916870117 43.9304161071777
-116.925415039062 44.0420837402344
-116.980415344238 44.2462501525879
-114.931251525879 44.2220840454102
-114.732917785645 44.2687492370605
-116.322914123535 45.750415802002
-115.512916564941 46.0870819091797
-115.58708190918 46.1504173278809
-116.257080078125 46.4779167175293
-115.621246337891 46.841251373291
-116.761253356934 46.4987487792969
-116.827079772949 46.4495849609375
-116.951248168945 46.9162483215332
-118.148750305176 46.7587509155273
-118.227912902832 46.0854148864746
-118.322914123535 45.7204170227051
-118.356246948242 45.6887512207031
-119.326248168945 45.9029159545898
-118.90625 44.4187507629395
-119.141250610352 44.8887481689453
-119.431251525879 44.814582824707
-120.007080078125 44.7945823669434
-120.408752441406 45.5870819091797
-121.210418701172 45.7570838928223
-122.470413208008 44.1262512207031
-122.972915649414 44.7079162597656
-122.459587097168 46.5954170227051
-122.616249084473 46.5104179382324
-122.914581298828 46.2745819091797
-123.586250305176 43.4312515258789
-123.556251525879 43.5870819091797
-124.058746337891 42.5787506103516
-145.532913208008 62.5212516784668
-150.601257324219 60.466251373291
-149.693756103516 62.7670822143555
-158.113754272461 61.8687515258789
-144.944580078125 64.4512481689453
-147.70458984375 64.8454132080078
-162.882919311523 61.9320831298828
-163.67707824707 67.877082824707
-159.415420532227 22.0695838928223
-158.053756713867 21.6354160308838
-106.953750610352 38.8520851135254
